38203389288
38255354008
37120455256
37159994984
38569781872
36995858888
36873190192
38588423000
38534712480
38626599264
38116117056
38637443040
39109143360
38335470128
38861422416
39171316080
39308865488
39555728432
39393222264
39553886880
39391426080
39796671264
39443742616
39859194960
39583508624
39817665720
39494715808
39510621544
39391624824
39557040592
39591348304
39541686632
39179911704
39632534288
39628987832
39520154552
39463808296
39586101312
39556514424
39492905888
39493043192
39342471840
39384762168
39305314512
39329168160
39492905464
39492753480
39850477032
39624858016
39558376976
39618294624
39512621384
39551853296
39673516264
39542384720
38984281648
39476161688
39683432896
39509493976
39591810704
39551590744
39480390656
39360312216
39359699616
39492453760
39492603176
39574444240
39574256000
39346287856
39377143704
39592966992
39377497832
39839123272
39783173680
39546748592
39741932400
39603510064
39280146272
39346481440
39697302480
39631377960
39456847256
39745898312
39602992360
39619257680
39613775408
39503083808
39503188792
39432799904
39432676048
39562696392
39563029040
39665993864
39334558680
39724285048
39663761424
39516649920
39515464752
39407169728
39271142432
39361059248
39556882664
39668327272
39362742832
39548678016
39421470512
39421399456
39534164536
39531643144
39554844280
39554864792
39422437896
39422612776
39388429864
39290340768
39559042432
39598518416
39610452832
39717644896
39636996400
39604148432
39573116752
39619822112
39652957544
39631696528
39257527872
39368493304
39389760568
39207742528
39256385256
39447682944
39447973008
39535621096
39536040856
39594832736
39691430568
39622972512
39444569048
39751296920
39615970416
39371400592
39505118032
38939795152
39393639008
39524052016
39805817264
39751661816
39401714312
39400724472
39449710496
39449942376
39466107512
39477653912
39640473984
39640634712
39585785696
39642190024
39530945584
39353456200
39612878104
39437072400
39460094928
39571650368
38918246256
39491395424
39583955360
39757405136
39547739272
39547847416
39438653216
39439635296
39527272144
39527211824
39483960312
39481890800
39513730016
39633078592
39414513680
39379474704
39736584776
39597184096
39569326416
39568425136
39560159920
39629544112
39391581584
39598992000
39652181104
39484692224
39485062016
39502135080
39502118184
39270497504
39306965056
39238156944
39283671608
39767702416
39777100376
39715398856
39807559104
39690097736
39746787472
39825224864
39642279248
39494801792
39712844048
39643013616
39733325280
39794352352
39592779328
39593179840
39507342936
39556067320
39419917112
39450112904
39690995472
39690676704
39765270368
39795601080
39741055832
39785120008
39631810264
39828438576
39750755312
39527521008
39720874832
39770501728
39683098288
39582276880
39737755488
39424528368
39423790720
39603606576
39603764976
39711457936
39711397872
39484383472
39516817352
39702377472
39959312632
39876181392
39737281264
39482560576
39659016400
39652161568
39610195840
39650400576
39654557168
39692140312
39688390936
39555911824
39556189696
39828813104
39828837600
39823043104
39823025408
39767345904
39956532248
39847666016
39797847280
39628309984
39627335056
39635801296
39769570928
39693934880
39599019440
39598987072
39791158440
39788169064
39785590752
39785573008
39869667264
39869461008
39764515152
39748274096
39770436016
39735075248
39765907448
39815477216
39772345440
39774942416
39773463248
39739728608
39826769264
39461312208
39482968960
39375190080
39424017624
39606676688
39606729744
39706045376
39705989344
39848643968
39862634128
39812531872
39747195168
39867422016
39795038672
39574570304
39731071456
39723788832
39589563952
39588778208
39787454672
39787705616
39831394104
39843552600
39850369776
39850261632
39786307504
39839031536
39768609008
39792692112
39861240032
39838564304
39685478288
39731463984
39628914160
39628713456
39778204144
39778475872
39794573856
39794593264
39815678136
39813884392
39577932720
39581948720
39776941408
39697086000
39745671072
39808502880
39810591504
39790857824
39751247408
39845790432
39787010992
39617898720
39617948112
39663159792
39663296528
39463903440
39499318888
39405461984
39451008624
39597663232
39558787632
39705862304
39829557344
39822525248
39806549776
39377614232
39339890704
39367451216
39390573752
39386180632
39324787728
39315406032
39648001920
39558843616
39680646048
39806799232
39822524720
39758098416
39219573248
39504123200
39486978592
39490214080
39471546016
39527250096
39537256112
39739991328
39543920544
39582162176
39897656080
39820026944
39778779696
39414080528
39217164416
39261743072
39234400704
39310765536
39739777056
39543742832
39556973328
39897740496
39819935536
39803204624
39354434384
39407948336
39402369728
39405586688
39395961232
39644043904
39432545952
39618510832
39902306688
39681371168
39683916944
39360163392
39054995208
39130054184
39643667472
39432468464
39618842480
39902360608
39681453440
39684072560
39423797712
39312597472
39351243472
39621789248
39456532448
39410015040
39862662928
39659785536
39676309728
39253428872
39611814400
39457043360
39409752720
39852520912
39659928944
39675936400
39348361696
