109,9670692422379556617965846733438186965240032992762242226269360266262791578954810046769356043745241439850668903005752724093075949491129441674361388100363717368194282476103356173882626499602646006278456371816300783759593633231588674288949942152443322873061344018432
110,-18626765159314424953620998248443509317218929115670429349130903527092195132930544392732672
441,80551649986567780633165260870682067843767093296093841241793517028481493634597678863229868456629858503003305225217516005518509428284745398423699113203785036480893508179168000380623216682629073891903288664905929125615176176979510537344484638720
619,-64624173669503690657782856859117542501951201227066867534655845255183211614983549525316650228924909148221602531545348688752952954773610939082080256
620,-118260672801982905439545600289003136196112387377986354281438810593658666668944343058366646443672294697181864555958379961692932040834559753142140928
637,-251675128241497942054813040640
645,-1148252827534285057195555171749981414760640919457662426631660674606102079965251258354179450095007839374606063351387101670192070355828335805921647078190066244703678967977085050490426319608080228472610650861049257675865456640
1285,75575911597849897034761230404383780264401499579922210709581569063550078405556143985246115391741479894947933958906887675255201513323970128134649961081321324073533545829610184809390123621843402532721786880
1286,2274654055250922187634842410813517254160999096998957114063012709428911603530090742847256381477930513240352060019598311157423891820396855046484027399262560572365683844292615175702897057641937095233105649801247979829672504433212319110429003181157603081516644966118402024427435552731666375443577044992
1287,-754086880795151234509151389744970455575846402906662014274224240624561915097750521094591544523556195921254440226903368992998922686773359831398791086848053224736933636676587191821416251864730036534232492584630572116019284225182139763435121977420998066639717515402182069173804551017669038887965190844584
1288,-12168967156634163827520423642758965800743545233524310663720883811141110905651991747407482440764646874631891628978281268255082752602061301917882587809032770368101451656074525612411584675113665864609323277428745388362566649248
