74,-13189174553385777662302059223594534496084594677738351405311129192629465916355654283742156232571952369960357725778575463595910915736786680837661577108305063858333561338473081880184124882685894644866863319942458503170786177999591505364474890340169882325197711579729135455870575204740842166024258745008128
76,-81039383344709795093951331947836832948892694805723478505400541494607143578045213212150783840188065721072601603314136090440368128
81,-178369671019423926597691826184605917270773041119946372879769435497852538782805364314549909805334189843068376012417965443233169750448052960270289300062734475339384762271484316797418602496
85,-1437963989299273364750687375034808544328196417154227441440820586515718762560400014130769517346294287624285946216956607672204100354883461810292142886934189488586400028319443721418467596387465362137453191677693426967955188504110406377557710602240
94,6464099487257911779314737655244576638623545783571674107831651467753615028765036214994142727213226213105772954048883377539614103261580858482760407540853041615883324178915179078940903946776748386925071215583194095656575075999459761922556862824123513450173841640680268435669093711872
96,-676584563528742579941651743272243206258073769345024
97,-144371703705686295387924017344848149655250131175895690389771334339893575510413699707556429143224539084978262534132752341188739072
100,2852178384498050871179922943705086809024000293168010653586760215543157715429598662495628224799214287373368429366725337932778964074330876510819629540736451486265534734069347109983452517457451802821993799253692246262258221652639414027269741583700026560766226805840092905629663167541169778492530283773952
101,-96380792701503128079308038156042582677016529450851788695848165194025572480807942542831647096727547062770896935069012818989288349641998595914128822004061454948379564811613843549805977258265568815585421273279488869867585008866219092145944897999417271865443200068247053689220191951504
103,-83506512856859503325883538030654786218290543277192685056207825969857282037210271742689280
105,30410838599609507012542910103204219695697080678206174721317807785214966021985735622524928
188,-10149158080712682171470378042295936206673885838644519902201697868574555677414658771234768673955815263324798726629140472040913648541528108220701910765670348800356723535490042129981186874629216116221623918232312790695152064400965373183631428456789447823989163320565604059282254993227234877258067030835200
189,2147122611548330373452837387663214928574164170762125133154097760056086543536388100257631149111291061277629413228224390258390675571707843324246858046864201258462874411901105233750009258177048263269852966995311976322372984468167576096025712110537339670130523035352057683727244419251036063433003990624176
190,404820793560999759735879716842319182382614344850658257564083566234763365969841466553791565063340811291433484727665651055894248641785542172164395452197500337793942402624518364619512138156840884748864667808
