0,-389731006859348173184853168205438877899677542421354490342075252887224530834946051931111424
1,-95930600546996408481054550383623416496858474231147928214339576343196457668319125765662746716173643757442239394848059592962086006435038245379974452480516328256357996370562915249202809958316380298233308346772060975204023549029644313451045060608
5,950825794071459754699523686091187530505565491204941483946217703010582550600530440298409594710401244641522455012402122522880956587738780545704363613424760594242451047643848913740420335036459239244265918863720929505393326954071429938251328129290348497129467277033550792821645386973184
7,-65282618429870733430260794155935468145866249863168
30,6464099487257911779314737655244576638623545783571674107831651467753615028757968632201666641821348740237196929370610621074163715160866880918444173813803782715730153052328032053558931784320905237646617600853272413566399914888792769956163563106696451841781547973552558992084674019328
41,12238103488
74,258974711688508360787473616388150496861282147839515080848056144492262293061326497562457493802837865845577411466285921474937687643203536182557579162040766729028773847053233957426936783562167368953422604889046424260524430435642025427998826082795628063739972582821423478429024853688320
94,-3124569808379628310649067714563044928902175496031969777369590018168622677499109416962559751908959432292900420919805720398841053078861025641322950944384071059350320205570020145460607449621930374027580380334239269934738045528949925605990156853659712878229563172333530793481181236479427026067494583402496
95,-4160144863665179384985072565112348206610556774367330276687114843904683483593595426801563507182430189758048080691995861017204231127086519606925549609336934316751824151517215889963645076965572845989089732028445054492143505144
375,2098274644200742681922543647842010218688325822673283128433532849870741756711780018299773282883712692321421097430002694837563088470301318544513901646971802670626314694210958835799719693452256016922595656753127550659135098203156107799838876579758839687552249417998530148859566358528
386,96341406400
419,-1292468345144613698906719495488360500828661674637618913023712685362122331711773317508806056507978021021051873862768202719970201127453401439564524069519709497482444621816672052806751578409220952287292117304770714133402980813179100504817408996205802992505077104640
438,4553007594564259498459608964503077795068988618119405083118025997541190087429796721375192121345130919959943970082276040628826272831990471596995924495079956755416996055161626755589413196019985836381530709526326203465686113395121657947374396456217006487639154937768955959684638225925804854344875180556288
439,343966428219964347525593440881854736849716662962657294760007749597654770158956160581165642759258751863808742119865044628700625738561158843409858410174297890336294414911419020129981862295135505732872299339531014288702269962777106186896213020369807548093798505318033828858013301364532926746343374128752
833,-6410634074896054575566329423526247084843696945241289194899365037424506459628465374413793740033727447148342956594613429714550784
1018,110824137725793703425556604376279876352186768947894026733551483553093641925602748913997756413100657966317568
1019,31758220872404059594778112566587543866431627606132508386311499553813879886656413634658304
1260,-122004839262260069541099017797785904376213649256415101668831220525405040221604953986640340675520558253774957544393602532929576670529909625236488192
