95,23712665135362421109194809123172822902776258470723982904662789221888644223812083074529586038565337741537820563491133527622696327419042003034963741827500102582018954117958731721524060703411724626048597952328068687525161100404667678672191035343583121894712826980555333669518940445784885680410575738241024
100,1648621262117271750979558314847740536976834554631787002731798667984896
117,103234565913523331796230505234432
136,12238103488
137,-18145940034764424125059012231800462001289578177391560276668029875951268597769647959603096182177247024764383956672423913835575009352191510993228663569362906700171968512
139,-5556260671359039370608170087656768640058758403311606547340948541010620340864845643310181828147055529132798434367015715549376064787475116155821444633979672717048433963106699709781015518299798680552027907703632563130549489279500608339682525316085547138614899233684044626718109858054050615722785514717184
140,101175319347817196052018086487328935082931776950400
157,-9669490502399534687768566780574161743409370860871547843137513966922343432009148288921719464555216860981676813441583245046569726871498329100044993702511937303546429440
160,-36493849547459406468685486195926958105595985332431714905028264657342386308671694152530178751101049407986089872326463110871252992
163,-238153796129272937047282213816215822553617813898150081197022496453912715450119098768293888
181,2405051422677963563042828227752998892078569747872641171735908933602935942335736557319274134538729911793928061502793517993789943938197452002267231149545324643516531181375539572900159018431625062631010908573478076038649147812015373641409835827200
190,-888313731314733138584490187435887284739659183131603839939765268876759839016395762349226923815231263514970750489111796438067710908497799857988294396416100940128089977238896984351444592620939264798330501487235332283240391435168549694796413484740935256394849908359090075451539287928426817953516480364544
191,1540166263379654606566552255877214978907403784440175257375284176362362265015907860718484311735772359984876630152232053059225994308817516053948999378763570599875091326541992613672417310087262921967684032226285264681349305562366505119033434056918453198657984503309913240213526771197851308857968710695408
192,-888236055626723922174573896637275217091231989381254590717511242923006169352821704577166390155147937630861668536952143868364208912142558219300301873543168978756153152284502650271840094083102757122317308108185073065132271326673914757641216822976614343226486629330624565166053871030799785104172086388592
