22,3115394785404918554370417470211100699355569107815238250555234451907443742063680280340373342058110604283886569241292195452677090514697679816483284720616840609049950498504434109334883348062641882963631487201628204239375014350494961931959447476271520233385057320960
23,-86365391024656027767475552702458301804060137845070956373686701939757007029881943180881948944316587521623680404494968441291145216
24,-40433480902387793537398541910016
136,61038353849372825882266426687518440714086626626098131272768292171514698872760102125926361800614212572719422211153854427962540032
142,407732518658199203636789594987146187775579776244671478504005054108100329982108410770905397234504939338749370055079200566345084608496801918956712485472969316994575010570784833298673887296838470264956627048674656800487378316652888600755283427328
200,-651287942988934391692910631496583112953177719582763808099370725845853602547528505416626359777650072636039462260853580230119860316453157405522417413794301426116652897018090567316773489264193299282983224129994309626905178100124678206217593384747700019201526731611749012974802490846788443682003996377088
201,864824702772096511748058060932906871542141841600207206304896786422550541516316532310691409317472044785161377976635324953233745155428463027930931528461391251124500506500317959501167342384051509249559744770812096286065642331420000326243935188097376139022135288785763773511471873369213229328366604939824
202,-6764484477570563873976071682152747382994504388062123985267251691503566411755330138133629516637521942346734383026293251716991380192467998046557567865623685160230729127316945303675874611247334726516998491911473454705317571412252254863863347644775487297376605558774559842389903224473537381997751717760112
203,7390137282629509198523226524297698099170333628693852269266717145203796128539203288194962050200158737427091813091834041782036052740703637903495847971781186611404100209473058335522322864541047473432765758392631665374781399366537133547908955647568381180646351679945627581056719526618673316183398095542672
204,-6075037158804171151563587864519328067573688873365839680070407210396048
