0,1920289567192
2,-22214859199202131128961134801851271062017697011187131005387485750758635607005102228897792
5,15822732387086349296022533172675026587434068714846999317857608969869082928582423020348246976223294538076251083475343201320073407924025929404069441890657406382698649682522733239354534004368211638474296549018829213963900222507945123178053802188331777362529796227072
6,145851914138187124743340867700498832308733981138578285821650545924403613585137534851269127704150367412033266948869510944031425778356858709024081367721534725413032001106523274794984552639824356800062593326286564317712569601062831934999923493123429432947785331166358986176519955098615945177336813453312
7,3927266227256086730446314830792
441,-1275648449800129342985966146467984198047409480806489165511535497027643973324603454259292838221415019207138477153730217839896764110524577472665534330486206990894995337976404869373055931872488453875938885632
447,-2052718455544347288110701229785930914431407500035771446450341550227456
449,144895220933081595614035178199442074492044332282497445084868568297551675605227659470176772917209762211931591575315396695924170975592142872819078607744479670769313976699076463477177975403615916792474495487297100906178505138290889745432105187305501840353099868297498230599539610353664
579,1707655272853887179565600301102464506137631086823125458657909247290374663350764706877306076800608272819824315533314899601874262555402780142590539762782288363892041552424252103257493012572524338724664503499009313023936379727283114068589449216264455062608464798764477806549047545534700589700290980085760
580,473245362528778934567812828856351506207529969054399766220888600264836507345196288673251895750964667653376460093282838423769144150025249435463232945083916975034260848
1260,-75641964212926202585081803010850052776818505892215843670411363706270151434890310570747989903262529131523287163257128510739303779782472796690981582025009375978406822354057864156950413396510516249113639884222297493592612136617591020891806892032
1283,-3186882540632167654039231208414316477367811140930673026956325353335565984103564827525752367583987712861756702948278073107407935137248999846824204938060736387439864005997515663220347552660984896604358566127187894580018010945591330262796874365518911925185442097613971851058294394661650208046035836600320
1284,-474799583685918347096612319444133243260984268262074266439987239128843117144206976465315283726846336385179293561399238962331929205150036093938388053899024251445402095191256485126172970829154873506064905155024218491866150511752418493035141091355427062558706953167138039443320496754744987723691210210824
1285,2905232094989560615921586812677528041543515209211254218585339341451498649456886010133136
