4,-15775668935852072798493116091916958815922610707197102820276292041209311720285250418344231534748196488957889879808487354665156002890349133309572765842895559666510901860995508406644113408
5,-602182187129651499398820387539040364539711987183249257781903749285634326628140229329614495715167405504708264795153127203269970472068298811945585942198997536262142391641231983406361040909756614272565455395049751937836289604569517066463927727180680690775931881203199951759197974169015754318055529775104
12,-139444931230682466648951441425182909228633795680026043628718456095241582488434463368220350499650021041929823761719473180219869028952918805689925632
420,2016929368317823152822318792704
447,467201348296
985,-80880940504843702484308876370189110924154180610246376040845706125831830596885059065147051305965142462901030361100749850648454681932401099825833021475665324478976980098373167029566832640
1001,-190508366377215977400898640802752998711195768717312
1019,513253034694098600856284180671914961668073680533503040886386198616325853307088237771210171634887185628201087200008268342446315845067798602573478537897105543982241753633285170535298758419958713461205557077302927518204174534340999990585958696626987839173852718989648214973502602540358420367989324906496
1020,-12626427406978624939228074016113225394956478427666801425180835713067559598943379466185465224500465640336182536169754095974004080
1274,14781068592394789004537567180473896519808902494607522192200578115066193710773169367939080710568057267579469720449411430384551562869166613411949013381497154916545013704369149845260874067180561501418847388601272211306916900249216158622515418553139911028032371106501690374768300170154040348611969024
1275,26079536177173256152501805923324116145281621829937118190080222961748784067668915378680588282441139057787125992784965200176296015300293797067413095544151163232956988698944749052410682067406239389624343947385230800854488439669944261698184827544096940926535748346533795984918970840852489643608114200576
1276,-22248033026804131088925841539611424268357819481907002908089175299798605126546971747473630849907657187478208
