120,6464099487257911779314737655244576638623545783571674107831651467753615028757968632201666641821348740237196929370610621074163715160866880918444173813803782715730153052328032053558931784320905237646617600853272413566399914888792769956163563106696451841781547973552558992084674019328
142,1198222713261148375048694427267031943868503570231663705272884430311384782686888179377551040182828354175343123463734936153654375333249794042012736936547646061866774326373177659109952002499366745860380557312
144,-178369043045555943146836175479056019630202143499248123539591212585260997826696092227827311715121233272166665947005995129743772236440682312129190571448521320151481221773384725320590950400
145,-9071519826866005241351628738402037841664587279682502713451178590312350051488762559538234910732175436132307728770181532031898337409185546009401880481080236688418836569869413092722314633035746450532124852224
179,69685733662528321543310296287833169252339367084080798777959749393495501436946242078333722316101417383751822272406327879709758373553729189934150823392865129389685319845235094223811022564063128197153184943635274737329451803499350122861415078031509939756667720695808
181,-38758957478765283763710290801192963154109816690699754943540258418808664221045063440397842374710971811770352528824921356990116519668030851658634805272575862891630750824877992724766377953502215117378818744328781324471074352259194276224408070099679033401574783188992
197,-1777911816585881633300647976953964355768276294383662865785690491922108896552544025320420799655793612752244475826133129593974353065469894878931159627637089118409279759730672272007825902884006741064609752638660399347197145830358233404106784725753762299583847149859783338847062497635967689818875085836568
198,-888414586115174701813378180439696035527730697316143229021108705610114971706889078305568845323043569891393064071314083300431469481114193373224700025526355209864080503060661730775976770047181225073339940314468271352768535549770617565186450484209270251380681214393215914723675307746737954815902391766680
199,-5556246208923233892824892105819077676771748126381615738490739510529000010199843648653724709503203345576455970050463895885068988213762776207947268961544169598315674013788445553740612229606328827033430749340480184156744547318548835429272354668407732575735397540072595709164749919749854302192796263561024
200,54494755172994029195574056999504713926425185123397892121738009136019011972629894331353137266270179525059703832531275766573248503560863093727342180598830496554058122975541257078933437032
