0,-2070633304033609566575115010504267192702842950230968356326040042396754464760957496593895270230885195310184476436999398095067822146072878983380299071996118071664189561315188846129919347913395134699959629287407536630051982646553203980796832414051246706387559323718399980137189728118667330405057937417016
1,-28011222225828873094145143713781137219447569436807874552837332299434534185283180349539099401249905428994788004225149450769002328715120373298054301894467908725771690488
6,19383257255439446795534246144785150822298684571174942813228505008963584
8,88434928596997125644275977643615497982110746147382763658047902503793337255071672266688701682472271697288074745618426776244567651174088226813580237702561191937961543318060170270501915717041210918919669718141967092928410804902918432417965278638250065280170400415744
12,30092846821470369670640299286565537456783029133747367111326283870230990532905750036179669870735609572196265569330061077386796389024568508423240718444793113363035733150130148231581134587019574198533714551577138010290588538052505094501367763665812206305333815359790168402108491767265964216013202080661504
13,1834789746535862027110620478056923122592184044406983238164767119677472688201853958620777054177667687295965483928272381644831034161998997974471439123331675590587685720718044904282482090936
22,3115394785404918554370417470211100699355569107815238250555234451907443742063680280340373342058110604283886569241292195452677090514697679816483284720616840609049950498504434109334883348062641882963631487201628204239375014350494961931959447476271520233385057320960
23,-86365391024656027767475552702458301804060137845070956373686701939757007029881943180881948944316587521623680404494968441291145216
24,-3402976514242341570768268894697426628601696316552537239101484821831885575542605677178749441203456878785309609884340152764113012247016219145809535213344148337384395493189025340147202688007201725782234320959376823877313079384372683193314835431424
25,496308048695995184267838436914455303927970040660916089742875665262910303578939762182346833365729096371530725470253774446103905324873210176308269059405470886766710234608996595044301862009265813859059258656
60,-135351582688294233056477184
74,-13189174553385777662302059223594534496084594677738351405311129192629465916355654283742156232571952369960357725778575463595910915736786680837661577108305063858333561338473081880184124882685894644866863319942458503170786177999591505364474890340169882325197711579729135455870575204740842166024258745008128
76,-81039383344709795093951331947836832948892694805723478505400541494607143578045213212150783840188065721072601603314136090440368128
81,-178369671019423926597691826184605917270773041119946372879769435497852538782805364314549909805334189843068376012417965443233169750448052960270289300062734476181936781869299011641367592960
85,-1437963989299273364750687375034808544328196417154227441440820586515718762560400014130769517346294287624285946216956607672204100354883461810292142886934189488586400028319443721418467596387465362137453191677693426967955188504110406377557710602240
94,6464099487257911779314737655244576638623545783571674107831651467753615028765036214994142727213226213105772954048883377539614103261580858482760407540853041615883324178915179078940903946776748386925071215583194095656575075999459761922556862824123513450173841640680268435669093711872
95,23712665135362421109194809123172822902776258470723982904662789221888644223812083074529586038565337741537820563491133527622696327419042003034963741827500102582018954117958731721524060703411724626048597952328068687525161100404667678672191035343583121894712826980555333669518940445784885680410575738241024
96,-676584563528742579941651743272243206258073769345024
97,-144371703705686295387924017344848149655250131175895690389771334339893575510413699707556429143224539084978262534132752341188739072
100,2852178384498050871179922943705086809024000293168010653586760215543157715429598662495628224799214287373368429366725337932778964074330876510819629540736451486265534734069347109983452517457451802821993799253692246262258221652639414028918362845817298311745785120687833442606497722172956781224328951758848
101,-96380792701503128079308038156042582677016529450851788695848165194025572480807942542831647096727547062770896935069012818989288349641998595914128822004061454948379564811613843549805977258265568815585421273279488869867585008866219092145944897999417271865443200068247053689220191951504
103,-83506512856859503325883538030654786218290543277192685056207825969857282037210271742689280
105,30410838599609507012542910103204219695697080678206174721317807785214966021985735622524928
117,103234565913523331796230505234432
120,6464099487257911779314737655244576638623545783571674107831651467753615028757968632201666641821348740237196929370610621074163715160866880918444173813803782715730153052328032053558931784320905237646617600853272413566399914888792769956163563106696451841781547973552558992084674019328
136,61038353849372825882266426687518440714086626626098131272768292171514698872760102125926361800614212572719422211153854440200643520
137,-18145940034764424125059012231800462001289578177391560276668029875951268597769647959603096182177247024764383956672423913835575009352191510993228663569362906700171968512
139,-5556260671359039370608170087656768640058758403311606547340948541010620340864845643310181828147055529132798434367015715549376064787475116155821444633979672717048433963106699709781015518299798680552027907703632563130549489279500608339682525316085547138614899233684044626718109858054050615722785514717184
140,101175319347817196052018086487328935082931776950400
142,407732518658199203636789594987146187776777998957932626879053748535367361925976914341137060939777823769060754837766088745722635648679630273132055608936704253148229385904034627340686624233386116326823401375047834459597330319152255346615663984640
144,-178369043045555943146836175479056019630202143499248123539591212585260997826696092227827311715121233272166665947005995129743772236440682312129190571448521320151481221773384725320590950400
145,-9071519826866005241351628738402037841664587279682502713451178590312350051488762559538234910732175436132307728770181532031898337409185546009401880481080236688418836569869413092722314633035746450532124852224
156,-24131618967293346619474554380711603091049258209341933609001966238391033558670303905851186171368696379118685014115288208831405905710527798432528768313272239890436831139022904773084815073328455645145783235060912710989876548457379304572836471540303976872052251686632470099401396715520
157,-9669490502399534687768566780574161743409370860871547843137513966922343432009148288921719464555216860981676813441583245046569726871498329100044993702511937303546429440
160,-36493849547459406468685486195926958105595985332431714905028264657342386308671694152530178751101049407986089872326463110871252992
163,-238153796129272937047282213816215822553617813898150081197022496453912715450119098768293888
179,69685733662528321543310296287833169252339367084080798777959749393495501436946242078333722316101417383751822272406327879709758373553729189934150823392865129389685319845235094223811022564063128197153184943635274737329451803499350122861415078031509939756667720695808
181,-38758957478765283761305239378514999591066988462946756051461688670936023049309154506794906432375235254451078394286191445196188458165237333664844861334378410889363519675332668081249846772126675544478659725897156261840063443685716200185758922287663659760164947361792
187,-7134432790802806765962452909382605525702900994894969342111432500123539475852899766958377672448292310021366683997238845977942176147667577854643769186193545892617039964541652793189298253651017184319914176950380504209529895096615675951605796469639188722084039325591273926293186502839111304412491268751360
188,-10149158080712682171470378042295936206673885838644519902201697868574555677414658771234768673955815263324798726629140472040913648541528122184115910817799418229791444147592791883757513500062840740780115599183398479203123982133603901895705169889167776747747015477535784288639314806544315480773647213135048
189,2147122611548330373452837387663214928574164170762125133154097760056086543536388100257631149111291061277629413228224390258390675571707843324246858046864201258462874411901105233750009258177048263269852966995311976322372984468167576096025712110537339670130523035352057683727244419251036063433003990624176
190,-888313731314733138584490187435887284739659183131603839939765268876759839016395762349226923815230858694177189489352060558350868589315417243643443738158536856561855213872927142884890801055875923987039068002507666632184497186526764152624249089288737756057055965956465557086919775790269977068767615696736
191,1540166263379654606566552255877214978907403784440175257375284176362362265015907860718484311735772359984876630152232053059225994308817516053948999378763570599875091326541992613672417310087262921967684032226285264681349305562366505119033434056918453198657984503309913240213526771197851308857968710695408
192,-888236055626723922174573896637275217091231989381254590717511242923006169352821704577166390155147937630861668536952143868364208912142558219300301873543168978756153152284502650271840094083102757122317308108185073065132271326673914757641216822976614343226486629330624565166053871030799785104172086388592
193,-15077823110998374428394116616035960762788277969755211255752208676727752028135485925806332584679187439070436288886999967750049823100459094716655556068896391550427882823540161123192623470959650546507242715035665611216677084279714143310154787747715693609553243430120589322094824123652981195582310202328160
194,-75901261234020671643307011507990713547709809495222780526159508805020691425306730774316539224371294454105637507455183040033297397243393191012901711890239532621227874242664052233946802257975843567626437022809007882967930145306055827406572233127414040722278263200094063030901940264513489908484751072
195,-13189019042654384514643433791782136252879668692933807372162207156226804345250460503710957550809883070688730647912718382027391158479682259992723035188953385710250401480755305052636509865886123682517353593483255530959199206991539280156203817269205926379154345487791478914571449154747155407516565610933680
196,2147160248808630033252489614622315146897043638163231639333271269528603826884941147856593414998876711252331516902831770423777278927191959311015649796558660026593505466148584516967453284055550784396838883463154707906083125204813935758160027443904300617802552568579095153478286519709764474163724355192536
197,-1777911816585881633300647976953964355768276294383662865785690491922108896552544025320420799655793612752244475826133129593974353065469894878931159627637089118409279759730672272007825902884006741064609752638660399347197145830358233404106784725753762299583847149859783338847062497635967689818875085836568
198,-888414586115174701813378180439696035527730697316143229021108705610114971706889078305568845323043569891393064071314083300431469481114193373224700025526355209864080503060661730775976770047181225073339940314468271352768535549770617565186450484209270251380681214393215914723675307746737954815902391766680
199,-5556246208923233892824892105819077676771748126381615738490739510529000010199843648653724709503203345576455970050463895885068988213762776207947268961544169598315674013788445553740612229606328827033430749340480184156744547318548835429272354668407732575735397540072595709164749919749854302192796263561024
200,-651287942988934391692910631496583112953177719582763808099370725845853602547528505416626359777650072636039462260853525735364687322423961831465417909080375000931529499125968829307637470252220669388651870992728039447380118396292146930451020136244139156107799389431150182478248432723812902424925062940056
201,864824702772096511748058060932906871542141841600207206304896786422550541516316532310691409317472044785161377976635324953233745155428463027930931528461391251124500506500317959501167342384051509249559744770812096286065642331420000326243935188097376139022135288785763773511471873369213229328366604939824
202,-6764484477570563873976071682152747382994504388062123985267251691503566411755330138133629516637521942346734383026293251716991380192467998046557567865623685160230729127316945303675874611247334726516998491911473454705317571412252254863863347644775487297376605558774559842389903224473537381997751717760112
203,7390137282629509198523226524297698099170333628693852269266717145203796128539203288194962050200158737427091813091834041782036052740703637903495847971781186611404100209473058335522322864541047473432765758392631665374781399366537133547908955647568381180646351679945627581056719526618673316183398095542672
204,-2289134995770495099630812813609458196791345401936468802100689588064040906454813249419682178538796310543003419787301359430860536012593166029789426357366380379779874632668938974803454283138482368557180902799987432961826901364260792752379026199978240358116987502817269931565003369800635076152649897470352
205,-9731020796657365507299180576398161327087408047323025964401753976991405841053475208523790988672719463813457052776451132703956813819931424662487048801156247766866717931136545321888330984400303630177915724390236989796322487781045041770172525238984012285117459439450291047085546530237227076538900308934368
206,7765158722787421396665378137587986988298589569394463201550450176541280201310796843096675872059177170976432417791322060880776264644347068732280114126218369324537414744
