6,588622691160200681794702055920077768106938755686554945641536995743858478685892241041973355834438691089022976
17,-139442826637175364850193152673926921964432375199905953629032916387984286183427602347543850887110273108120145689164611285825950650438380680294432768
446,16035898637891267508864787810632829158066894143488
579,-716030431119581920632135124461811329050431851858354101767263661254755347376225131447171892236333766051746244720224130498743051366850613803107330990320185048435949644183968825515113531658020615924372795285486836178152038694848315142726473482240
1025,-96396693023789993140046226152147654069094171449072812879924794525667848395616705137210386662901396893859840
1026,4366693361381798670348795821151477197972705086152920081940981199470485796757614108396737834160870190100427433140287862691422808816063565156735941331538083690944985648070890548205849412626437621240063167530258328022918627328
1280,-2724758081346045873431583635844135047145278441976617180205741423516896203010821012285112710386661724577107448923629323609281746646433187196382841292941576107094134858616678479680421044430564298681455508085842390933807500532132088391612732293687696227123526960479906481989291856977826598864942241153024
1281,-13693650721733928553649598112017774011576294048945211414484626725738429486238462936735451528178952462808432557589016154127797538916415139275390409036600420453286045914977966368923005820424279292168623631480093113769521883216
1282,431454523141273747151845089144770258637014229582510490672589655456049807316429513335167685452942904217028376763652042069654540341726567119205622626403780492776188361490583598129344099376528339997101717106809477379568222084276976008809428011634023522857572067595503823977084101778502479715335313293312
1283,-5169628097794703215775412349950368133776468534671943801400639942231651073056018542626078649932815339662501661781181238115604681382291993094892934532216218989182580396399291212385357545918956335708528568700122475020834140040
