0,1920289567192
4,-3365782666384
28,-61790326968
36,-191851268472
73,-63783784128
93,552490850632
94,1799802454944
95,-61791973704
96,275571428304
97,571795457808
98,552488437912
99,-61790326968
100,552490850632
101,275574093504
102,-61791973704
103,-63783374512
104,-124833536576
105,552488437912
106,14968777856
107,14968777856
108,-296499156864
109,-296499156864
110,14966363728
111,14966363728
112,212897528776
113,212897528776
114,-191848372928
199,-191851268472
279,-191848372928
494,12235787248
656,12238103488
1198,490208958120
1512,-320615896880
1513,560016
1514,12238103488
1515,97719404408
1516,-7722063408
1517,-320618213120
1518,12235787248
1519,-320622794168
1520,97721528584
1521,490201320664
1522,-453490730896
1523,-320618213120
1524,374745525856
1525,374745525856
1526,-731211402688
1527,-731211402688
1528,374751492752
1529,374751492752
1530,-49430101968
1531,-49430101968
1757,337676764792
1764,-160863883552
1766,337676764792
1773,-160863883552
6014,3971789448
6176,96341406400
6717,-45129811840
6721,109337960144
7022,2678583016
7023,467199680712
7024,-461205338512
7025,101416472800
7026,24036786392
7027,88169700688
7028,-279596745488
7029,109338384304
7030,175226830736
7031,78376392552
7032,-61835769440
7033,-61835769440
7034,-20778789192
7035,-20778789192
7036,-10420201864
7037,-10420201864
7038,35295571576
7039,35295571576
7066,-279597819832
7068,51884516120
7138,47125270648
7152,467201348296
7155,-327016916736
7198,274269772624
7747,47126322064
9271,24037340480
9272,101416231192
9273,88169696608
9274,96340464696
9275,78376259424
9276,-461205853040
9277,3970397128
9278,-45130790072
9279,175228347784
9280,2679037296
9281,-10418993032
9282,-10418993032
9283,-20779026088
9284,-20779026088
9285,-61836766776
9286,-61836766776
9287,35296251632
9288,35296251632
9911,-88911296976
9927,-162705520288
10193,-13643336040
10331,-13643336040
13334,-162698164224
15769,-327015765240
16018,-559853771152
16292,-88911430104
16293,51884274512
16308,274269348464
16309,779264
16310,109337960144
16311,116935398136
16312,-124689668000
16313,87432303616
16314,-327015765240
16315,274266698504
16316,21134769968
16317,-70126235824
16318,87432303616
16319,52666649232
16320,52666649232
16321,44056146888
16322,44056146888
16323,-105341359744
16324,-105341359744
16325,-320451383720
16326,-320451383720
16405,-45129811840
16422,-88911430104
16427,51884274512
20167,-167856823232
20172,-48722114472
20372,0
20373,0
20374,0
20375,0
20376,0
20377,0
20378,0
20379,0
20380,0
20381,0
20382,0
20383,0
20384,0
20385,0
20386,-937526096
20387,-937526096
20388,0
20389,0
20390,0
20391,0
20392,467201348296
20393,-3709536
20394,0
20395,0
20396,467199680712
20397,0
20398,-1138192
20399,1516736
20400,0
20401,0
20402,-336240
20403,-336240
20404,0
20405,0
20406,1799488
20407,1799488
20408,1118216
20409,1118216
20410,96340464696
20411,78379668640
20412,3970397128
20413,-279597819832
20414,101416313216
20415,2676110400
20416,24037340480
20417,-461205853040
20418,-45130790072
20419,175226910808
20420,88171208312
20421,-10415809016
20422,-10415809016
20423,-20777725920
20424,-20777725920
20425,-61836766776
20426,-61836766776
20427,35296251632
20428,35296251632
20429,44274405752
20430,-257381823336
20431,47126322064
20432,-151891174424
20433,31822956384
20434,-167859123344
20435,-461205338512
20436,44274075624
20437,-196513101856
20438,154694143408
20439,-167859123344
20440,3755997920
20441,3755997920
20442,89275602864
20443,89275602864
20444,7920467080
20445,7920467080
20446,-61428777784
20447,-61428777784
20448,0
20449,0
20450,0
20451,0
20452,0
20453,0
20454,0
20455,31827870272
20456,82752281488
20457,0
20458,-124689258384
20459,0
20460,-31695018384
20461,-31695018384
20462,0
20463,0
20464,-31693073880
20465,-31693073880
20466,0
20467,0
20468,-88911296976
20469,0
20470,0
20471,0
20472,0
20473,0
20474,0
20475,0
20476,0
20477,51884516120
20478,-162698160144
20479,274269772624
20480,0
20481,-937994960
20482,-937994960
20483,0
20484,0
20485,0
20486,0
20487,0
20488,0
20489,88169700688
20490,96341406400
20491,101416472800
20492,78376392552
20493,3971789448
20494,2678583016
20495,-279596745488
20496,109338384304
20497,175226830736
20498,24036786392
20499,-61835769440
20500,-61835769440
20501,-20778789192
20502,-20778789192
20503,-10420201864
20504,-10420201864
20505,35295571576
20506,35295571576
20507,-162705524368
20508,0
20509,0
20510,0
20511,0
20512,0
20513,-167859637872
20514,0
20515,0
20516,0
20517,0
20518,0
20519,0
20520,0
20521,0
20522,-942041808
20523,-942041808
20524,0
20525,0
20526,-196515277728
20527,44273024208
20528,47125270648
20529,-151890456096
20530,-257383882712
20531,154694620560
20532,44273024208
20533,7923744368
20534,7923744368
20535,89273412984
20536,89273412984
20537,3763292384
20538,3763292384
20539,-61424602360
20540,-61424602360
20541,87431152120
20542,21138612496
20543,-327016916736
20544,87431152120
20545,116936379336
20546,-559853771152
20547,-70125498352
20548,-105346119328
20549,-105346119328
20550,44057942088
20551,44057942088
20552,52664080960
20553,52664080960
20554,-320449588520
20555,-320449588520
20556,-48721709432
20557,311494930000
20558,-48722114472
20559,-48720809112
20560,45314783888
20561,0
20562,0
20563,25090074064
20564,25090074064
20565,0
20566,0
20567,25092032680
20568,25092032680
20569,16564798960
20570,16564798960
20571,0
20572,0
20573,0
20574,0
20575,0
20576,0
20577,0
20578,0
20579,-937994960
20580,-937994960
20581,0
20582,0
20583,0
20584,0
20585,0
20586,0
20587,70961680016
20588,79093598816
20589,-13643336040
20590,70963424088
20591,233410032
20592,-152860422312
20593,198968568408
20594,198969021288
20595,-77373293984
20596,-77379433840
20597,-131898757920
20598,-131889439920
20599,70961680016
20600,79093598816
20601,-13643336040
20602,70963424088
20603,233410032
20604,-152860422312
20605,198969021288
20606,198968568408
20607,-77379433840
20608,-77373293984
20609,-131889439920
20610,-131898757920
20611,0
20612,0
20613,0
20614,0
20615,0
20616,0
20617,198971802560
20618,198970231616
20619,-144589505200
20620,0
20621,0
20622,0
20623,0
20624,0
20625,0
20626,198970231616
20627,198971802560
20628,-144589505200
20629,-13643323368
20630,230740728
20631,70963144616
20632,-13643323368
20633,79092638112
20634,70963144616
20635,-152858749272
20636,-131891868856
20637,-131887005304
20638,-13643323368
20639,230740728
20640,70963144616
20641,-13643323368
20642,79092638112
20643,70963144616
20644,-152858749272
20645,-131887005304
20646,-131891868856
20647,-22235667328
20648,138742063504
20649,-22234263472
20650,-22230532432
20651,67873020848
20652,-22234263472
20653,273778469280
20654,-22235667328
20655,138742063504
20656,-22234263472
20657,-22230532432
20658,67873020848
20659,-22234263472
20660,273778469280
