0,58010283662536
1,-2713875813888
2,-3936896506232
3,-212476591552
4,-2712156062672
5,-3575061203352
6,-2712149595248
7,-212480098368
8,-3575061659856
9,-101939573128552
10,-3059988964864
11,-212478826256
12,-2712149653008
13,-3575064119472
14,-2712149850992
15,-212474764960
16,-3575061504504
17,-2089175648392
18,-2089175648392
19,-3307032377192
20,-3307032377192
21,-3307034415992
22,-3307034415992
23,-2089172396576
24,-2089172396576
99,3087931034504
141,3087929930864
197,19163016042080
198,7163464776400
199,4912062260624
200,7163463672760
201,4912062260624
202,7656544608656
203,618835490768
204,7163464776400
205,3087931034504
206,4912062260624
207,3087929930864
208,7163463672760
209,4912062260624
210,7418370528256
211,7418370528256
212,8024792395384
213,8024792395384
214,8024797188592
215,8024797188592
216,7418375321464
217,7418375321464
353,108781914080
365,108781914080
374,-2191903391776
385,-2191903391776
396,-2191907798768
400,108781262112
405,-2191907798768
410,108781262112
961,-7337424
1199,-1353386308328
1222,-2056732414608
1297,-45674836504
1299,-237576415016
1304,-1988306735632
1305,-721179725408
1372,-926213998040
1514,1549079403944
1518,12235787248
1535,2433237667624
1538,-1988303330704
1558,-3664069869592
1601,-1988310558864
1603,262640519720
1613,-96484854600
1614,1075411817016
1615,292671778576
1616,374370264432
1617,-1547187053824
1618,-557587176768
1619,-2056732414608
1620,5596357031952
1621,-325501041744
1622,2433227988448
1623,297327349848
1624,297327349848
1625,-570156577336
1626,-570156577336
1627,-56500741792
1628,-56500741792
1629,-182437612016
1630,-182437612016
1652,-721176320480
1684,262633128048
1873,5596357031952
1934,12235787248
2176,12238103488
2182,1549117919152
2200,-1353386036672
2226,-96480543136
2227,292659525240
2228,-237579509432
2229,-1547187251808
2230,-557584175080
2231,-325475668072
2232,374386530880
2233,-2056736325408
2234,1075410951096
2235,-182433730448
2236,-182433730448
2237,-56497820664
2238,-56497811304
2239,-570146910080
2240,-570146910080
2241,297327540840
2242,297327540840
2282,262627574512
2284,262626581088
2313,-721177186400
2330,-1988304196624
2510,-45678343320
2520,-721183548640
2566,-926192675712
2612,-2056736325408
2877,2433254214648
2908,1549129401200
2909,-1353367349152
3004,-232078861256
3005,-206440796368
3006,-1035048521640
3007,-732088548656
3008,-1035046094024
3009,-732076075008
3010,-1035040004192
3011,-45663647472
3012,-732077823528
3013,-45659586176
3014,-1035040202176
3015,-732075208560
3016,-1041438993832
3017,-1041438993832
3018,-262914678640
3019,-262914678640
3020,-262912984216
3021,-262913010104
3022,-1041439844816
3023,-1041439821112
3024,-320615372880
3025,428094797680
3026,383367510832
3027,-103419115528
3028,-17779232
3029,-1476536
3030,-287400571408
3031,125111062080
3032,5402368
3033,-66840157080
3034,-66840157080
3035,158029802608
3036,158029802608
3037,-165275688248
3038,-165275688248
3039,220323594400
3040,220323594400
3041,-4261240
3042,245703451304
3043,150099550160
3044,138327806088
3045,-159726634408
3046,-4138840
3047,-632112
3048,237157325976
3049,732086311920
3050,88729000000
3051,88729000000
3052,-212175882280
3053,-212175882280
3054,-91152910032
3055,-91152910032
3056,-200846820880
3057,-200846820880
3058,383361070968
3059,2588664
3060,-320622794168
3061,1525152
3062,-287400769392
3063,125111062080
3064,9788200
3065,428107459392
3066,220327007440
3067,220327007440
3068,-165269096168
3069,-165269096168
3070,158041727704
3071,158041727704
3072,-66836162416
3073,-66836162416
3074,-3713360
3075,237142555792
3076,-159726177904
3077,245702994800
3078,-6470096
3079,-2963368
3080,138331172176
3081,150103241792
3082,732078311744
3083,1075435795376
3084,428101097152
3085,-200852329360
3086,-200852329360
3087,-91144939464
3088,-91144963168
3089,-212174280152
3090,-212174280152
3091,88743996752
3092,88743996752
3093,206446608480
3094,31965279864
3095,-245697995904
3096,31961507400
3097,-245699158384
3098,11538576
3099,-387654504872
3100,31970706336
3101,-1547193463488
3102,-245704530536
3103,-1547186996064
3104,31967199520
3105,-245701915568
3106,-724262403304
3107,-724262403304
3108,837782425552
3109,837782425552
3110,837787347872
3111,837787347872
3112,-724259151488
3113,-724259151488
3114,232076430752
3115,395710138624
3116,159740977240
3117,395714973552
3118,159748078712
3119,-7788488
3120,387658568272
3121,-287406981072
3122,395715795664
3123,159725098672
3124,395712288848
3125,-287400513648
3126,159727713640
3127,586983586768
3128,586983586768
3129,-865720087280
3130,-865720087280
3131,-865716835464
3132,-865716835464
3133,586984538152
3134,586984463024
3135,-1353370350840
3136,-926200805672
3137,-6662528
3138,-1799304
3139,-320618213120
3140,-237589071064
3141,428104920384
3142,383362520064
3143,-103410976056
3144,16519072
3145,-66834425832
3146,-66834425832
3147,158035894664
3148,158035894664
3149,-165268148656
3150,-165268148656
3151,220327456488
3152,220327456488
3153,-96484598856
3154,-325501041744
3155,-557587499536
3156,1075439618608
3157,-3664069869592
3158,292663726952
3159,374393261752
3160,297327349848
3161,297327349848
3162,-570158711216
3163,-570158711216
3164,-56482644376
3165,-56482644376
3166,-182437612016
3167,-182437612016
3168,1549139407208
3169,6292648
3170,237143896712
3171,732076287792
3172,3535912
3173,7042640
3174,245702265120
3175,150098710232
3176,138326640616
3177,-159742147176
3178,88733016464
3179,88733016464
3180,-212174364888
3181,-212174364888
3182,-91163259088
3183,-91163259088
3184,-200851633984
3185,-200851633984
3186,-96486952800
3187,-325488451208
3188,374379107520
3189,-557587227880
3190,292664640032
3191,2433256433424
3192,12238103488
3193,-237580820568
3194,-182433730448
3195,-182433730448
3196,-56478290264
3197,-56478290264
3198,-570145426040
3199,-570145426040
3200,297327540840
3201,297327540840
3202,-926205868080
3203,-8528040
3204,-1527648
3205,383363433144
3206,-1328504
3207,-320615896880
3208,220331810600
3209,220331810600
3210,-165264267088
3211,-165264267088
3212,158036085656
3213,158036085656
3214,-66830844968
3215,-66830883256
3216,3961392
3217,138313958864
3218,150107874800
3219,732076744296
3220,4083792
3221,7590520
3222,237153372736
3223,-159746908776
3224,245694889168
3225,-200848410000
3226,-200848410000
3227,-91160035104
3228,-91160035104
3229,-212175538440
3230,-212175538440
3231,88742620480
3232,88742654864
3233,-569561738136
3234,-998525367096
3235,-694126887000
3236,29955742096
3237,-998531934240
3238,-694139239824
3239,579156000288
3240,-663227371808
3241,1228218569016
3242,1228207385336
3243,58782025432
3244,58795503656
3245,-569561738136
3246,-998525394920
3247,-694126887000
3248,29955742096
3249,-998531934240
3250,-694139239824
3251,579156000288
3252,-663227415712
3253,1228207385336
3254,1228218569016
3255,58795503656
3256,58782025432
3257,-967809255752
3258,-316690469424
3259,-234895318864
3260,-967812614336
3261,-316685918600
3262,-748962476600
3263,758327261080
3264,758332003952
3265,1228232251320
3266,1228222248712
3267,-967809255752
3268,-316690469424
3269,-234895318864
3270,-967812614336
3271,-316685918600
3272,-748962457032
3273,758331932856
3274,758327332176
3275,1228222136128
3276,1228232363904
3277,-967801548648
3278,-316675396232
3279,-234895970832
3280,-967814004448
3281,-316697894816
3282,-748962350664
3283,-663197002312
3284,-967801548648
3285,-316675396464
3286,-234895970832
3287,-967814004448
3288,-316697894816
3289,-748962350664
3290,-663197002312
3291,-569568061936
3292,-998550797552
3293,-694135039512
3294,29955090128
3295,-998533324352
3296,-694151216040
3297,579151995864
3298,-569568061936
3299,-998550797552
3300,-694135039512
3301,29955090128
3302,-998533324352
3303,-694151216040
3304,579151995864
