345803072191944707092746700343620554789149848911505838013347160877110888178193826730534190569934845221787550876929085645833909579033037742520101272,622753365675400972913782112134241969216474108814850231655518482624423277626105569762161012924284494692733572862521866399071795316739951267315073086243478540290217859026998758336949174588700954236006048689848063593737330233103096677634764129979374185714816861782432079084147607339008,-22214859199202131128961134801851271062017697011187131005387485750758635607005102228897792,-1189496110522285121463251448274336364325528349723339520847944524002773220761843859915606556711523430394863965497711099027317673035437189908916045157090364800834342453170648471018430556365667717601757771058594201063413996596628033752304718055527452603550313616051324805385583363458187393545126459801472,-1041686758956766169902424538864815390164356589030352752386703757148098650548420930015038682299368328493448880315239769979446301397276611113082303558040829403044279687102910169099880726972844811280855968530651975959809690300379903597355401563600,44092928178641446043072323055759850673100939035267181828463969425793454030531411713044674035358942942062406743816677632536025309374025290677378594358617098966741495671869305741879731968106229654030908182349004392450710112035605615298741442964997990641364938507546413195282614994969838471354837981200384,-2927635242183436614694577052733595734320347081616513220461193739734894701825693023536068743415669087668731093278638377782097447542420268646141636899295873448174907298851099890837346031203167080191392315617178354007367550542098751514721840392141244335293616628148996507419239474096018293833174845876328,-3240842614765243893186398148426377394226692705916067819297769168398527053727173178031555516088405206551419734305770663789407760077773224402577814530242203689054238165904180877859664138161651793791505854299462500644484840643526311210225955643508298062088133400632045593389974678932190107474584196907512,14343715825380457070156112904058170184626654951761918922159143184970362815486877304846007878239479740338228763036542663565643493585986245519465434314444415200360299766763107963831422336182436434177863844852922940807236495466844568666727718567277626797724195407189487432874106249504550657311426400322136,12407259743737882586288920725442528789751187130391020922195215845567050190465463960036907551351148206114337258154351394827672649433341193647058559449730305372004927167360685658708039497734083339172950896140604585983773279414342764517045005967533266429976273727399036998201369092387753383765333983555920,-2262732331643882954708146742524449831066405742581937383123953155160733836991354917840161531619151658920254172844846427192887009042054668551927898497779994322677233207860432018678364341539144939346559554233068265976545834729058702348519077191772472895085224075279529967798287768064418009969746684989664,-74259444108356082924069218308756156787728713973218986441156560739805628689255023772693439370197447147643938581678598884385882112,21595126743728372165092084688606290743382092114711641451479400545973667864956637241461817308408294319592614690889819462898081606224461937548233360949232479486163494760926709955409248645805133323791676756427826995032787400809727505229220552170544086604024110907392,-61384951637096278879769333199018575720083599961938374529555751880669852579944720939420111067179456161249721627627130639303050342542943800200738603778563931142644132355445217995429399734109554582429592584129495001776334569472,-5804121645222154384068151607296,108991240127677231936495594982174047308051526975488,0,-1509286586003726974336756495855579816010579102812752571257473591365707758567137479818941923504577889467761832133636759842840266921034333738229563392,-530130789084284133930699425587281599836932269788218441673454575020186301824745712662160312365379626401440225608902601798293344337482752798440292352,0,-216158744721147721970808335464245551483968708580304245632115645945567153448344721839089628250082562633069961740741058293816881330030743985543903865318837567874233674007673596028787884032,0,0,0,0,0,0,0,0,-714978181952118653498783196528147306528095429101226179273436247153492574192823203547562797061643446936597474592186816569828389450721515762772219006211032006335992104003577917529527765867716245602892240236182241971825418474669449438567465260455654409394492627152583343815576227151872,6464099487257911779314737655244576638623545783571674107831651467753615028757968632201666641821348740237196929370610621074163715160866880918444173813803782715730153052328032053558931784320905237646617600853272413566399914888792769956163563106696451841781547973552558992084674019328,-3664069869592,0,0,0,0,0,0,0,0,0,12238103488,0,0,0,0,0,0,0,-15968694825354206012396476687767603261720182680967816741372751562226537739212378749465191160634278074942090429147426194139366889482864508039677344168944397955866757359282385249170335632933114293073285093412219689357455632730365015530602628908204758910954326982656,0,0,7959494987148604602742275531904607738056146649880689330977792274912283081812913525386319622789447350872106650915750518072075193829943547248903530194502012711339791566900175519000559616,503938595240685405011355543872543711032062888210739406336654112843519720025858027740184257581289074550501667524881923332026999878216312191824798921499050235093595044326672459962367364538726590011905420087249224204996848624160912400179818176041263053345859412816977249320593582704403319768904443625472,-4360438223406478064711776432759167603526248611295119910971618634984159332699604808054109604937058219074158033645870649755308182477854894417574223509682012533296896688908579050415401696372081115175776816399585812715476047093386637577957808971431441338251030289252198319496804665849137851216319317915512,0,0,0,0,0,0,0,0
0,0,0,0,0,0,317701005804899481180833357137491903951505707200893277700848734407294571333953521583303497531219906188435912210553956161320631234728293819024298249276531581906970873773500097774093751240921819392491598322146840238326606309013790571128615337984,148737328673872674314505775093857939446171026751055139315396235018856238554189311356836015867218718110748045890873771412388672657180666944076906496,-63782695208,0,0,0,-1050140579759286648792838173836408028618746778962669639607449923220017581054659562634734949333946168300317333988645099843666033503952959590514032640,0,0,0,-174111090285742866785550101310547839767298122448896,0,0,0,0,0,0,0,0,0,0,0,0,0,0,0,-7125884727910813350573401743707560403066522395385669854487790930343474143750824959115749216195876601780054903409322188480491359323812487298458026048219193862962958074376665674876780350472348705815952769563594228842011489844533902930402715440594276882559111918121335301748081206442014119992672440702768,-10086819841153211901495643131659960479475906293396695191787802580758844214771275398781949139043759521158847061414865197590475449407531824736241203326079705174721619969797907366219614703271101057540865375743241823046104371397614544492220118438041720935288737153014946402584024500976614428660389127521648,-1007772433891086617872553719935596946053799331361487295898916710226099131553955072303566385541547324089040047377011960313068783204395741240099321142146921026993098096179364065673944042310722337953903144308195649175449008309909111239869944887600349776078085362366091499392711700450001752610227682399664,7288448852636034851415700677645225464912766553457274287721681477059903853181572190671242419672840127793186531864022567386344863045276593222403384428532133308983165319961813630867296703689926553420275888911471792291924009816,0,0,0,0,0,0,0,48513792494204325742653096965041356232376368413344201940607623159491798983355721814709189348529708766947454898457281750976292450695414482230576255527455134906093539857721509739073500175811171341861752352210633165003876453842202332803744496407909772634211429122048,0,-428817667667805840036066583480500176458183210360827514026281651494206264775856040779222032084376810359169691623589494442915959742331029401887400646212506522677433610622220605408563656997487347397583039930620392012436826800271908263651115532288,-68314595771226559539283221031893452114898467145112889160977838731842563706810249627382614565139052007186341767995249407366638099400216880957738450022592475996531838193559666638742093824,5537384241673845345446847905561347024197721991692520264408141501912784432151679941911887201806526710553759015105524107443085717207789725597476434151123326497735191279782957812926186666395045667710141073093865657070755813410862374863147619726436377940366496027760533546809256759008043216180802263973888,-133883399651512243943514709457092390703446204129107514451858067432726709217424847273110600983701602583135713309877600914774728872920720435616677888,-184199596384,0,0,0,0,0,0,0,0,0,0,0,0,0
0,0,0,0,9693713897007949335646849587932184272797467412495383238552481274222486815723785553204630587838438257972933208863120222687508806641421752661910910696604385813175219291075613629648034585736523732369348363469848065127061913600,-26783154399999069934179491149541501426278508527616,0,0,0,0,0,0,2161323492896,0,0,0,0,0,0,0,0,0,0,-285969599741942868771167202709964611065151629326527919988537123395487377033408957000778644939158038335641902697752080481928250675798806731175064966484488571696872449210288823911010813542584757853071047425486140017380733968705029910399673171968,295487912737392047649520972476742671341532521755843462321010690754761779146059387315035345167847585654767616,0,212719329945389503548857052199967862838211998991126999843400323912666710741223149045260209296278884859560953388291285150972618255280974193609408512,-4986138147604406093425080059231672611747071166710647619040968243043128526878006174776664259157922600025495378534044905804385718565164435516115666990223268307201082531984058695679544076360878044796055426974571594898735712058223680288999525948900433238921324649776574675243344125444825240717606795608064,1851638956186123510529642998548911526277746100937869457475310447149891260185221599230159207485880234062321397187601057532799046547413956032232095774648383860789728256,0,0,0,0,0,0,0,0,0,0,0,4748632851845942517091142611329111884308450349986265581325722582042454002258619201321522977764392350554616648993773484229233466827900933298157737240380227472488107037877475873514882029269665941379285663340407293910308853924090501275254118620751343794151703445504,-2199107951071295174306394709000144702808425272411304694446466809682733314240032049341101402653548072586299514976251632520269970969916861030101195612786114593517689770984267426288266983269820793869441980416147398582610474794543146265414920076335401523057977354833546720988591574282558270198627346415616,0,0,0,0,0,0,0,0,0,0,0,0,0,0,0,0,0,0,0,0,0
0,0,0,0,0,0,0,0,0,0,0,0,0,0,0,0,0,0,0,0,0,0,0,0,0,0,0,0,0,0,0,0,0,0,0,0,0,0,0,0,0,0,0,0,0,0,0,0,0,0,0,0,0,0,0,0,0,0,0,0,0,0,0
0,0,0,0,0,0,0,0,0,0,0,0,0,0,0,0,0,0,0,0,0,0,0,0,0,0,0,0,0,0,0,0,0,0,0,0,0,0,0,0,0,0,0,0,0,0,0,0,0,0,0,0,0,0,0,0,0,0,0,0,0,0,0
0,0,0,0,0,0,0,0,0,0,0,0,0,0,0,0,0,0,0,0,0,0,0,0,0,0,0,0,0,0,0,0,0,0,0,0,0,0,0,0,0,0,0,0,0,0,0,0,0,2595710564449755604768937476096,0,0,0,0,47882408471828804334243524161850324071774878171136,0,0,0,0,0,0,0,0
2098274644200742681922543647842010218688325822673283128433532849870741756711780018299773282883712692321421097430002694837563088470301318544513901646971802670626314694210958835799719693452256016922595656753127550659135098203156107799838876579758839687552249417998530148859566358528,323555364480,0,0,0,0,0,0,0,0,0,96341406400,0,0,0,0,0,0,0,0,0,0,34016142563745677112102814005189513794595091821464997976191078499194493386660509298592176792408343699176517244516909389906870235347469015710167524835920820649990296146733984047560958621904241746140435573670543751966488641458679480999436369256894959133549003303136101919148338053120,0,0,0,0,0,0,0,0,0,0,0,0,0,0,0,0,0,0,0,0,446298993547160914796485831579193897054270070256707172921524183300061899488700707485111902435845691075917771495143676250890376159487392720384957324693663651055589803548887503065071036280903645990066447766993546274317021117490177344476766992903202279046550276833761879090266112,-1292468345144613698906719495488360500828661674637618913023712685362122331711773317508806056507978021021051873862768202719970201127453401439564524069519709497482444621816672052806751578409220952287292117304770714133402980813179100504817408996205802992505077104640,1152337472720479891753311141888,0,-3453563650607009162597916421392753474259524385262365469067809876421037068033461131053733467781919623625099703626460194316415488184223703528112128,-35797875918531062097022585611900247153917499729472320993510988678957868950997400723217846067303273315179037502482596285358824598256354877925731795932930457731893674514759314226771760470936789789680655309860867097493504,0,523240324072776541243472805828257425996926630774298737945826026190231521177228182107064980489487642562904990272246158567558370971636121830020014382994357435609885173726665558207550122532449057268919584229403162581339000829881978490524988452375716347585601427518042806664640946541729303109164700008448,-38287599688873400746586539902103771487301344717095422524870518237856446174708041733873445609940757922356707410006885949870480223353437607424511694984060139988747763772603444800063792111908960299824555786337441662294929953544022576897616934888417693997694470730694992846521738657152,-7455462505768088454887821573066698275859437915171379583588183679987111661042231427465216,0,0,0,-2529470023730116454133503024793282326946356338647105916615605824648797754785047029585992070743684284416,0,0,-31673256074321739075536722697017217623656842880564191321410320670996390144312739332335500953545000438095325801079338971859950096884882752170145108792448739704779984887964709220880927551794471586032150674963792318693376,-14828393403926312728832244835127647044948488758089884337228988946580217948598174252657199305298369612598603151360105906176,-69828297587098656892233555754434951868238563529046936339257594500595487769876928994461088878818626405823131378364284587400392187405756455607717370877607299519592117609468218310656,0
0,763802556499992131106787065299132580228232473395863093344397093793171236046866754880231240293841602182730084555181187473372996227080405454484986578025366244832281495357982130155728205412610987607309900222957302837862473496766448304829795354868127560458170641588592695183510651835497172831796964884480,25654188217584123189133172749654774288237481084219277378880958107219826178944833345741417595129935884073260565142308706681073716602213800774273440,5034232100056618473476060951396426427889526110061414852624434602150677445890733005845339663233222409412849192788047358630082084371291022837603898838479353567572545861177553742131182676099777679330631023078225347681356383747186031817151192470729234056659478723456130767312516029091406210131496273969152,68170081261368452314052810263644451392238526590127414481802667672799426196192114171279933761706699599951563397649498469546884371428995282443005641168947313281069901462351864599433343065744393110972053797791978002252306034436479755056437232272,97396330522483765310626489362749915823912832204800,-3427445542298700502797135614205231354776359219099481726903746623405377940983751248767854735516460481870927476689960384271451986944232119686857745753377772856418274812050743564708927802561970636744290414142709628367204777984,0,215006248920874227890356746714438968258039893106597416536792538803299926657734376533208444285621684638503126128639437918695355033271372946487200015778190203799200871055082112029643656339355586102818766848,-27522454786187020043098481305856470843059876206661320059878553275080900534514865257561695695253214784997012000379380544578891887829803685898062649587914866898965597792530748480883246296539176191563270117502353581358301839360,0,0,10806779280414552902160666957107367148064887545899761696266776860571313026493306438442830824797081842091455114853604500317405184,0,0,0,0,0,0,0,0,0,0,0,0,0,0,0,0,0,0,0,0,0,0,0,0,0,1796645312777581630259965764924522226911623109773607522312110961852416,0,846993581499173849570246783853407936538262031372615253133515831878371904887969204098911789992811474262572913060606780697592202982163569200618746605453453639381508653298532605186360634178098920999771701248,0,0,0,-21511407719432962693477116028434026118562483788733465690312922615081983458911071141323396100979159369829979355415683556099299141819250458222710999070344127083529340043411719023487399058968409726925771338286165438468178677118737694213398758222189732618870303610482207343832012423168,0,53722574562020467336868255093377807151577207050492702827646393703175282374014791515808041009395560736608140863291663299078231456946682363790967529412610085312314702906345132123068872524663349548927382304198320785192441085952,0,0,0,0,0,0,0,0,-13865529642910277010914312705110454701912485789696,0,0,0,0,0,0,0
0,0,64343254667946805433405472326867333384928684837977411919241792178878365528989020099143131093522557289236235730224356008867184972975830638209162839256502565629241883604844297577735271185615959036090675892608083004355052603909526012905116811278012713272281202380773114388754789826560,0,0,0,0,0,0,0,0,0,0,0,0,0,0,0,0,0,0,0,0,0,0,0,0,0,0,0,0,0,0,0,0,0,0,0,0,0,0,0,0,0,0,0,0,0,0,0,0,0,0,0,0,0,0,0,0,0,0,0,0
0,0,0,0,0,0,0,0,0,0,0,0,0,0,0,0,-1026330808569541014759927373425535850301125732071283356397899654521512329172913004788744412934391100592001995245961831065518663281110829315838380461994629665353164247467123493858052098510404782585619556186521692950338034446328040298641007229424009363415231635674275223306778258221979355735622053527552,343973055579229684112053546533887270174003188348274367294001151573696804019299568879307378547032229597612670884310569188157488921616079586899949734971467437503217804306925855140064431921520714007814874511211685757463076731510121087324457240603390920640260246266746702404701200296642221111368967315736,35296251632,0,0,0,0,0,0,0,0,0,0,0,0,0,0,0,0,0,0,0,0,0,0,0,0,0,0,0,0,0,0,0,0,0,0,0,0,0,-866468508191959167759426468514458889530240016913976975356307730140648518317384100246478506951135219533859829101203578835680180702855502183329353005046809637930507350301556195832376297966904888742868037876842858368395544588798913218369636823387042269113658919853363211684521283937898416959672157208576,-1585616386594773213651618600319848336927092380035314984050318859170147627141799780483971898924263876846606988210875603563942876068522440243635866729014404698542658879260829899278566596309917454464274852038431118450214922642583746535896357864538910815152318008877647867816305336845067815139359051481088,0,0,0,0,0
0,0,0,0,0,0,0,0,0,0,0,0,-251675128241497942054813040640,0,0,0,0,0,0,0,-1148252827534285057195555171749981414760640919457662426631660674606102079965251258354179450095007839374606063351387101670192070355828335805921647078190066244703678967977085050490426319608080228472610650861049257675865456640,0,0,0,0,0,0,0,0,0,0,0,0,0,0,0,0,0,0,0,0,0,0,0,0,0,0,0,0,0,0,0,0,0,0,0,0,-6662748326659729329301422138784581448052609633573052056145288227943355116531541019720205344940962475072795676530818122683784082420311258680935481440300910570300335600580508609545354899593466273422043564099837143642292617216,0,0,95234530687352346361123469466101757384911727294590203227033430835674013574983587103999274256336046166465330361718842906613696717453484807881361457976388012201743442052265752986813700491059988584287109019003983983258109519063057245533261266944,-482516590913135903276659502876521482032435224601763003687296940114370248908209044462483061163997993185168814417180928220267530159507807895200408791952894100699920671463446096390116983995532111508822160774081133918800745044580327814612451888338475133854328656319021677088773436919166048653151305728000,-18893457527609660745544484109337296114138975592985586223614676684790264975120620006798318583977966692436838095549039256062005965506813811632262016
-6784059572973362611518403106128380357170123702314787840558066388559355424760447876543880,0,2748743265090244173915998124819878577549006117901393070076754749775390463087151987818496,0,0,-3395394833684626351198939074464846169310104806024423829376236294443936361662025601278686600951516098489140410080890217473332180191457467249781645891166627792947519372168531496950709442730721923444540844948666396531811680256,-23313426351478965633665764269782873366021193725636032862165067207401617320957054399330020439845105896533706422516674595094592454363360275757803898217085593931893624690291761962885135447266193453130145263315203272169513549824,1315922481068128687410915907851132311218603643978673405559532622219457988077130807680349758225730351994619357760230456120951412561940029514950127455932215523521601380989465822798577045935092497261221613819231120181499988970470882287048218725569908487261500052511350189942432615112337657003898067484672,0,0,-5352956269564980559515545478333661757925146031031684872908874028036768815614297783186834666028548221837702564481041769773779392071470822710519205416573686617490346371845497204934875876174288806361598676305692067449374790928393324743476805330020595615703217733632,0,0,0,0,0,0,0,0,2273474930186929971185305388608,-3396805977790868963899626359965546167966784740574768751879118330935300070071083141077816676053871084259772844352215541901479124277390182228158450839708923918605095387619933456877249175952529070345266503141567175104577322524329317299173268679018246167548114501632,0,0,0,0,0,-5758887247453685817358504203968169793144144171917069866024098232608348206407182085971630186425858006349208279243787082702865512430866680655016260135870191906447440128193952110537080832,0,0,0,0,0,0,0,0,0,0,0,366765409632531617953850775468257505876813300173650820252112824376024562894089415091402488960967629960712417758739382811148976963083614735893446030020549009496695780820580846570864888792085179004282692146258425078820225907216865298124172517489329776388956329335473691710471495827879472017770893279232,0,-6032397370802577887457366245376,-164718303421261484872992244969864927774506020833406254610406606844774592409800146325625307077283363809102548641871243246542606392869074414492675803959038332719531209544773117235587771918905264676882494163472844574785449127730097997046243992933843138086400403185707405373879450933168142945646725300224,-29932308674207610180722880310877113767409397056104,0,-181779450635671761689166092620490189252882736171414043857667967822661542451772209727526912919989435119718364083930257845534959121921774037067525666469316312954975565653250052836996404644258319258754548075134214805551723261386838916743410221056,0,0,-8659421094080281894833216818601165881326334599736277856942735627170832234508746443627591367014984122183040224823002716002320384,0,0,0,0,0,0,0,0,0,17486055911911018017896397853120215985846298895481518115356838559459489025448389328331663845518364609949357582826869209608213977844861514587954775830847228466606096027469283028438703070018386443824373832686706466774026005262258634543564270134875251028282323540856140535989585075560372807235796992,-852041497382537673164805040458587102414111855925286815557270235158513111873086516815104264034434042305087241133984453740770431341577597718844723053604797234340809276371538936634284048542414559479871821145247137919457194515882873954069863436809643559309351598574119550761605017194197369959073708810352,-3766675845768866670453970122411104520519644878873985246271911216100038858574940603882872020316109899014738565702568148388624151344840629342715809124429320232121376402053807732041880087424816146560064903501568021131184318240779266305258209647404308457172847842341812873841610363087620993111533598261824,-3353249787280801117156105998023347100454044031396529521655357770812636309717366162129476403459016884347509442506214768062002894863474193717332157459651373487753229185372297875911466838931844357711221908148710719190856926336525327026434564291636303496812923644000669413489815119146468069224995557968688,-753506549528722703263477818279823914604414011317846039018361323040409373186605603219494198983931614659656563750910323976247472317700123088067772775714284431799518597625286486570575773173221777787891697882811605071685477581466977231320736640730860808788558452401985316753831343529894417156000240845616,157229974705692596354960760050597248321622193586101677543563551062909344243750675961463418397728020913198338315057457663608207070837057857542584496
12492089237397157220943513127185844362365835618106797804594808043740772212239832907180719654035004915872278498140917594100272652170021926365962913795655018425228150039320313080093199909755359615515718465948122576143282385337170708266116298072150824025181642781407112580030399159611162424015276368,-9566857821223242297712571651269926806805786021139347644631437169883983385241092553098118794703678302661177433416092785787203475230882545842114952233365817753416385582485184096641436286314802608107164553572091452833192050852668922574146907844951999158614312353272099417468236920715119125258485384,216476674814788315883858861814913522425959586793389414145553546380949708786829241109789488756282222965722801030386365555934157673861853122393558238782103389577803449276596831167965991294830432940089607776505240726351988128202957030998542660777472789857301196045478150290887124634837742237255915329464,1392367515075558121008446461451124338944497246355218881898665860771755108863337809192244040369937287454425769056911891276919906062092917356182038574899887870604222139366860669670374231341325061788159796717357245948753399553244659024434861135748957209667362655053577257169610756460346300780796243723384,553890737313121768543494446338561437181883455578650706523340741281906781015709848508776730689465677689054376433328818130825906630813068697825674997896985105564031653713513506357460106708076020933905584958843121502484128582824505608783549616375907908875705512131816303553336333495734202574059596449752,-530158027973255205846479418111630530633931485059640375224838576946984880207075038721458432366970275408938023080334907894499181005244876751532273790742235827452754374652641557081053751072819271208489119503895249091366061678414079460724440798522553211107809159098242486593113677885721676244620589528544,9806904395952047073807706279400307361118795641049890760718662692835476362416105199889437944678089893022775859047542332137605147439760391519229636067435092771143706006742104897378740017040605186966317654576694347637796704126968633144148274715541350156736738533079088456764372794758688845811382224,-7157738235093071324881855130590890044678504037479917919193859311375774874666888543097596735959119583177049995816255304291024531883760390886252275837945972466511155412577466564861996928884690145197717318630436565389473162159579101766471642374139021848062001662579992463099688768659212199302640800,54631236871616816716977771726675045808282771650946024554284622959940673481548771450763366088903029421076987502229466842137618483555264662536776917983235934547546511286233471497473083094342940089078134806659694033400218317606848667076401058609294901340610884198606281922363530499242551036373809504056,355348489081307289531019146380343674696997232759375124753677217369880933131069613728968033465627081088656781283891045874521140511711051270180034644856722832311633137769790085180473174079015494846587554526029941759104248323690670788632811364859018214532706369744485861283543098378254029514721667302096,-445916442678996733933587310658778696938317197245172856668986411426079241766545044914503834352862921309326938993803181088859556371840930026241504654103338830548948758073313490042892240133293647158452227857537803441039198417751812760393045206513515200392307008607307604833837084041000838471838035850984,537395595844702905606946778866910935168416963945335079694469773203772664045243044555534846285189478555361605414124503000256605145578087939671804622797617386966192959861477189706382040949118989879129829322881084882473460587579665221634498138820786177853858306154858213655274637143791192358746184,13448135566493687532512228065137538590463959205738284049325087645697523467945362666783064,0,0,0,0,1275686100593748147711142558079160383222020463931383428883743856656384,0,0,-4494590847533473202890870412784155109323415699190411464630300732707648644994616759312086794300399723457063624766924638136163370556811502399381772526203512969743857283980301911407155830681038052137593547713478900265610035480240868220622859265765404485094704804229226042537075772611180402895515614707712,0,0,0,0,0,0,0,0,0,0,0,0,0,0,0,0,0,0,0,0,0,0,0,0,0,0,0,0,-185906630695021193253407200806833250343086262351911651978975942754831320988751965303351572768190237085849748103949830029287497897091566406040317406320361186153585536960353808406809203550985446578309824512,0,0,0,-20643172026102410153029682663295550066424073598945263920667966446288596846586266810789377101444785764477368864141158268533700734958979684340401881327920635245136260391153074554267644520281267763721273344,0,0,0,0,0,0,0,0,0
0,0,0,0,0,0,0,0,0,0,0,0,0,0,0,0,0,0,0,0,-85956438709175116454271343988550171567628981257641811166800162356686048214432854125486172500428898055427299392001054945951603447847709531642558741481435642515579119716966837409971436972951425043912349907541463022181346049665442666268627238626395682580613478671333049204337591451648,3672855182120786715794466668544,0,0,0,0,0,0,0,0,0,0,0,0,0,0,0,0,0,0,0,0,0,0,0,0,0,0,0,0,0,0,0,0,0,0,0,0,0,0,0,0,0
0,0,0,0,0,0,0,0,0,0,0,0,0,0,0,0,0,0,0,0,0,0,0,0,0,0,0,0,0,0,0,0,0,0,0,0,0,0,0,0,0,0,0,0,0,0,0,0,0,0,0,0,0,0,0,0,0,0,0,0,0,0,0
0,0,0,0,0,0,0,0,0,0,0,0,0,0,0,0,0,0,0,0,0,0,0,0,0,0,0,0,0,0,0,0,0,0,0,0,0,0,0,0,0,0,0,0,0,0,0,0,-13562782136001115791432288829440,0,0,0,0,0,0,0,0,0,0,0,0,0,0
0,686328161859014217208733442726682349587436547557057886776595293667328,0,0,3348929732378044882017798357472023178229571008258598038709413270591210856399722735326452350311221004560437005441551740365097485450896704523029663605210794185445668396949545637993072697791629186568883064091083924856160611746149949043053613444823544016266336403456,0,0,0,0,0,0,0,0,0,0,0,0,0,1246799330259414408430921880666896419894147421452856566133364029664524728413832592546187959060935659994611317462369645143643098493183070280947268817221833456257433639877574430478368729139640942131524141056,513253034694098600856284180671914961668073680533503040886386198616325853307088237994236567373561231376174424000600680479434771267296563414030509928233384897599718479526593544036424960790315466182778692509957350038037201092313603774848914526153807373873002290877803111514896014002603687445196907216896,98452975651764407469046570022035129039178270059751145484171275337168218199807928959838981173632418206008118697034382312582208985322446654811535392906576600380250071153885241428880344066721476805313823912547410004449263478090019219481628457482043585510060425726752784066155530878116938888537864751760,-4040215460879046434429114949675836063046146084742359888249679390413266179088563288476202557833345066422535921285324471750289515060907840536534392,-39587295516309404995321646577579206118113780589811432146644242456990597178067125691030332787829256616555593240518391907156036018771735253696031727584740845354594008514765605911395417171357237492698171135721925551570592993409345470496273582357047075877251721985047004061546967550720,0,47191252907079456399012232463009007837116329997798309418197492710972884492839796209213961910254339362678574203243351859028941517056511752894676992,-96396693023789993140046226152147654069094171449072812879924794525667848395616705137210386662901396893859840,4366693361381798670348795821151477197972705086152920081940981199470485796757614108396737834160870190100427433140287862691422808816063565156735941331538083690944985648070890548205849412626437621240063167530258328022918627328,18738011789964088319484372328250755845359086742820800519733052640957018776100765139450645187354430225965040686966868986728321318694332546453739395126986147592867981811994327706868232320105780787994131377690769436179959906304,-1015736193536723858726209735650708565381859220059907951044587759350002342834298069838073283121916244666184492296172661990014221360702068349898718230736409698206028744753804453991525536525286523053971341312,100799904418386679186120765159956500610243337759699286510715182016692352075533365026487057504894349278101222147848179981402652379736160675027318913143804399013364189026345043170655906003000733256619560258893072512743959115923473511610310459392,0,0,0,0,0,-1431357627035407122250707587681863355374767047949008350269740425503644857485594554673697314138012197333237760,-1074454843815779069241592558985233614622402867183737147328755113394176,0,0,0,0,0,-454306958341599510622788909485867102485057295341694930981647848756611809012376957428558763134420460727435264,6963341639936387085376505617507867242409029495630198053004856724424002171846731953225235162087704712373296271900012669775159175200487378179871090108733259526925451264,0,0,0,0,0,0,0,0,0,0,0,0,0,3474343682637045369149909113994610395558403130370640521910385783043061795722192146409802163309614619658805056725133214711667034329798480623728455387486079577231458304,0,0,0,0,0
0,0,0,0,0,0,0,0,0,496715348829286374751207744289896141155650382873031483088720381184292406455641479146001478870647590625636391875516753749555794519024241996310368654357367625327789628556666185038545753914475901162975395840,327315314482019401038548032067051043741333197512753592057119762817134182484251031519541054690658954603560436407936276644181271686149776234114052110447964288300548581717255957933384503192822992144600386214850624112278030999502277373962937411121952453645702699354687217026807282920804314861333905408000,-11399414114251662681876922495535173684816130211108539827516097631974551108844517780875416,0,0,2617311475741122589711729090162838221274408141265896866493081696926064988752178061796431196308773280650351409782090681301109335395738026952689359400650311926925173807616827168524957708832169482711355043153197017985246050172511005513016135226099186949262480260742223288031349102526133408840026110820352,-51565752203666943714929239836557678251887368532903046844934998771854524495723571416946588687247693796599511219352669671407228069608016153967302221858630570799682709299295959089556785822900538860706886921939650599451220004807030540451673276416,-117086848480,0,0,0,0,0,0,0,0,0,0,0,0,0,0,0,0,0,0,0,0,0,0,0,0,0,0,0,0,0,0,0,0,0,0,0,0,0,0,0,0,0,0,0,0,0,0
0,0,0,0,0,0,0,0,0,0,0,0,0,0,0,0,0,0,0,0,0,0,0,0,0,0,0,0,0,0,0,0,0,0,0,0,0,0,0,0,0,0,0,0,0,0,0,0,0,0,0,0,0,0,0,0,0,0,0,0,0,0,0
0,0,0,0,0,0,0,0,0,0,0,0,0,0,0,0,0,0,0,0,0,0,0,0,0,0,0,0,0,0,0,0,0,0,0,0,0,0,0,0,0,0,0,0,0,0,0,0,0,0,0,0,0,0,0,0,0,0,0,0,0,0,0
0,0,0,0,0,0,0,0,0,0,-75641964212926202585081803010850052776818505892215843670411363706270151434890310570747989903262651138408338770278056588172850328320742092913371116571631112389625801616074035006431384648016415788354897011711314909986576772131952058480998744064,0,8048670399512509551686904250104094760155646111270002174229181115056390523834772166719409944283129329196616740573362042522553182201685868649708455895287717205258859786047715250117495065272858905470654683058801350953184937361174090144269707542958752450899850389942946710640759291459087701190442701815808,0,0,0,-104430311988438069545424063636820007494845710694180622968101831482582844223395424969451745322940825863005379845818491661302373111700786909282919992691949556413878767902919310755835900080513802591604454020655978354004241879020612204570075964984406513710783070466841212162058894704640,-142983896272,0,0,0,0,0,2311666446016170981977780818604726550606591609982987733069678998392691827091493184908938868507398881394997734077708373527551021940287577412193319841559337644439481307871055518355819706982335382663790237556487359648408749658358735802931265938596529814339737264110021834750182423304290244130504704,14781068592394789004537567180473896519802816154746767893445415035104609134097213159720909373484571466383307084681135860075341301406632967040136509308403467246385059034366037100784418708682945437705226190358933560507548952050641520579979894818726936475460608970801798886424651369256238313668376248,2044589971542063635754338205435382043755613048422410527145288329617794878174397715291442342113439555461681527559850903449355525770372166095605526965941405377640037981847001092818180131854874410104975748863012271497627962628058809367243724048080110048083684658661568111987653903940795907207595074953040,1422878281786283079001523088826195126300991200813610663706210743614781309873889690468907395618885215602555986319954505511393377522150903098604014475691795739805764357509800315383899266674559017606558869328718264599985800286056562196039847968382616664176279748722569599826729741093104266999895071185192,24937400967539594448057093648179901291226704385051484044775388720419972033373960496302325586585574216378611038659846549540310153857481487495730252580739865258338477529504312336188526886470030206637806581068871547149585559502396610367368546575219621179070402728583776734942823575611739820123710488,-2116604240763988600374853173393806213451326595517472366147867841348049399249930275337946025981955370280013426269368958285426816167202674931325824904125618261165151599950963651544123400927790095535064520139401529578018504358372115770133752509318973882059249307551210348764782520687745964473255016,2672845058056159091596374856538120643113203896181605724992133385447248883907235511343250415789261812237935057630416201831006514948771284337064698934306782933822582831513236152775949053826870971230301883376707657324185686351863949073547139469643765711057514823535032228664818342147244123703913669983104,-2724758081346045873431583635844135047145278441976617180205741423516896203010821012285112710386661724577107448923629323609281746646433187196381198139264145781934298787165758481610193876394083334546006849514082500662427907602446339554365854821767413930471465593549094793226313492196758311489721470010408,20862690273093026831292769662752556167918986315283746377957401136689220701143096423000265753237922167611069031003854660933419401377100158276525884333980405796499614421016755141237038693619012244175101634633383802599993802314801723158668560154841022901279649996483983270840057883940234525693663152,431454523141273747151845089144770258637014226307823661018488691320467248458281518471406230921505419212281877261404182137765162498115245546703895855497216984981462694574593087081964193614420532534106485749142608741987814479807299832341091411263727173092475655030800874733990136378624039073659524583752,-3186882540632167654039231208414316477367811140930673026956325353335565984103569997153850162287203488274106653316411849575942607081050400486766436589133792405982490084647448478560010054322766077842474170808570186573112903880123546481786056945915311216397827455159890807394002923230350330521056670740360,-474799583685918347096612319444133243260984268262074266439987237731080028284032707971986070674286035836299674630894946021620598329535842371339549752482575214838405066808142783885125141848757928188615212249903499026789947263197514481943554126340585102717995108086354605356509350950897108296018001296904,10374237596439709419818898195296632356680556201753251441530037521507544569751988163262825794941559966411243781326664548795386006333986949676927535006602143569653691189123440057021294472822089439104126767126534524280118248657228877783148585820655798751156121206888020524702939701858022222094578352,2274654055250922187634842410813517254160999096998957114063012709428911603530090889632148254842328586132411594822621771362043439234206536066126663233702546600403073346250519225055519114070729995542883821503403575024871278915018264904011589855323120066630684489244301494215487028939642153990983777320,-754044425841416899005956074288831931163752057069132468416278178787284872627142072838867202873313353844225857677596843655220381405085735461925601287595416132598101960132968985229491310711736860118702136193841093392772400601417637307307255925480514412327314424797128159572822441743442146530416383777808,-8305502338099717616603725184979133051414589798430068224972956868624236909486127165293444897768634442670736523539748249062846076292048814110297862015271061320885446374026140579355828266695299058470474242751776701537069421218718328392573611122576408048638990655279901654929557583509831667221054624,2280536170863178999982476448587562135747424703296541251763309026127865452634314795498830571662617401229548726155480665672997917669472660136939033949292376102130096085736772346829603198108485110265764058172720494357169444198753506601027700323923155626541482910709025944157559537111271770376084198528,1352100547824169772809116772874154247937366169517447302650484742178765774263075526259675775140787464941193281561040853712438113196669324049045948906000580381568836041871458086644543850949262528669003052815823961095890410480442015118382794067752198988529924654780593905449023216988044968110417443298520,654173096450405119710400650113279969756879674558811642566187879100334510634477309917402882635294196859051004009958642489812929928426752311127911678734784962432656792137062719189610378187894225377134789852587299167966123133807081825700316816662994819608909230388708714720438293082190542052760287897872,11831045097375872483236436103276908008289499635653800575456802389097994932921232531331994908247536128299282532227551195133379911929404924597865579111063246824808505511456888897175983451539084056024583910655667037148807016339971984984363686689752100638275435867293799089421512563131435626105045776,-3153133869250738809887673760228685045669741253165184428702302647141003981627385652526565535209241739492226363062854874518653135976151021522081258984682980995530983283637925430419443709913630735692315361063762194206743916343084832200335553534962180853434838766644332120026653479438235924288317630020024,3627227193580160947892037806568957771501713509828565354808104145919892581151016632874472402607402586672609942058725246061106787900847835048762842187012524556943296850827120873992456999506781825807524946135142270046429480350267233015826970188056141713439151977133115149278661013215728774259395312034944,24519365977706580086617845289218131600441054844473497247560812396171061427552240846119451146063149948044203000532127032422768966259941588680246431800466717865518278039315865667321182161108809961202085560092133376553690304899217007220663230156085434592528842165928874645848850743140817478458750432,307893273511456563481392428532708981289544571436695801911177204463195529330303732086268723207609106635069284375480850505433846816652781936052989621084285129879448349681421834670604380669439535304892308005853354124242323591994998481563077836426577829941922200238871168726466684925301331262739233682520,-664525856154388824409964702994573718308216404017571947387572387770478455025665608738234049469620674946637299544317589064349214608255649797924802530126822662231762195443289274513332962980206103200148736712457261323841208237967237716686690023368728949872372461429352399368899109029462864230963182696592,461693901957596677404904679179765434787861224546574992569490468614890047095556032510443878607459703727220599361975310081032230717881659239685111422022112682220578034523270706124349452808493183446419073543420571860743487089369598871896804556314036361742557938959904011904301045935417196640620651367664,-1722848832911692738050366590916917903431160885368633722797374935303158584510476300241140727508080531582124923851082943496417411746432894579430319116678192426395255748661315851389903622900646117391372981502526123318615806616601199944308344405722651459990154008640624924303146157480830999089558764372464,2085721845469127793723287017746585236633389685365348030314878818653418475744061620907228158229737672242319030978606052480842095588499438301788478691519963588671641861751619312145863304189985982038244535699747415507687961421264454134405701408825479470653397069770887866934748466997098896976842678091992,412984517488986994204562049522419814670129503299508229289321636366478459698468271496630708643922011182649515911751752352397757408679481756129932369194830213288693014416240842858697864570993841626322234060808480644287959877780856844738940099363129634483118540154001132159698467246586898823876612233752,618412913514886103822282057230082647329624642787886508219854104011981783364303219948351385337506337191434109734125897149808571043944677920522013963666809709879653685553704897839696525554856387008913630848717166225750542347985793281115439112443776395218808959407772155457185962620798106885561128662176,86137064150128141848101836851594363888006319181186206771483517430042659682181579181834810337532019496980941217816179602739541096310977165407816328557856151526089920709391624370676858397931660958787867817189590934443152302817056317968719922227610374581325488253486899170867167665417244349445996647968,2460301211129500249930514564461617138004271825091105383022856390961981113566155262298754278502304430525365584497346433609337679499428036624907568455929893462576672190462413040340963158770188375712449038648766137263239538697920434595837879656269966620493889133908562829342814409157249186853365014363912,-28989736421015977275625329066693589165881989203332841807969354527984016056078419056528032554623068897736225697463205344299899417767505626688873240015557724262206257307123717841496067946392938411423390386899839351235096702302856455950983342450163312292427406062899216303736862367026193281416462208,404195845132927475391069044389913559396603227082525186268217975216102407419085416684294156981138091384848053422682518653942776528702727064542634625980442617175797327535599603227108297992122337467277891182213898682029553985477072695906036708228785628606023111463361284548531274882786637189435971743296,-454551831224858477830887560424140781809025057075943830220916571700144643725728468332991066340522699976715725453303874732352387673419394958106441906094310125676002006416319532858926950473679825181929843405704064972708307227195156924527803876908872295055608538926098770917878227215424474833310916121560,918209169855126898103959920490977288172586186553837307034077232592688761441022593617546899746809095856569066147246380245088574678191193533139065307303836085323721804131264352924731928971211085384403190168266032045803566806752399354371129861757579915352085337974990245114263534028891754162768261589968,19764900140336839735895687753230347054388634933975155169246654101651369605416264197533204241487640088695822010029853549963789190594337606877067074961224354085651602201116233941363564359233476635781083062456412005191939365135502669534307627841624330890408788654458893203441001258148184067714976080,-736969310486663574544768906627143739874273206031695993741234671793128650133241176635644747231860414459261468807978795223297135963138824706120111687989432905321642033926959635688671227467956094325576444608715653889759581475856066288967586625657535213138514513174075630727040591734910292723319618135712,40998376300772521227314695823675252891151914524896148894147075395329274092876624270396700921253386681639633337412659887167156913383702011259104713326687039185489415478577506857044779471133299407851110490046064291259577361504204779079739872856946682075086618516070409382139564923739848783074955620792,102080051993114488488506972461397798572445039529349305748464559589679199091472623258836456329021377139268527320522762188122769905197883938979281336
-7486272261045322136720775056667776499888161662161220218063945850693089958106448652679663738814302213042875620482470692003720402529884869244214686732888826306313229343302009458518796666002842128614479443208842512062889240398618696897184627747326396118233634357730952187585045112917297590239514984,-327310362537138904246891530119112263630012660468904491592876118380780966367822981549401440307404586432078618722045474700034023964987209587947881648647884283907328837107755634367894799049372958673680466815365821286128938892091660706591019352732976708467925538460072645851781455783802005058300043175568,990746031462950675419703081815145425857207851241584708944002343303903064926127873099168917622549429566061156555134407021465244504934241586200370245046078958916479232033981871407156279894782068392964537296536673675592207413409029090131760325782395888646998883912605111271748230708532059772581334539064,427910535387186959521027578044996527356104635768028639746160563352284628068680799479724479835986666146847810584095555166782827248598466531022188231385868753058552270857519290953925747455410657090095765609129559235093543166781485878097632068220103155617711961528351469824010075546957130041481160262288,-518082983991600065176699441172783330329036573721147312485317381304443581973264561409723756141185598106716325784556256578884099284209492762626145195907087682514584424506208530710625556081400346677328397843216519566525266995253362234327407866744133081398722206032787645484220927867697003678543668594896,-2402080342181655171236095958452712646999911527639304601745882127483209293866754705618958288382000796955440287064169930813346721090268175774488924820967666654060034302379987644649519511904824895995163808769969812870374003042466727984686441706936018050060204887906915069388749562025468837299555334082784,40998376300772521264484280985830604487454585924557998969868250615632142506087070921662577338328347948657676581589489338538980018710189517462024840724984370418214014291824326516515015523818097088236715973974171154649879506946337301180580539149304821019171206790489645105773539411818185904497288839736,1567431087094866515526236139868349888033355467494274135805154022584719420638166114854773082628809110887176457910054491570750238005180180502113880008490318196143612619465879843053298623547585516801430493878985887602150755340566748943306868534780399200204621899836150030719512897117931845064056248475392,990746031462950675331047877791698776334040188979889878498327158693582960447736902065136385209914270409232595766660922944395041836990981773138090467754804188655576094052679206794028680867210025414902497773168828116516097677615758715300119969874993192808005211980162294429503419614004372082428308059712,1150563446951221328228355079161532057633286298973583277746005959680817943480631219032134175725844257116172028952786837983778331792186832053090465042361892618494906778578730366862170382766921762626228890635670304342443030460290404008104951802160070934644407471987819980743379705468023169292686000853456,6272222386237661561148043150765433878176600259910284460663582074128522179061669062981989038151362841070558517459062273308184345502222893519524252651003863201754976850436171362506383563420310455175411442952546571377716903872001158222567726827115296579891804130145392524652831333682145901173192170561168,-627634533218241393032047478894188912822618151095405587737793774986194605280687685258252243125807805820325665058170347122165128946273583631045645269474437952876679053104901237851526340079681936694116678121806955556033362024281004428872832296773142046443711850058973008952812901129923752535663578895696,334382101338656830040550796921358110864633888114559087821887174498827721167238903819258868323425187543128276236498943109239161399049565622403291869706770860949300314437131693355499852013653915275789766098487867615257724276955428208919681843624922954101387729146849397576117281791131324976711013962688,-2274905177906727715896239523253009743090453565765345766177820037696884732460908146294170420259908557486422913397954520512516666590852487646896359201046792114767542920,0,0,0,0,0,0,0,0,0,0,0,0,0,0,0,0,0,0,0,0,0,0,0,0,0,0,0,0,0,0,-1917077107644974960535995954277869234851494611734041064268488013183645461816782939377240374950489986590444699597688478091411945960952085760068874114627117514886217728,0,0,0,0,0,0,0,0,0,0,0,0,0,0,0,0,0,0
0,0,0,0,0,0,0,0,0,0,0,-12033835617977853467994536613125339931601017058579545982149185577707169357385038453464015677067395713736705023143078284285187257036489801031997765642318688020347214355795017017864569112518939545300668435031720771469654884352,0,0,0,0,0,0,0,0,0,0,0,0,-39566456882302323929586864628757024349102494711808,0,0,0,0,0,0,0,0,0,0,0,0,0,0,0,0,0,0,0,0,0,0,0,0,-4106839297870463324554044375040,0,0,0,0,-102966785822739971818276745959227441026080249393389975653051130701509991447549660554953573277286958248572773400939761409906936512083253279064064000,0,-889244167483703697734821000903416248023182058382346308744576189333504,-2108140048227327631977261465418688674856349233164193382482430414658831070635578211155881464310921867896909505395866542330678421448934014392353143447698363177349876845675433186407189666854738552602754642726334653744226476487053754284321492163768916657620825249108553608346172688042910111993460063993856,-27344897387149831093992938569916236985574677698330201709401748774926034527124590305621778112723534369627028029571789168915548775180344233165787327194092391006397969876895796329603933936323577646971076975760817429370851315282528016709278468096,53971926532717175147331584,-142982142768,0,0
-5169921914005296660326928881051636494777724049714726099456647039313398628671099536410458875432824333913844557605920987649897520753534155246038047127833494214361296842984578170408851513005542441526446269821569424177730945024,0,0,0,0,0,0,0,0,0,0,0,0,0,0,0,0,0,0,0,0,0,0,0,0,0,0,0,0,0,0,0,0,0,0,0,0,0,0,0,0,0,0,0,0,0,0,0,0,0,0,0,0,0,0,0,0,0,0,0,0,0,0
0,0,0,0,0,0,0,0,0,0,0,0,0,0,0,0,0,0,0,0,0,0,0,0,0,0,0,0,0,0,0,0,0,0,0,0,0,0,0,0,0,0,0,0,0,0,0,0,0,0,0,0,0,0,0,0,0,0,0,0,0,0,0
0,0,0,0,0,0,0,0,0,0,0,0,0,0,0,-3429372038036692418047140866779572048401806797214390002745868164355616279196290766761450375845091799034780337264028222681230987074132265772349690611073305834829309479349942653663330130399398221500250823607322431981533265920,0,0,0,0,0,0,0,0,0,0,0,0,0,0,0,0,0,0,0,0,0,0,0,0,0,0,0,0,0,0,0,0,0,0,0,0,0,0,0,0,0,0,0,0,0,0,0
0,0,0,0,0,0,0,0,0,0,0,0,0,0,0,0,0,0,0,0,0,0,0,0,0,0,0,0,0,0,0,0,0,0,0,0,0,0,0,0,0,0,0,0,0,0,0,0,0,0,0,0,0,0,0,0,0,0,0,0,0,0,0
0,0,0,0,0,0,0,0,0,0,0,0,0,0,0,0,0,0,0,0,0,0,0,0,0,0,0,0,0,0,0,0,0,0,0,0,0,0,0,0,0,0,0,0,0,0,0,0,0,0,0,0,0,0,0,0,0,0,0,0,0,0,0
0,0,0,0,0,0,0,0,0,0,0,0,0,0,0,0,0,0,0,0,0,0,0,0,0,0,-56865012344,0,0,0,0,0,0,0,0,0,0,0,0,0,0,0,0,0,0,0,0,0,0,0,0,0,0,0,0,0,0,-549768636727820051555458522873438128250474083260236698372959275639098103647817189967341242690906424566874112,0,0,0,0,0
0,0,0,0,0,0,0,0,-3347460190171455447416993396453459995370868679017074978217432776367484996628920744943151005739537175414562003993816610385174016249211601072829905320685125918188914736709476184000469399339957767317602899414592179859858384311526984831405357931031565316170152066903016336425761565972596595899290925325056,1409503834744503617919013993988009311280211021842892336757640116621705758203870421041904710382564614216542900181469940793437559539885143900023227157404486083658164280841056498281754654226894060966522277685465384656151905151264418908267176938875649455221244259679901409249334664010747162964742643136672,144634009032,0,-85103661552404641688847695642156368720677278345536347452621721647149272870306313083235090795254263857025414210028422730932931675208053489223598080,0,0,0,0,-255773876769199267886694644199966777300279583598008215054463832948736,0,0,0,0,0,0,0,0,0,0,0,0,0,0,0,0,0,0,0,0,0,0,0,0,0,0,0,0,0,0,0,0,0,0,0,0,0,0,0,0,0,0,0,0,0
0,0,0,0,0,0,0,0,0,0,0,0,0,0,0,0,0,0,0,0,0,0,0,0,0,0,0,0,0,0,0,0,0,0,0,0,0,0,0,0,0,0,0,0,0,0,0,0,0,0,0,0,0,0,0,0,0,0,0,0,0,0,0
0,0,0,0,0,0,0,0,0,0,0,0,0,0,0,0,0,0,0,0,0,0,0,0,0,0,0,0,0,0,0,0,0,0,0,0,0,0,0,0,0,0,0,0,0,0,0,0,0,0,0,0,0,0,0,0,0,-3489793972527651004772683889507541762855530844423289250200305606872579025387730622991291868985252692075782457442131386704712269048488839291765394688956705863822198741071826828690415557347438128032136757631681037281345404928,0,0,-2892474427790361119723102376482816341901878193888431058555809454938574353497142134748113111855189288846600627789159309225121524470858777165697921219092599791532850413658926470462885448685687490302244672484279191075890568251559225766807193671053809024524766543351877958827193954809139624918677654077440,699872545262465144790092659111026808524886544835429832456923686336089410029717411832120982282007107581899852807991460648210346372837739830623293458900995822208576937001196616488953630624158433441497365229398877020305762240,0
0,-303389232458641910300132947048513095847858865388786866435675441258803573687050133104695641954082845621221960223552095421436178410398582421406337811803954035417347720888549881532002853514524109306310227495907841409369480166248270026882905276416,416960881940315694820697672649901208316348873518602161233724311833808131169380349681653967093732199119435009123836033959768278314391832337695255802331553734878124321845936141846020755932079903852929913885041045834515065510922102577779921911808,81427443980412848469997016093072070520842045385769739252836131075623656333307154776339519294982900085605129967070733744523124540582035196889696264014036673425157030223022415874566990963569543027558555273947099625880676473193829340786195371749967314911760166086185380127550904205312,-1924601865532622563342965254269750716254032221352019238758525235874288211725425553108284764976953460478791202186930717463105364266279938077071582713416666192185496436497336836743784189635408262508815957177977440387679125504,0,0,0,0,-3415537654715471677734432053553703384236716691644825137790123446493471263571094386850611655049552599768871213672768821497442691956045343672788922153232254874269898833332013383705345943099739964509088035052116128180307592650557199345366927695551820232479106947129671687954375255761203989521104896,27006993813512589452656260453780491580033702944793296982847522044912376526891074109268035381050285287810194994789682091418899464536041886325025596358127722956732795068938522628306418424932108986346376288930313985444502299530857636465783962820535572687024261719331797831476315783002242824979847960,-1352084975436079652425227251407414909101342436460499498923742577615685714222706250097362186837494851862711703324401466793590403592625679817671063723029489655002503515192008520972859590635433318838891395300218032827672124691034139772513382388620782790763712385652675107821915657000360618160250700512944,81049418110898009373515348275492037705034776170734823105899618592511306650941472858407975112566103870932460277434403044022301801592743080902103354221775390774020969606298824802210635619419750122993895614527464804990785416934467689607098674415910711586928475297474999070870173298915013840402072145968,5144122472801557914837878451761393115425284014177952507861749390024116924759062992050188163191767649347625071218913551080373660231123442347911994253217769547560546733999773750794442717991076766041201216270373642887740560410236699051459023971700299120542283581225913149408476127459973826727255752,-174937804454053112554735381723989600176247204918829943308633358917217429577472910105468512507810280201406130370870897930586842800736791528798410103127235350728188860884492125421458050110224990736676105553535810053627881446832156353188863352686490928674981246374434115676292625204457278209217091436400,101835533604615059631918998635165894672761919907603159474651244696440694831503173328182487454400222752811319006659433091582445503646385752388051882898894948163911216168904058358096634313888491787195839331799369069483591535272109132697583535230650165051878466417464645813196266357294084106660763794808,9458645854440656706976592662515069619889473927667750159454609763667664562513405371105045595340402522591020467245952987386802722786525764738161281750441117670519963392033912806953500132503698740528944821881353273542122944798531133681667031661279235057044928006997002671373174559607905910525634272,-3347453017620343057047711731398319815798929234875982819974056419706810872918677130226311898449054798949230625919271189164834797442173278679623688062393492066320264514109577976278687674085177047417310303315033482280453565843584629404241629281737399922487899296930177970253770550991822086097244078757256,-418046202011690756489354844777398017104736662509509936678604619429764676815125740387896472260456282166354113814806689313422202019506339490190757478201432765764245804882457079209297940320389684232818891591753646286521248363653120646165701082226530833860472640457640399928247472722622881868100881030064,327322165047956854681160900267824762314394803121870389653233589843717773615755869357885351593691038446207687308411581465876837873551550409328318693355823150232023111022386702355186891051608094730773017711207639344240632903637799134979353534427844137266609712124370053750060910710154680669894705507784,-174937804454053112542653751554054653941776741967720120516159555835836991745098922745747245793458050719366069471513610647364333083479077680658876603158690130018693425304635985419031256200542344173038744226849655167459058357566273227050691554848890265535857589211654889294745065494254677493982276431528,-100877249513032353652275744898541175415108075042939361545101264269420117012176622213760101693179407605028894973681275959067673787928783217779929643525321067947907161132048910091686491722005449076890823041778061495636114487723551418627477690099287728750773819261124364222881777821333494606839984554632,131175984776085870855488380143224396002986284879138617958553964682334194324036855492943298272776431213007085251218500944737202763208882616227447730032269513650724068626795960681338511780321995178687407058416057253150106043010318180597090810185604236167892690693396957297165560789001778050701197712608,3506675831350084469157995568977396651235432769124013115308068845458535357904083164866010304422294844718228285449678023516263946644714192492677696204010081139432301711665262629288639261845086915156958619495480607252046474193727884189948700463426828820169895922376135102073338924757200620844066728,-144650864451303921352972951264320409766188092344795911319834413674819268908295770230331078240706333303187638413128846796541953119204504779436668602417837583250751048234599056015226714126396347374332833630484640526443401381931272431012900663300224276254409537124001146120248488064312219877075831690984,-536975741365701350530137714285762966171903234179537513375901174450167988001010261947016207099326228948720156360303172413364632919507412503697891998576887335202451648419690870409644351354368429177869135690235562069440108981384390631757943482285703588226808767536982812103352285409796031511620964502400,-19850300168,0,0,0,0,0,0,0,0,0,0,0,0,0,0,0,0,0,0,0,0,0,0,0,0,0,0,0,0,0,0,0,0,0,0,0,0
0,0,0,0,0,0,0,0,0,0,0,0,0,0,0,0,0,0,0,0,0,0,0,0,0,0,0,0,0,0,0,0,0,0,0,0,0,0,0,0,0,0,0,0,0,0,0,0,0,0,0,0,0,0,0,0,0,0,0,0,0,0,0
0,0,0,0,0,0,0,0,0,0,0,0,0,0,0,0,0,0,0,0,0,0,0,0,0,0,0,0,0,0,0,0,0,0,0,0,0,0,0,0,0,0,0,0,0,0,0,0,0,0,0,0,0,0,0,0,0,0,0,0,0,0,0
0,0,0,0,0,0,0,0,0,0,0,0,0,0,0,0,0,0,0,0,0,0,0,0,0,0,0,0,0,0,0,0,0,0,0,0,0,0,0,0,0,0,0,0,0,0,0,0,0,0,0,0,0,0,0,0,0,0,0,0,0,0,0
0,0,0,0,0,0,0,0,0,0,0,0,0,0,0,0,0,0,0,0,0,0,0,0,0,0,0,0,0,0,0,0,0,0,0,0,0,0,0,0,0,0,0,0,0,0,0,0,0,0,0,0,0,0,0,0,0,0,0,0,0,0,0
0,0,0,0,0,0,0,0,0,0,0,0,0,0,0,0,0,0,0,0,0,0,0,0,0,0,0,0,0,0,0,0,0,0,0,0,0,0,0,0,0,0,0,0,0,0,0,0,0,0,0,0,0,0,0,0,0,0,0,0,0,0,0
0,0,0,0,0,0,0,0,0,0,0,0,0,0,0,0,0,0,0,0,0,0,0,0,0,0,0,0,0,0,0,0,0,0,0,0,0,0,0,0,0,0,0,0,0,0,0,0,0,0,0,0,0,0,0,0,0,0,0,0,0,0,0
0,0,0,0,0,0,0,0,0,0,0,0,0,0,0,0,0,0,0,0,0,0,0,0,0,0,0,0,0,0,0,0,0,0,0,0,0,0,0,0,0,0,0,0,0,0,0,0,0,0,0,0,0,0,0,0,0,0,0,0,0,0,0
0,0,0,0,0,0,0,0,0,0,0,0,0,0,0,0,0,0,0,0,0,0,0,0,0,0,0,0,0,0,0,0,0,0,0,0,0,0,0,0,0,0,0,0,0,0,0,0,0,0,0,0,0,0,0,0,0,0,0,0,0,0,0
0,0,0,0,0,0,0,0,0,0,0,0,0,0,0,0,0,0,0,0,0,0,0,0,0,0,0,0,0,0,0,0,0,0,0,0,0,0,0,0,0,0,0,0,0,0,0,0,0,0,0,0,0,0,0,0,0,0,0,0,0,0,0
0,0,0,0,0,0,0,0,0,0,0,0,0,0,0,0,0,0,0,0,0,0,0,0,0,0,0,0,0,0,0,0,0,0,0,0,0,0,0,0,0,0,0,0,0,0,0,0,0,0,0,0,0,0,0,0,0,0,0,0,0,0,0
0,0,0,0,0,0,0,0,0,0,0,0,0,0,0,0,0,0,0,0,0,0,0,0,0,0,0,0,0,0,0,0,0,0,0,0,0,0,0,0,0,0,0,0,0,0,0,0,0,0,0,0,0,0,0,0,0,0,0,0,0,0,0
0,0,0,0,0,0,0,0,0,0,0,0,0,0,0,0,0,0,0,0,0,0,0,0,0,0,0,0,0,0,0,0,0,0,0,0,0,0,0,0,0,0,0,0,0,0,0,0,0,0,0,0,0,0,0,0,0,0,0,0,0,0,0
0,0,0,0,0,0,0,0,0,0,0,0,0,0,0,0,0,0,0,0,0,0,0,0,0,0,0,0,0,0,0,0,0,0,0,0,0,0,0,0,0,0,0,0,0,0,0,0,0,0,0,0,0,0,0,0,0,0,0,0,0,0,0
0,0,0,0,0,0,0,0,0,0,0,0,0,0,0,0,0,0,0,0,0,0,0,0,0,0,0,0,0,0,0,0,0,0,0,0,0,0,0,0,0,0,0,0,0,0,0,0,0,0,0,0,0,0,0,0,0,0,0,0,0,0,0
0,0,0,0,0,0,0,0,0,0,0,0,0,0,0,0,0,0,0,0,0,0,0,0,0,0,0,0,0,0,0,0,0,0,0,0,0,0,0,0,0,0,0,0,0,0,0,0,0,0,0,0,0,0,0,0,0,0,0,0,0,0,0
0,0,0,0,0,0,0,0,0,0,0,0,0,0,0,0,0,0,0,0,0,0,0,0,0,0,0,0,0,0,0,0,0,0,0,0,0,0,0,0,0,0,0,0,0,0,0,0,0,0,0,0,0,0,0,0,0,0,0,0,0,0,0
0,0,0,0,0,0,0,0,0,0,0,0,0,0,0,0,0,0,0,0,0,0,0,0,0,0,0,0,0,0,0,0,0,0,0,0,0,0,0,0,0,0,0,0,0,0,0,0,0,0,0,0,0,0,0,0,0,0,0,0,0,0,0
0,0,0,0,0,0,0,0,0,0,0,0,0,0,0,0,0,0,0,0,0,0,0,0,0,0,0,0,0,0,0,0,0,0,0,0,0,0,0,0,0,0,0,0,0,0,0,0,0,0,0,0,0,0,0,0,0,0,0,0,0,0,0
0,0,0,0,0,0,0,0,0,0,0,0,0,0,0,0,0,0,0,0,0,0,0,0,0,0,0,0,0,0,0,0,0,0,0,0,0,0,0,0,0,0,0,0,0,0,0,0,0,0,0,0,0,0,0,0,0,0,0,0,0,0,0
0,0,0,0,0,0,0,0,0,0,0,0,0,0,0,0,0,0,0,0,0,0,0,0,0,0,0,0,0,0,0,0,0,0,0,0,0,0,0,0,0,0,0,0,0,0,0,0,0,0,0,0,0,0,0,0,0,0,0,0,0,0,0
0,0,0,0,0,0,0,0,0,0,0,0,0,0,0,0,0,0,0,0,0,0,0,0,0,0,0,0,0,0,0,0,0,0,0,0,0,0,0,0,0,0,0,0,0,0,0,0,0,0,0,0,0,0,0,0,0,0,0,0,0,0,0
0,0,0,0,0,0,0,0,0,0,0,0,0,0,0,0,0,0,0,0,0,0,0,0,0,0,0,0,0,0,0,0,0,0,0,0,0,0,0,0,0,0,0,0,0,0,0,0,0,0,0,0,0,0,0,0,0,0,0,0,0,0,0
0,0,0,0,0,0,0,0,0,0,0,0,0,0,0,0,0,0,0,0,0,0,0,0,0,0,0,0,0,0,0,0,0,0,0,0,0,0,0,0,0,0,0,0,0,0,0,0,0,0,0,0,0,0,0,0,0,0,0,0,0,0,0
0,0,0,0,0,0,0,0,0,0,0,0,0,0,0,0,0,0,0,0,0,0,0,0,0,0,0,0,0,0,0,0,0,0,0,0,0,0,0,0,0,0,0,0,0,0,0,0,0,0,0,0,0,0,0,0,0,0,0,0,0,0,0
0,0,0,0,0,0,0,0,0,0,0,0,0,0,0,0,0,0,0,0,0,0,0,0,0,0,0,0,0,0,0,0,0,0,0,0,0,0,0,0,0,0,0,0,0,0,0,0,0,0,0,0,0,0,0,0,0,0,0,0,0,0,0
0,0,0,0,0,0,0,0,0,0,0,0,0,0,0,0,0,0,0,0,0,0,0,0,0,0,0,0,0,0,0,0,0,0,0,0,0,0,0,0,0,0,0,0,0,0,0,0,0,0,0,0,0,0,0,0,0,0,0,0,0,0,0
0,0,0,0,0,0,0,0,0,0,0,0,0,0,0,0,0,0,0,0,0,0,0,0,0,0,0,0,0,0,0,0,0,0,0,0,0,0,0,0,0,0,0,0,0,0,0,0,0,0,0,0,0,0,0,0,0,0,0,0,0,0,0
0,0,0,0,0,0,0,0,0,0,0,0,0,0,0,0,0,0,0,0,0,0,0,0,0,0,0,0,0,0,0,0,0,0,0,0,0,0,0,0,0,0,0,0,0,0,0,0,0,0,0,0,0,0,0,0,0,0,0,0,0,0,0
0,0,0,0,0,0,0,0,0,0,0,0,0,0,0,0,0,0,0,0,0,0,0,0,0,0,0,0,0,0,0,0,0,0,0,0,0,0,0,0,0,0,0,0,0,0,0,0,0,0,0,0,0,0,0,0,0,0,0,0,0,0,0
0,0,0,0,0,0,0,0,0,0,0,0,0,0,0,0,0,0,0,0,0,0,0,0,0,0,0,0,0,0,0,0,0,0,0,0,0,0,0,0,0,0,0,0,0,0,0,0,0,0,0,0,0,0,0,0,0,0,0,0,0,0,0
0,0,0,0,0,0,0,0,0,0,0,0,0,0,0,0,0,0,0,0,0,0,0,0,0,0,0,0,0,0,0,0,0,0,0,0,0,0,0,0,0,0,0,0,0,0,0,0,0,0,0,0,0,0,0,0,0,0,0,0,0,0,0
0,0,0,0,0,0,0,0,0,0,0,0,0,0,0,0,0,0,0,0,0,0,0,0,0,0,0,0,0,0,0,0,0,0,0,0,0,0,0,0,0,0,0,0,0,0,0,0,0,0,0,0,0,0,0,0,0,0,0,0,0,0,0
0,0,0,0,0,0,0,0,0,0,0,0,0,0,0,0,0,0,0,0,0,0,0,0,0,0,0,0,0,0,0,0,0,0,0,0,0,0,0,0,0,0,0,0,0,0,0,0,0,0,0,0,0,0,0,0,0,0,0,0,0,0,0
0,0,0,0,0,0,0,0,0,0,0,0,0,0,0,0,0,0,0,0,0,0,0,0,0,0,0,0,0,0,0,0,0,0,0,0,0,0,0,0,0,0,0,0,0,0,0,0,0,0,0,0,0,0,0,0,0,0,0,0,0,0,0
0,0,0,0,0,0,0,0,0,0,0,0,0,0,0,0,0,0,0,0,0,0,0,0,0,0,0,0,0,0,0,0,0,0,0,0,0,0,0,0,0,0,0,0,0,0,0,0,0,0,0,0,0,0,0,0,0,0,0,0,0,0,0
0,0,0,0,0,0,0,0,0,0,0,0,0,0,0,0,0,0,0,0,0,0,0,0,0,0,0,0,0,0,0,0,0,0,0,0,0,0,0,0,0,0,0,0,0,0,0,0,0,0,0,0,0,0,0,0,0,0,0,0,0,0,0
0,0,0,0,0,0,0,0,0,0,0,0,0,0,0,0,0,0,0,0,0,0,0,0,0,0,0,0,0,0,0,0,0,0,0,0,0,0,0,0,0,0,0,0,0,0,0,0,0,0,0,0,0,0,0,0,0,0,0,0,0,0,0
0,0,0,0,0,0,0,0,0,0,0,0,0,0,0,0,0,0,0,0,0,0,0,0,0,0,0,0,0,0,0,0,0,0,0,0,0,0,0,0,0,0,0,0,0,0,0,0,0,0,0,0,0,0,0,0,0,0,0,0,0,0,0
0,0,0,0,0,0,0,0,0,0,0,0,0,0,0,0,0,0,0,0,0,0,0,0,0,0,0,0,0,0,0,0,0,0,0,0,0,0,0,0,0,0,0,0,0,0,0,0,0,0,0,0,0,0,0,0,0,0,0,0,0,0,0
0,0,0,0,0,0,0,0,0,0,0,0,0,0,0,0,0,0,0,0,0,0,0,0,0,0,0,0,0,0,0,0,0,0,0,0,0,0,0,0,0,0,0,0,0,0,0,0,0,0,0,0,0,0,0,0,0,0,0,0,0,0,0
0,0,0,0,0,0,0,0,0,0,0,0,0,0,0,0,0,0,0,0,0,0,0,0,0,0,0,0,0,0,0,0,0,0,0,0,0,0,0,0,0,0,0,0,0,0,0,0,0,0,0,0,0,0,0,0,0,0,0,0,0,0,0
