3305,3305,-96,-96,3305,-96,-96,3305,3305,3305,-96,-96,3305,-96,-96,3305,-5352,-5352,-5352,-5352,-5352,-5352,-5352,-5352,-6265,1290,-1203,6743,3019,6743,-1203,3019,-6509,-1203,6743,3019,6743,-1203,3019,-7095,-7095,3081,3081,3081,3081,-7095,-7095,1290,-6265,6743,-1203,3019,-1203,6743,3019,-6509,6743,-1203,3019,-1203,6743,3019,3081,3081,-7095,-7095,-7095,-7095,3081,3081,1359,1795,-4165,6743,9632,-6305,1359,1359,6743,-6305,6743,5422,-4165,1359,-11211,-11211,-5643,-5643,140,140,-5643,-5643,1359,1795,6743,-6305,9632,1359,6743,1359,-6305,6743,-4165,5422,1359,-5643,-5643,-11211,-11211,-5643,-5643,140,140,3019,3019,-6265,-1203,-1203,1290,3019,3019,6743,6743,-1203,-1203,-6509,3081,3081,3081,3081,-7095,-7095,-7095,-7095,1359,9632,1359,1795,-4165,6743,6743,1359,5422,-4165,1359,-6305,6743,140,140,-5643,-5643,-11211,-11211,-5643,-5643,1359,9632,1359,1795,6743,1359,6743,-4165,5422,1359,-6305,6743,-5643,-5643,140,140,-5643,-5643,-11211,-11211,3019,3019,-1203,-1203,1290,-6265,3019,3019,-1203,-1203,-6509,6743,6743,-7095,-7095,-7095,-7095,3081,3081,3081,3081,-6509,-1203,3019,-1203,3019,-6265,1290,-1203,6743,3019,6743,-1203,3019,-7095,-7095,3081,3081,3081,3081,-7095,-7095,-6509,-1203,3019,-1203,3019,1290,-6265,6743,-1203,3019,-1203,6743,3019,3081,3081,-7095,-7095,-7095,-7095,3081,3081,1359,5422,1359,1359,1795,-4165,6743,9632,-6305,1359,-11211,-11211,-5643,-5643,140,140,-5643,-5643,1359,5422,1359,1359,1795,6743,-6305,9632,1359,-5643,-5643,-11211,-11211,-5643,-5643,140,140,3019,3019,-1203,-1203,-6509,3019,3019,-6265,-1203,-1203,1290,3081,3081,3081,3081,-7095,-7095,-7095,-7095,1359,5422,1359,1359,9632,1359,1795,-4165,6743,140,140,-5643,-5643,-11211,-11211,-5643,-5643,1359,5422,1359,1359,9632,1359,1795,6743,-5643,-5643,140,140,-5643,-5643,-11211,-11211,3019,3019,-1203,-1203,-6509,3019,3019,-1203,-1203,1290,-6265,-7095,-7095,-7095,-7095,3081,3081,3081,3081,-2560,-4953,-2560,-2560,-4953,-2560,-35554,-18103,-18103,-24717,-24717,-18103,-18103,-2560,-4953,-2560,-2560,-4953,-2560,-35554,-18103,-18103,-24717,-24717,-18103,-18103,-2560,-4953,-2560,-2560,-4953,-2560,-35554,-18103,-18103,-24717,-24717,-2560,-4953,-2560,-2560,-4953,-2560,-35554,-18103,-18103,-24717,-24717,-2560,-4953,-2560,-2560,-4953,-2560,-35554,-18103,-18103,-2560,-4953,-2560,-2560,-4953,-2560,-35554,-18103,-18103,-2560,-4953,-2560,-2560,-4953,-2560,-35554,-2560,-4953,-2560,-2560,-4953,-2560,-35554
0,0,-7706,-321,0,-7706,-321,0,0,0,7706,321,0,7706,321,0,0,0,0,0,0,0,0,0,0,0,5767,9133,-2487,-1608,3020,891,0,-5767,-9133,2487,1608,-3020,-891,0,0,0,0,0,0,0,0,0,0,-1608,3020,-891,5767,9133,2487,0,1608,-3020,891,-5767,-9133,-2487,0,0,0,0,0,0,0,0,-7464,11751,-12657,-2376,42332,-1706,-7000,-7464,-1608,-1570,-2376,-12248,-11644,-7000,-35889,-35889,9138,9138,15867,15867,9037,9037,-5867,490,-9299,-1706,1764,5264,9133,-5867,1570,-9299,11644,-510,5264,1593,1593,-1496,-1496,-836,-836,661,661,-2421,686,0,5535,-2549,0,2421,-686,2376,9299,-5535,2549,0,0,0,0,0,0,0,0,0,-7464,42332,-7000,11751,-12657,-2376,-1608,-7464,-12248,-11644,-7000,-1570,-2376,15867,15867,9037,9037,-35889,-35889,9138,9138,-5867,1764,5264,490,-9299,-5867,9133,11644,-510,5264,1570,-9299,-836,-836,661,661,1593,1593,-1496,-1496,-686,2421,5535,-2549,0,0,686,-2421,-5535,2549,0,2376,9299,0,0,0,0,0,0,0,0,0,5767,2487,3020,-891,0,0,-5767,-9133,-2487,1608,-3020,891,0,0,0,0,0,0,0,0,0,3020,891,5767,-2487,0,0,1608,-3020,-891,-5767,-9133,2487,0,0,0,0,0,0,0,0,7464,12248,7000,7464,-11751,12657,2376,-42332,1706,7000,35889,35889,-9138,-9138,-15867,-15867,-9037,-9037,5867,510,-5264,5867,-490,9299,1706,-1764,-5264,-1593,-1593,1496,1496,836,836,-661,-661,2421,-686,5535,-2549,0,-2421,686,0,-5535,2549,0,0,0,0,0,0,0,0,0,7464,12248,7000,7464,-42332,7000,-11751,12657,2376,-15867,-15867,-9037,-9037,35889,35889,-9138,-9138,5867,510,-5264,5867,-1764,-5264,-490,9299,836,836,-661,-661,-1593,-1593,1496,1496,686,-2421,5535,-2549,0,-686,2421,-5535,2549,0,0,0,0,0,0,0,0,0,0,0,711,0,0,-711,0,0,0,0,-45572,45572,0,0,0,711,0,0,-711,0,0,0,0,45572,-45572,0,0,0,30,0,0,-30,0,0,0,0,-1899,1899,0,30,0,0,-30,0,0,0,0,1899,-1899,0,711,0,0,-711,0,0,0,0,0,711,0,0,-711,0,0,0,0,0,30,0,0,-30,0,0,0,30,0,0,-30,0,0
0,0,321,-7706,0,321,-7706,0,0,0,-321,7706,0,-321,7706,0,0,0,0,0,0,0,0,0,0,0,2549,-2376,-686,9299,5535,2421,0,-2549,2376,686,-9299,-5535,-2421,0,0,0,0,0,0,0,0,0,0,9299,5535,-2421,2549,-2376,686,0,-9299,-5535,2421,-2549,2376,-686,0,0,0,0,0,0,0,0,-5264,-490,-11644,-9133,-1764,-1570,5867,-5264,9299,1706,-9133,510,12657,5867,1496,1496,836,836,-661,-661,-1593,-1593,-7000,11751,-1608,-1570,42332,-7464,-2376,-7000,-1706,-1608,-12657,-12248,-7464,9037,9037,-35889,-35889,9138,9138,15867,15867,891,-2487,0,-3020,5767,0,-891,2487,9133,1608,3020,-5767,0,0,0,0,0,0,0,0,0,-5264,-1764,5867,-490,-11644,-9133,9299,-5264,510,12657,5867,1706,-9133,-661,-661,-1593,-1593,1496,1496,836,836,-7000,42332,-7464,11751,-1608,-7000,-2376,-12657,-12248,-7464,-1706,-1608,9138,9138,15867,15867,9037,9037,-35889,-35889,2487,-891,-3020,5767,0,0,-2487,891,3020,-5767,0,9133,1608,0,0,0,0,0,0,0,0,0,2549,686,5535,-2421,0,0,-2549,2376,-686,-9299,-5535,2421,0,0,0,0,0,0,0,0,0,5535,2421,2549,-686,0,0,-9299,-5535,-2421,-2549,2376,686,0,0,0,0,0,0,0,0,5264,-510,-5867,5264,490,11644,9133,1764,1570,-5867,-1496,-1496,-836,-836,661,661,1593,1593,7000,12248,7464,7000,-11751,1608,1570,-42332,7464,-9037,-9037,35889,35889,-9138,-9138,-15867,-15867,-891,2487,-3020,5767,0,891,-2487,0,3020,-5767,0,0,0,0,0,0,0,0,0,5264,-510,-5867,5264,1764,-5867,490,11644,9133,661,661,1593,1593,-1496,-1496,-836,-836,7000,12248,7464,7000,-42332,7464,-11751,1608,-9138,-9138,-15867,-15867,-9037,-9037,35889,35889,-2487,891,-3020,5767,0,2487,-891,3020,-5767,0,0,0,0,0,0,0,0,0,0,0,-30,0,0,30,0,0,0,0,1899,-1899,0,0,0,-30,0,0,30,0,0,0,0,-1899,1899,0,0,0,711,0,0,-711,0,0,0,0,-45572,45572,0,711,0,0,-711,0,0,0,0,45572,-45572,0,-30,0,0,30,0,0,0,0,0,-30,0,0,30,0,0,0,0,0,711,0,0,-711,0,0,0,711,0,0,-711,0,0
0,0,3834,-3834,0,3834,-3834,0,0,0,3834,-3834,0,3834,-3834,0,-1046,-1046,1046,1046,-1046,-1046,1046,1046,0,0,4947,-5822,-1996,5822,-4947,1996,0,4947,-5822,-1996,5822,-4947,1996,-2182,-2182,-603,-603,603,603,2182,2182,0,0,5822,-4947,1996,4947,-5822,-1996,0,5822,-4947,1996,4947,-5822,-1996,603,603,2182,2182,-2182,-2182,-603,-603,5285,20089,0,5822,-180,0,5285,5285,5822,0,5822,-6413,0,5285,4276,4276,-2028,-2028,4597,4597,-2028,-2028,-5285,-20089,-5822,0,180,-5285,-5822,-5285,0,-5822,0,6413,-5285,2028,2028,-4276,-4276,2028,2028,-4597,-4597,-1996,1996,0,4947,-4947,0,-1996,1996,5822,-5822,4947,-4947,0,603,603,-603,-603,-2182,-2182,2182,2182,5285,-180,5285,20089,0,5822,5822,5285,-6413,0,5285,0,5822,4597,4597,-2028,-2028,4276,4276,-2028,-2028,-5285,180,-5285,-20089,-5822,-5285,-5822,0,6413,-5285,0,-5822,2028,2028,-4597,-4597,2028,2028,-4276,-4276,1996,-1996,4947,-4947,0,0,1996,-1996,4947,-4947,0,5822,-5822,-2182,-2182,2182,2182,603,603,-603,-603,0,4947,-1996,-4947,1996,0,0,4947,-5822,-1996,5822,-4947,1996,-2182,-2182,-603,-603,603,603,2182,2182,0,-4947,1996,4947,-1996,0,0,5822,-4947,1996,4947,-5822,-1996,603,603,2182,2182,-2182,-2182,-603,-603,5285,-6413,5285,5285,20089,0,5822,-180,0,5285,4276,4276,-2028,-2028,4597,4597,-2028,-2028,-5285,6413,-5285,-5285,-20089,-5822,0,180,-5285,2028,2028,-4276,-4276,2028,2028,-4597,-4597,-1996,1996,4947,-4947,0,-1996,1996,0,4947,-4947,0,603,603,-603,-603,-2182,-2182,2182,2182,5285,-6413,5285,5285,-180,5285,20089,0,5822,4597,4597,-2028,-2028,4276,4276,-2028,-2028,-5285,6413,-5285,-5285,180,-5285,-20089,-5822,2028,2028,-4597,-4597,2028,2028,-4276,-4276,1996,-1996,4947,-4947,0,1996,-1996,4947,-4947,0,0,-2182,-2182,2182,2182,603,603,-603,-603,58,1098,58,58,1098,58,-63194,0,0,596,596,0,0,58,1098,58,58,1098,58,-63194,0,0,596,596,0,0,-58,-1098,-58,-58,-1098,-58,63194,0,0,-596,-596,-58,-1098,-58,-58,-1098,-58,63194,0,0,-596,-596,58,1098,58,58,1098,58,-63194,0,0,58,1098,58,58,1098,58,-63194,0,0,-58,-1098,-58,-58,-1098,-58,63194,-58,-1098,-58,-58,-1098,-58,63194
-3318,3318,-4828,4606,78,4828,-4606,-78,-3318,3318,-4828,4606,78,4828,-4606,-78,7828,7828,-7468,-7468,-7828,-7828,7468,7468,-282,-6205,8621,-850,-6759,-1008,9142,-6409,5796,8621,-850,-6759,-1008,9142,-6409,23501,23501,-12436,-12436,-11806,-11806,23185,23185,6205,282,1008,-9142,6409,-8621,850,6759,-5796,1008,-9142,6409,-8621,850,6759,11806,11806,-23185,-23185,-23501,-23501,12436,12436,-4547,-4799,-352,3370,-1153,-23684,-68,-4547,1008,-557,3370,-317,-14949,-68,16497,16497,-4146,-4146,-166,-166,8978,8978,4549,4578,-3326,23684,1100,-146,-850,4549,-557,-3326,14949,302,-146,4573,4573,-15739,-15739,-9183,-9183,158,158,7588,-7278,7,10873,-11291,146,7588,-7278,3370,-3326,10873,-11291,-136,-13107,-13107,13677,13677,-7260,-7260,6162,6162,4547,1153,68,4799,352,-3370,-1008,4547,317,14949,68,557,-3370,166,166,-8978,-8978,-16497,-16497,4146,4146,-4549,-1100,146,-4578,3326,-4549,850,-14949,-302,146,557,3326,9183,9183,-158,-158,-4573,-4573,15739,15739,7278,-7588,-10873,11291,-146,-7,7278,-7588,-10873,11291,136,-3370,3326,7260,7260,-6162,-6162,13107,13107,-13677,-13677,5796,8621,-6759,9142,-6409,-282,-6205,8621,-850,-6759,-1008,9142,-6409,23501,23501,-12436,-12436,-11806,-11806,23185,23185,-5796,-9142,6409,-8621,6759,6205,282,1008,-9142,6409,-8621,850,6759,11806,11806,-23185,-23185,-23501,-23501,12436,12436,-4547,-317,-68,-4547,-4799,-352,3370,-1153,-23684,-68,16497,16497,-4146,-4146,-166,-166,8978,8978,4549,302,-146,4549,4578,-3326,23684,1100,-146,4573,4573,-15739,-15739,-9183,-9183,158,158,7588,-7278,10873,-11291,-136,7588,-7278,7,10873,-11291,146,-13107,-13107,13677,13677,-7260,-7260,6162,6162,4547,317,68,4547,1153,68,4799,352,-3370,166,166,-8978,-8978,-16497,-16497,4146,4146,-4549,-302,146,-4549,-1100,146,-4578,3326,9183,9183,-158,-158,-4573,-4573,15739,15739,7278,-7588,-10873,11291,136,7278,-7588,-10873,11291,-146,-7,7260,7260,-6162,-6162,13107,13107,-13677,-13677,7436,10571,-13491,7436,10571,-13491,19858,255,255,0,0,10831,10831,7436,10571,-13491,7436,10571,-13491,19858,255,255,0,0,10831,10831,-8079,-10085,13856,-8079,-10085,13856,-18945,-10831,-10831,0,0,-8079,-10085,13856,-8079,-10085,13856,-18945,-10831,-10831,0,0,-7436,-10571,13491,-7436,-10571,13491,-19858,-255,-255,-7436,-10571,13491,-7436,-10571,13491,-19858,-255,-255,8079,10085,-13856,8079,10085,-13856,18945,8079,10085,-13856,8079,10085,-13856,18945
78,-78,-4606,-4828,3318,4606,4828,-3318,78,-78,-4606,-4828,3318,4606,4828,-3318,7468,7468,7828,7828,-7468,-7468,-7828,-7828,7,146,-11291,3370,-7278,-3326,10873,7588,-136,-11291,3370,-7278,-3326,10873,7588,6162,6162,-13107,-13107,13677,13677,-7260,-7260,-146,-7,3326,-10873,-7588,11291,-3370,7278,136,3326,-10873,-7588,11291,-3370,7278,-13677,-13677,7260,7260,-6162,-6162,13107,13107,146,-4578,-14949,850,-1100,557,-4549,146,3326,-23684,850,-302,352,-4549,15739,15739,9183,9183,-158,-158,-4573,-4573,-68,-4799,1008,-557,-1153,-4547,3370,-68,-23684,1008,-352,-317,-4547,8978,8978,16497,16497,-4146,-4146,-166,-166,6409,6759,282,-9142,-8621,6205,6409,6759,850,1008,-9142,-8621,-5796,12436,12436,11806,11806,-23185,-23185,-23501,-23501,-146,1100,4549,4578,14949,-850,-3326,-146,302,-352,4549,23684,-850,158,158,4573,4573,-15739,-15739,-9183,-9183,68,1153,4547,4799,-1008,68,-3370,352,317,4547,23684,-1008,4146,4146,166,166,-8978,-8978,-16497,-16497,-6759,-6409,9142,8621,-6205,-282,-6759,-6409,9142,8621,5796,-850,-1008,23185,23185,23501,23501,-12436,-12436,-11806,-11806,-136,-11291,-7278,10873,7588,7,146,-11291,3370,-7278,-3326,10873,7588,6162,6162,-13107,-13107,13677,13677,-7260,-7260,136,-10873,-7588,11291,7278,-146,-7,3326,-10873,-7588,11291,-3370,7278,-13677,-13677,7260,7260,-6162,-6162,13107,13107,146,-302,-4549,146,-4578,-14949,850,-1100,557,-4549,15739,15739,9183,9183,-158,-158,-4573,-4573,-68,-317,-4547,-68,-4799,1008,-557,-1153,-4547,8978,8978,16497,16497,-4146,-4146,-166,-166,6409,6759,-9142,-8621,-5796,6409,6759,282,-9142,-8621,6205,12436,12436,11806,11806,-23185,-23185,-23501,-23501,-146,302,4549,-146,1100,4549,4578,14949,-850,158,158,4573,4573,-15739,-15739,-9183,-9183,68,317,4547,68,1153,4547,4799,-1008,4146,4146,166,166,-8978,-8978,-16497,-16497,-6759,-6409,9142,8621,5796,-6759,-6409,9142,8621,-6205,-282,23185,23185,23501,23501,-12436,-12436,-11806,-11806,-13856,10085,8079,-13856,10085,8079,18945,10831,10831,0,0,-255,-255,-13856,10085,8079,-13856,10085,8079,18945,10831,10831,0,0,-255,-255,-13491,10571,7436,-13491,10571,7436,19858,255,255,0,0,-13491,10571,7436,-13491,10571,7436,19858,255,255,0,0,13856,-10085,-8079,13856,-10085,-8079,-18945,-10831,-10831,13856,-10085,-8079,13856,-10085,-8079,-18945,-10831,-10831,13491,-10571,-7436,13491,-10571,-7436,-19858,13491,-10571,-7436,13491,-10571,-7436,-19858
0,0,0,0,0,0,0,0,0,0,0,0,0,0,0,0,-4402,4402,-503,503,-951,951,-11344,11344,0,0,0,0,0,0,0,0,0,0,0,0,0,0,0,-57,57,-186,186,5218,-5218,-6411,6411,0,0,0,0,0,0,0,0,0,0,0,0,0,0,0,9133,-9133,12098,-12098,-31919,31919,24172,-24172,0,0,0,0,0,0,0,0,0,0,0,0,0,0,3707,-3707,-9913,9913,-10306,10306,-11338,11338,0,0,0,0,0,0,0,0,0,0,0,0,0,-5349,5349,32387,-32387,2659,-2659,-30116,30116,0,0,0,0,0,0,0,0,0,0,0,0,0,6063,-6063,791,-791,1087,-1087,8504,-8504,0,0,0,0,0,0,0,0,0,0,0,0,0,-13036,13036,8870,-8870,12741,-12741,-12171,12171,0,0,0,0,0,0,0,0,0,0,0,0,-3774,3774,-21538,21538,-4631,4631,4011,-4011,0,0,0,0,0,0,0,0,0,0,0,0,0,30144,-30144,2484,-2484,1862,-1862,22655,-22655,0,0,0,0,0,0,0,0,0,0,0,0,0,-2862,2862,2308,-2308,-1209,1209,-1110,1110,0,0,0,0,0,0,0,0,0,0,0,0,0,9419,-9419,-12432,12432,31288,-31288,23633,-23633,0,0,0,0,0,0,0,0,0,0,-1706,1706,8870,-8870,5405,-5405,-12171,12171,0,0,0,0,0,0,0,0,0,-3774,3774,-32158,32158,-4631,4631,-28319,28319,0,0,0,0,0,0,0,0,0,0,0,12489,-12489,1330,-1330,-1718,1718,-16025,16025,0,0,0,0,0,0,0,0,0,-9641,9641,-9913,9913,-12308,12308,-11338,11338,0,0,0,0,0,0,0,0,-5349,5349,18945,-18945,2659,-2659,1146,-1146,0,0,0,0,0,0,0,0,0,0,0,-33063,33063,-2817,2817,2147,-2147,25149,-25149,-6358,8045,-4846,-6499,3681,-8011,11219,8072,6415,1266,816,25909,-11421,6358,-8045,4846,6499,-3681,8011,-11219,-6415,-8072,-816,-1266,11421,-25909,-121,26688,-602,-1349,-25347,-868,1283,2394,-737,2802,-2564,121,-26688,602,1349,25347,868,-1283,737,-2394,2564,-2802,-2972,11364,-1319,193,-8830,-1459,2424,20230,-17100,2972,-11364,1319,-193,8830,1459,-2424,17100,-20230,-16697,16262,-15950,-16431,13953,-17178,28909,16697,-16262,15950,16431,-13953,17178,-28909
0,0,0,0,0,0,0,0,0,0,0,0,0,0,0,0,-3052,3052,-3747,3747,-10987,10987,2272,-2272,0,0,0,0,0,0,0,0,0,0,0,0,0,0,0,9426,-9426,7030,-7030,22506,-22506,-29855,29855,0,0,0,0,0,0,0,0,0,0,0,0,0,0,0,5370,-5370,7261,-7261,2688,-2688,-1676,1676,0,0,0,0,0,0,0,0,0,0,0,0,0,0,31950,-31950,-2001,2001,-33744,33744,5456,-5456,0,0,0,0,0,0,0,0,0,0,0,0,0,-12259,12259,-5613,5613,-8857,8857,-833,833,0,0,0,0,0,0,0,0,0,0,0,0,0,7075,-7075,4782,-4782,6796,-6796,9257,-9257,0,0,0,0,0,0,0,0,0,0,0,0,0,-27465,27465,-5763,5763,11181,-11181,-747,747,0,0,0,0,0,0,0,0,0,0,0,0,5933,-5933,-5596,5596,-13911,13911,10143,-10143,0,0,0,0,0,0,0,0,0,0,0,0,0,-7342,7342,29366,-29366,22088,-22088,-5652,5652,0,0,0,0,0,0,0,0,0,0,0,0,0,-11450,11450,8759,-8759,23793,-23793,31361,-31361,0,0,0,0,0,0,0,0,0,0,0,0,0,7492,-7492,-9745,9745,-9972,9972,-7900,7900,0,0,0,0,0,0,0,0,0,0,-30562,30562,-5763,5763,-22851,22851,-747,747,0,0,0,0,0,0,0,0,0,5933,-5933,7316,-7316,-13911,13911,12538,-12538,0,0,0,0,0,0,0,0,0,0,0,5788,-5788,11006,-11006,-14080,14080,-7750,7750,0,0,0,0,0,0,0,0,0,11742,-11742,-2001,2001,-6186,6186,5456,-5456,0,0,0,0,0,0,0,0,-12259,12259,-13704,13704,-8857,8857,-11176,11176,0,0,0,0,0,0,0,0,0,0,0,5318,-5318,-31850,31850,24211,-24211,-3923,3923,-3934,29263,-4774,-4979,-21133,-4140,7778,11187,-1143,3321,-1877,1283,8761,3934,-29263,4774,4979,21133,4140,-7778,1143,-11187,1877,-3321,-8761,-1283,-5045,-222,-3938,-5897,10201,-7003,9548,24242,-11912,349,1424,5045,222,3938,5897,-10201,7003,-9548,11912,-24242,-1424,-349,-15726,21632,-15520,-16359,7631,-16565,27999,14339,21816,15726,-21632,15520,16359,-7631,16565,-27999,-21816,-14339,1785,5567,3744,4850,-11619,2892,-5791,-1785,-5567,-3744,-4850,11619,-2892,5791
0,0,0,0,0,0,0,0,0,0,0,0,0,0,0,0,10619,-10619,-4133,4133,-2315,2315,-3744,3744,0,0,0,0,0,0,0,0,0,0,0,0,0,0,0,15034,-15034,11716,-11716,5938,-5938,-7691,7691,0,0,0,0,0,0,0,0,0,0,0,0,0,0,0,-23546,23546,-30955,30955,-11197,11197,8544,-8544,0,0,0,0,0,0,0,0,0,0,0,0,0,0,4172,-4172,-7382,7382,12986,-12986,-458,458,0,0,0,0,0,0,0,0,0,0,0,0,0,9087,-9087,11590,-11590,-11191,11191,-17016,17016,0,0,0,0,0,0,0,0,0,0,0,0,0,-23436,23436,8052,-8052,10746,-10746,-30826,30826,0,0,0,0,0,0,0,0,0,0,0,0,0,23220,-23220,-1183,1183,-29685,29685,-7301,7301,0,0,0,0,0,0,0,0,0,0,0,0,12920,-12920,-17324,17324,6393,-6393,12608,-12608,0,0,0,0,0,0,0,0,0,0,0,0,0,13950,-13950,5080,-5080,3707,-3707,10896,-10896,0,0,0,0,0,0,0,0,0,0,0,0,0,-7993,7993,5700,-5700,3818,-3818,5209,-5209,0,0,0,0,0,0,0,0,0,0,0,0,0,-21205,21205,28215,-28215,9662,-9662,7232,-7232,0,0,0,0,0,0,0,0,0,0,-9000,9000,-1183,1183,-24911,24911,-7301,7301,0,0,0,0,0,0,0,0,0,12920,-12920,-9711,9711,6393,-6393,-2268,2268,0,0,0,0,0,0,0,0,0,0,0,-21315,21315,9364,-9364,-12281,12281,28343,-28343,0,0,0,0,0,0,0,0,0,31482,-31482,-7382,7382,30737,-30737,-458,458,0,0,0,0,0,0,0,0,9087,-9087,-3964,3964,-11191,11191,-10906,10906,0,0,0,0,0,0,0,0,0,0,0,-6909,6909,-7820,7820,6049,-6049,4880,-4880,16083,-8833,16028,14930,-19452,14984,-27063,-10673,-24273,-1964,-3059,-11313,-23632,-16083,8833,-16028,-14930,19452,-14984,27063,24273,10673,3059,1964,23632,11313,-7516,14090,-5712,-4553,-3082,-6357,10532,10609,2991,1863,92,7516,-14090,5712,4553,3082,6357,-10532,-2991,-10609,-92,-1863,-3903,-21272,-2804,-2858,27439,-3957,5900,9969,-2351,3903,21272,2804,2858,-27439,3957,-5900,2351,-9969,-5789,14464,-6948,-5143,-4493,-3985,9540,5789,-14464,6948,5143,4493,3985,-9540
0,0,0,0,0,0,0,0,0,0,0,0,0,0,0,0,2785,-2785,10856,-10856,-4717,4717,-1167,1167,0,0,0,0,0,0,0,0,0,0,0,0,0,0,0,-29321,29321,-22085,22085,10270,-10270,-13529,13529,0,0,0,0,0,0,0,0,0,0,0,0,0,0,0,-2793,2793,-4160,4160,-4815,4815,3795,-3795,0,0,0,0,0,0,0,0,0,0,0,0,0,0,12787,-12787,10283,-10283,-7180,7180,-10197,10197,0,0,0,0,0,0,0,0,0,0,0,0,0,-1020,1020,852,-852,-7194,7194,16365,-16365,0,0,0,0,0,0,0,0,0,0,0,0,0,-6199,6199,-24210,24210,-31808,31808,-8146,8146,0,0,0,0,0,0,0,0,0,0,0,0,0,-1244,1244,12215,-12215,-6851,6851,7778,-7778,0,0,0,0,0,0,0,0,0,0,0,0,6791,-6791,25879,-25879,-2582,2582,-30619,30619,0,0,0,0,0,0,0,0,0,0,0,0,0,4174,-4174,16741,-16741,13014,-13014,3248,-3248,0,0,0,0,0,0,0,0,0,0,0,0,0,31167,-31167,-23663,23663,9609,-9609,12755,-12755,0,0,0,0,0,0,0,0,0,0,0,0,0,-8943,8943,11358,-11358,1687,-1687,1123,-1123,0,0,0,0,0,0,0,0,0,0,-14053,14053,12215,-12215,-17119,17119,7778,-7778,0,0,0,0,0,0,0,0,0,6791,-6791,-5788,5788,-2582,2582,-22377,22377,0,0,0,0,0,0,0,0,0,0,0,-5538,5538,-21538,21538,28680,-28680,7372,-7372,0,0,0,0,0,0,0,0,0,15590,-15590,10283,-10283,8996,-8996,-10197,10197,0,0,0,0,0,0,0,0,-1020,1020,30043,-30043,-7194,7194,31150,-31150,0,0,0,0,0,0,0,0,0,0,0,-2328,2328,-9543,9543,6864,-6864,1670,-1670,2552,7110,4229,5581,-14528,3904,-7097,-22445,13280,457,-1774,-2662,-6503,-2552,-7110,-4229,-5581,14528,-3904,7097,-13280,22445,1774,-457,6503,2662,15463,-11781,16510,16240,-17134,15194,-27666,-10101,-25624,-2292,-2844,-15463,11781,-16510,-16240,17134,-15194,27666,25624,10101,2844,2292,-7051,-105,-8402,-6725,12670,-5374,12021,9682,5841,7051,105,8402,6725,-12670,5374,-12021,-5841,-9682,-2362,-23344,-2093,-1046,26453,-1315,2974,2362,23344,2093,1046,-26453,1315,-2974
-862,-862,-7473,-7473,-862,-7473,-7473,-862,-862,-862,-7473,-7473,-862,-7473,-7473,-862,8782,8782,8782,8782,8782,8782,8782,8782,4152,5622,1946,-3811,-61,-3811,1946,-61,-17176,1946,-3811,-61,-3811,1946,-61,-19217,-19217,10534,10534,10534,10534,-19217,-19217,5622,4152,-3811,1946,-61,1946,-3811,-61,-17176,-3811,1946,-61,1946,-3811,-61,10534,10534,-19217,-19217,-19217,-19217,10534,10534,-1668,-3322,-18654,-3811,-715,-11097,-1668,-1668,-3811,-11097,-3811,-9193,-18654,-1668,24522,24522,3723,3723,2834,2834,3723,3723,-1668,-3322,-3811,-11097,-715,-1668,-3811,-1668,-11097,-3811,-18654,-9193,-1668,3723,3723,24522,24522,3723,3723,2834,2834,-61,-61,4152,1946,1946,5622,-61,-61,-3811,-3811,1946,1946,-17176,10534,10534,10534,10534,-19217,-19217,-19217,-19217,-1668,-715,-1668,-3322,-18654,-3811,-3811,-1668,-9193,-18654,-1668,-11097,-3811,2834,2834,3723,3723,24522,24522,3723,3723,-1668,-715,-1668,-3322,-3811,-1668,-3811,-18654,-9193,-1668,-11097,-3811,3723,3723,2834,2834,3723,3723,24522,24522,-61,-61,1946,1946,5622,4152,-61,-61,1946,1946,-17176,-3811,-3811,-19217,-19217,-19217,-19217,10534,10534,10534,10534,-17176,1946,-61,1946,-61,4152,5622,1946,-3811,-61,-3811,1946,-61,-19217,-19217,10534,10534,10534,10534,-19217,-19217,-17176,1946,-61,1946,-61,5622,4152,-3811,1946,-61,1946,-3811,-61,10534,10534,-19217,-19217,-19217,-19217,10534,10534,-1668,-9193,-1668,-1668,-3322,-18654,-3811,-715,-11097,-1668,24522,24522,3723,3723,2834,2834,3723,3723,-1668,-9193,-1668,-1668,-3322,-3811,-11097,-715,-1668,3723,3723,24522,24522,3723,3723,2834,2834,-61,-61,1946,1946,-17176,-61,-61,4152,1946,1946,5622,10534,10534,10534,10534,-19217,-19217,-19217,-19217,-1668,-9193,-1668,-1668,-715,-1668,-3322,-18654,-3811,2834,2834,3723,3723,24522,24522,3723,3723,-1668,-9193,-1668,-1668,-715,-1668,-3322,-3811,3723,3723,2834,2834,3723,3723,24522,24522,-61,-61,1946,1946,-17176,-61,-61,1946,1946,5622,4152,-19217,-19217,-19217,-19217,10534,10534,10534,10534,10970,14560,10970,10970,14560,10970,8691,-9748,-9748,-6616,-6616,-9748,-9748,10970,14560,10970,10970,14560,10970,8691,-9748,-9748,-6616,-6616,-9748,-9748,10970,14560,10970,10970,14560,10970,8691,-9748,-9748,-6616,-6616,10970,14560,10970,10970,14560,10970,8691,-9748,-9748,-6616,-6616,10970,14560,10970,10970,14560,10970,8691,-9748,-9748,10970,14560,10970,10970,14560,10970,8691,-9748,-9748,10970,14560,10970,10970,14560,10970,8691,10970,14560,10970,10970,14560,10970,8691
-93,-93,0,0,-4216,0,0,-4216,93,93,0,0,4216,0,0,4216,0,0,0,0,0,0,0,0,325,-400,-8538,-7758,-10511,6907,8642,-10511,499,8642,6907,11110,-7758,-8538,11110,672,672,-315,-315,-315,-315,672,672,-400,325,-7758,-8538,-10511,8642,6907,-10511,499,6907,8642,11110,-8538,-7758,11110,-315,-315,672,672,672,672,-315,-315,937,0,0,-19095,0,0,-24098,-937,7758,0,19095,0,0,24098,0,0,0,0,0,0,0,0,937,0,-19095,0,0,-24098,7758,-937,0,19095,0,0,24098,0,0,0,0,0,0,0,0,13307,13307,14728,2168,2168,-18117,13785,13785,-19419,-19419,2547,2547,22583,-14248,-14248,-14248,-14248,30393,30393,30393,30393,-2001,0,-24033,0,0,-19419,-6907,2001,0,0,24033,0,19419,0,0,0,0,0,0,0,0,-2001,0,-24033,0,-19419,2001,-6907,0,0,24033,0,19419,0,0,0,0,0,0,0,0,13307,13307,2547,2547,-18117,14728,13785,13785,2168,2168,22583,-19095,-19095,30393,30393,30393,30393,-14248,-14248,-14248,-14248,-499,8538,-11110,-8642,-11110,-325,400,-8642,-6907,10511,7758,8538,10511,-672,-672,315,315,315,315,-672,-672,-499,8538,-11110,-8642,-11110,400,-325,-6907,-8642,10511,8538,7758,10511,315,315,-672,-672,-672,-672,315,315,-2001,0,-24033,2001,0,0,19419,0,0,24033,0,0,0,0,0,0,0,0,-2001,0,-24033,2001,0,19419,0,0,24033,0,0,0,0,0,0,0,0,-13785,-13785,-2168,-2168,-22583,-13307,-13307,-14728,-2547,-2547,18117,14248,14248,14248,14248,-30393,-30393,-30393,-30393,937,0,-24098,-937,0,24098,0,0,19095,0,0,0,0,0,0,0,0,937,0,-24098,-937,0,24098,0,19095,0,0,0,0,0,0,0,0,-13785,-13785,-2547,-2547,-22583,-13307,-13307,-2168,-2168,18117,-14728,-30393,-30393,-30393,-30393,14248,14248,14248,14248,54,0,2433,-54,0,-2433,0,-145,145,0,0,-6570,6570,54,0,2433,-54,0,-2433,0,145,-145,0,0,6570,-6570,54,0,2433,-54,0,-2433,0,-6570,6570,0,0,54,0,2433,-54,0,-2433,0,6570,-6570,0,0,54,0,2433,-54,0,-2433,0,145,-145,54,0,2433,-54,0,-2433,0,-145,145,54,0,2433,-54,0,-2433,0,54,0,2433,-54,0,-2433,0
4216,4216,0,0,-93,0,0,-93,-4216,-4216,0,0,93,0,0,93,0,0,0,0,0,0,0,0,-14728,18117,-2547,19095,-13785,19419,-2168,-13785,-22583,-2168,19419,-13307,19095,-2547,-13307,-30393,-30393,14248,14248,14248,14248,-30393,-30393,18117,-14728,19095,-2547,-13785,-2168,19419,-13785,-22583,19419,-2168,-13307,-2547,19095,-13307,14248,14248,-30393,-30393,-30393,-30393,14248,14248,24098,0,0,-7758,0,0,937,-24098,-19095,0,7758,0,0,-937,0,0,0,0,0,0,0,0,24098,0,-7758,0,0,937,-19095,-24098,0,7758,0,0,-937,0,0,0,0,0,0,0,0,11110,11110,325,8642,8642,-400,-10511,-10511,6907,6907,-8538,-8538,499,-315,-315,-315,-315,672,672,672,672,24033,0,-2001,0,0,6907,-19419,-24033,0,0,2001,0,-6907,0,0,0,0,0,0,0,0,24033,0,-2001,0,6907,-24033,-19419,0,0,2001,0,-6907,0,0,0,0,0,0,0,0,11110,11110,-8538,-8538,-400,325,-10511,-10511,8642,8642,499,-7758,-7758,672,672,672,672,-315,-315,-315,-315,22583,2547,13307,2168,13307,14728,-18117,2168,-19419,13785,-19095,2547,13785,30393,30393,-14248,-14248,-14248,-14248,30393,30393,22583,2547,13307,2168,13307,-18117,14728,-19419,2168,13785,2547,-19095,13785,-14248,-14248,30393,30393,30393,30393,-14248,-14248,24033,0,-2001,-24033,0,0,-6907,0,0,2001,0,0,0,0,0,0,0,0,24033,0,-2001,-24033,0,-6907,0,0,2001,0,0,0,0,0,0,0,0,10511,10511,-8642,-8642,-499,-11110,-11110,-325,8538,8538,400,315,315,315,315,-672,-672,-672,-672,24098,0,937,-24098,0,-937,0,0,7758,0,0,0,0,0,0,0,0,24098,0,937,-24098,0,-937,0,7758,0,0,0,0,0,0,0,0,10511,10511,8538,8538,-499,-11110,-11110,-8642,-8642,400,-325,-672,-672,-672,-672,315,315,315,315,-2433,0,54,2433,0,-54,0,6570,-6570,0,0,-145,145,-2433,0,54,2433,0,-54,0,-6570,6570,0,0,145,-145,-2433,0,54,2433,0,-54,0,-145,145,0,0,-2433,0,54,2433,0,-54,0,145,-145,0,0,-2433,0,54,2433,0,-54,0,-6570,6570,-2433,0,54,2433,0,-54,0,6570,-6570,-2433,0,54,2433,0,-54,0,-2433,0,54,2433,0,-54,0
0,0,20112,20112,0,-20112,-20112,0,0,0,-20112,-20112,0,20112,20112,0,0,0,0,0,0,0,0,0,0,0,-3359,-1863,7785,1863,3359,7785,0,3359,1863,-7785,-1863,-3359,-7785,0,0,0,0,0,0,0,0,0,0,-1863,-3359,7785,3359,1863,7785,0,1863,3359,-7785,-3359,-1863,-7785,0,0,0,0,0,0,0,0,7363,-22451,21118,-1863,-40720,0,7363,7363,-1863,0,-1863,-39252,21118,7363,4401,4401,6847,6847,18429,18429,6847,6847,7363,-22451,-1863,0,-40720,7363,-1863,7363,0,-1863,21118,-39252,7363,6847,6847,4401,4401,6847,6847,18429,18429,-7785,-7785,0,3359,3359,0,7785,7785,1863,1863,-3359,-3359,0,0,0,0,0,0,0,0,0,-7363,40720,-7363,22451,-21118,1863,1863,-7363,39252,-21118,-7363,0,1863,-18429,-18429,-6847,-6847,-4401,-4401,-6847,-6847,-7363,40720,-7363,22451,1863,-7363,1863,-21118,39252,-7363,0,1863,-6847,-6847,-18429,-18429,-6847,-6847,-4401,-4401,-7785,-7785,-3359,-3359,0,0,7785,7785,3359,3359,0,-1863,-1863,0,0,0,0,0,0,0,0,0,-3359,-7785,3359,-7785,0,0,3359,1863,7785,-1863,-3359,7785,0,0,0,0,0,0,0,0,0,-3359,-7785,3359,-7785,0,0,1863,3359,7785,-3359,-1863,7785,0,0,0,0,0,0,0,0,-7363,39252,-7363,-7363,22451,-21118,1863,40720,0,-7363,-4401,-4401,-6847,-6847,-18429,-18429,-6847,-6847,-7363,39252,-7363,-7363,22451,1863,0,40720,-7363,-6847,-6847,-4401,-4401,-6847,-6847,-18429,-18429,7785,7785,3359,3359,0,-7785,-7785,0,-3359,-3359,0,0,0,0,0,0,0,0,0,7363,-39252,7363,7363,-40720,7363,-22451,21118,-1863,18429,18429,6847,6847,4401,4401,6847,6847,7363,-39252,7363,7363,-40720,7363,-22451,-1863,6847,6847,18429,18429,6847,6847,4401,4401,7785,7785,-3359,-3359,0,-7785,-7785,3359,3359,0,0,0,0,0,0,0,0,0,0,0,691,0,0,-691,0,0,0,0,0,0,0,0,0,691,0,0,-691,0,0,0,0,0,0,0,0,0,691,0,0,-691,0,0,0,0,0,0,0,691,0,0,-691,0,0,0,0,0,0,0,-691,0,0,691,0,0,0,0,0,-691,0,0,691,0,0,0,0,0,-691,0,0,691,0,0,0,-691,0,0,691,0,0
0,0,-9159,9159,0,-9159,9159,0,0,0,-9159,9159,0,-9159,9159,0,-9252,-9252,9252,9252,-9252,-9252,9252,9252,0,0,2981,3614,-4080,-3614,-2981,4080,0,2981,3614,-4080,-3614,-2981,4080,26849,26849,-8685,-8685,8685,8685,-26849,-26849,0,0,-3614,-2981,4080,2981,3614,-4080,0,-3614,-2981,4080,2981,3614,-4080,8685,8685,-26849,-26849,26849,26849,-8685,-8685,-3347,-16632,0,-3614,-4905,0,-3347,-3347,-3614,0,-3614,-33921,0,-3347,6254,6254,14092,14092,9173,9173,14092,14092,3347,16632,3614,0,4905,3347,3614,3347,0,3614,0,33921,3347,-14092,-14092,-6254,-6254,-14092,-14092,-9173,-9173,-4080,4080,0,2981,-2981,0,-4080,4080,-3614,3614,2981,-2981,0,8685,8685,-8685,-8685,26849,26849,-26849,-26849,-3347,-4905,-3347,-16632,0,-3614,-3614,-3347,-33921,0,-3347,0,-3614,9173,9173,14092,14092,6254,6254,14092,14092,3347,4905,3347,16632,3614,3347,3614,0,33921,3347,0,3614,-14092,-14092,-9173,-9173,-14092,-14092,-6254,-6254,4080,-4080,2981,-2981,0,0,4080,-4080,2981,-2981,0,-3614,3614,26849,26849,-26849,-26849,8685,8685,-8685,-8685,0,2981,-4080,-2981,4080,0,0,2981,3614,-4080,-3614,-2981,4080,26849,26849,-8685,-8685,8685,8685,-26849,-26849,0,-2981,4080,2981,-4080,0,0,-3614,-2981,4080,2981,3614,-4080,8685,8685,-26849,-26849,26849,26849,-8685,-8685,-3347,-33921,-3347,-3347,-16632,0,-3614,-4905,0,-3347,6254,6254,14092,14092,9173,9173,14092,14092,3347,33921,3347,3347,16632,3614,0,4905,3347,-14092,-14092,-6254,-6254,-14092,-14092,-9173,-9173,-4080,4080,2981,-2981,0,-4080,4080,0,2981,-2981,0,8685,8685,-8685,-8685,26849,26849,-26849,-26849,-3347,-33921,-3347,-3347,-4905,-3347,-16632,0,-3614,9173,9173,14092,14092,6254,6254,14092,14092,3347,33921,3347,3347,4905,3347,16632,3614,-14092,-14092,-9173,-9173,-14092,-14092,-6254,-6254,4080,-4080,2981,-2981,0,4080,-4080,2981,-2981,0,0,26849,26849,-26849,-26849,8685,8685,-8685,-8685,-2065,8217,-2065,-2065,8217,-2065,-5938,0,0,2776,2776,0,0,-2065,8217,-2065,-2065,8217,-2065,-5938,0,0,2776,2776,0,0,2065,-8217,2065,2065,-8217,2065,5938,0,0,-2776,-2776,2065,-8217,2065,2065,-8217,2065,5938,0,0,-2776,-2776,-2065,8217,-2065,-2065,8217,-2065,-5938,0,0,-2065,8217,-2065,-2065,8217,-2065,-5938,0,0,2065,-8217,2065,2065,-8217,2065,5938,2065,-8217,2065,2065,-8217,2065,5938
1018,-1018,-661,-4311,1387,661,4311,-1387,1018,-1018,-661,-4311,1387,661,4311,-1387,2562,2562,16700,16700,-2562,-2562,-16700,-16700,-369,8741,-9239,-10819,-932,5572,-13565,1505,6761,-9239,-10819,-932,5572,-13565,1505,21718,21718,9683,9683,2787,2787,-28022,-28022,-8741,369,-5572,13565,-1505,9239,10819,932,-6761,-5572,13565,-1505,9239,10819,932,-2787,-2787,28022,28022,-21718,-21718,-9683,-9683,-5577,2430,-10173,2442,225,-6337,4501,-5577,-5572,8634,2442,-1481,7467,4501,4029,4029,-359,-359,514,514,2004,2004,-4280,15843,-9589,6337,1465,-2734,-10819,-4280,8634,-9589,-7467,-9653,-2734,5179,5179,26266,26266,5541,5541,3349,3349,-504,1285,-503,-13946,-17122,11908,-504,1285,2442,-9589,-13946,-17122,9211,5963,5963,11025,11025,13961,13961,-22549,-22549,5577,-225,-4501,-2430,10173,-2442,5572,5577,1481,-7467,-4501,-8634,-2442,-514,-514,-2004,-2004,-4029,-4029,359,359,4280,-1465,2734,-15843,9589,4280,10819,7467,9653,2734,-8634,9589,-5541,-5541,-3349,-3349,-5179,-5179,-26266,-26266,-1285,504,13946,17122,-11908,503,-1285,504,13946,17122,-9211,-2442,9589,-13961,-13961,22549,22549,-5963,-5963,-11025,-11025,6761,-9239,-932,-13565,1505,-369,8741,-9239,-10819,-932,5572,-13565,1505,21718,21718,9683,9683,2787,2787,-28022,-28022,-6761,13565,-1505,9239,932,-8741,369,-5572,13565,-1505,9239,10819,932,-2787,-2787,28022,28022,-21718,-21718,-9683,-9683,-5577,-1481,4501,-5577,2430,-10173,2442,225,-6337,4501,4029,4029,-359,-359,514,514,2004,2004,-4280,-9653,-2734,-4280,15843,-9589,6337,1465,-2734,5179,5179,26266,26266,5541,5541,3349,3349,-504,1285,-13946,-17122,9211,-504,1285,-503,-13946,-17122,11908,5963,5963,11025,11025,13961,13961,-22549,-22549,5577,1481,-4501,5577,-225,-4501,-2430,10173,-2442,-514,-514,-2004,-2004,-4029,-4029,359,359,4280,9653,2734,4280,-1465,2734,-15843,9589,-5541,-5541,-3349,-3349,-5179,-5179,-26266,-26266,-1285,504,13946,17122,-9211,-1285,504,13946,17122,-11908,503,-13961,-13961,22549,22549,-5963,-5963,-11025,-11025,22777,-3324,-15094,22777,-3324,-15094,-5695,-4131,-4131,0,0,3032,3032,22777,-3324,-15094,22777,-3324,-15094,-5695,-4131,-4131,0,0,3032,3032,27948,-21670,22139,27948,-21670,22139,-37126,-3032,-3032,0,0,27948,-21670,22139,27948,-21670,22139,-37126,-3032,-3032,0,0,-22777,3324,15094,-22777,3324,15094,5695,4131,4131,-22777,3324,15094,-22777,3324,15094,5695,4131,4131,-27948,21670,-22139,-27948,21670,-22139,37126,-27948,21670,-22139,-27948,21670,-22139,37126
-1387,1387,-4311,661,1018,4311,-661,-1018,-1387,1387,-4311,661,1018,4311,-661,-1018,16700,16700,-2562,-2562,-16700,-16700,2562,2562,503,-11908,17122,-2442,-1285,9589,13946,504,-9211,17122,-2442,-1285,9589,13946,504,22549,22549,-5963,-5963,-11025,-11025,-13961,-13961,11908,-503,-9589,-13946,-504,-17122,2442,1285,9211,-9589,-13946,-504,-17122,2442,1285,11025,11025,13961,13961,-22549,-22549,5963,5963,-2734,15843,-7467,-10819,1465,8634,-4280,-2734,-9589,6337,-10819,-9653,-10173,-4280,26266,26266,5541,5541,3349,3349,5179,5179,-4501,-2430,5572,-8634,-225,5577,-2442,-4501,6337,5572,10173,1481,5577,-2004,-2004,-4029,-4029,359,359,-514,-514,1505,-932,-369,-13565,-9239,8741,1505,-932,-10819,5572,-13565,-9239,6761,9683,9683,2787,2787,-28022,-28022,21718,21718,2734,-1465,4280,-15843,7467,10819,9589,2734,9653,10173,4280,-6337,10819,-3349,-3349,-5179,-5179,-26266,-26266,-5541,-5541,4501,225,-5577,2430,-5572,4501,2442,-10173,-1481,-5577,-6337,-5572,-359,-359,514,514,2004,2004,4029,4029,932,-1505,13565,9239,-8741,369,932,-1505,13565,9239,-6761,10819,-5572,28022,28022,-21718,-21718,-9683,-9683,-2787,-2787,-9211,17122,-1285,13946,504,503,-11908,17122,-2442,-1285,9589,13946,504,22549,22549,-5963,-5963,-11025,-11025,-13961,-13961,9211,-13946,-504,-17122,1285,11908,-503,-9589,-13946,-504,-17122,2442,1285,11025,11025,13961,13961,-22549,-22549,5963,5963,-2734,-9653,-4280,-2734,15843,-7467,-10819,1465,8634,-4280,26266,26266,5541,5541,3349,3349,5179,5179,-4501,1481,5577,-4501,-2430,5572,-8634,-225,5577,-2004,-2004,-4029,-4029,359,359,-514,-514,1505,-932,-13565,-9239,6761,1505,-932,-369,-13565,-9239,8741,9683,9683,2787,2787,-28022,-28022,21718,21718,2734,9653,4280,2734,-1465,4280,-15843,7467,10819,-3349,-3349,-5179,-5179,-26266,-26266,-5541,-5541,4501,-1481,-5577,4501,225,-5577,2430,-5572,-359,-359,514,514,2004,2004,4029,4029,932,-1505,13565,9239,-6761,932,-1505,13565,9239,-8741,369,28022,28022,-21718,-21718,-9683,-9683,-2787,-2787,22139,-21670,27948,22139,-21670,27948,-37126,-3032,-3032,0,0,-4131,-4131,22139,-21670,27948,22139,-21670,27948,-37126,-3032,-3032,0,0,-4131,-4131,15094,3324,-22777,15094,3324,-22777,5695,4131,4131,0,0,15094,3324,-22777,15094,3324,-22777,5695,4131,4131,0,0,-22139,21670,-27948,-22139,21670,-27948,37126,3032,3032,-22139,21670,-27948,-22139,21670,-27948,37126,3032,3032,-15094,-3324,22777,-15094,-3324,22777,-5695,-15094,-3324,22777,-15094,-3324,22777,-5695
0,0,0,0,0,0,0,0,0,0,0,0,0,0,0,0,0,0,0,0,0,0,0,0,0,0,-38116,-5931,21858,6244,38534,-21858,0,-38534,-6244,21672,5931,38116,-21672,-38552,-38552,-219,-219,219,219,38552,38552,0,0,5931,38116,-21858,-38534,-6244,21858,0,6244,38534,-21672,-38116,-5931,21672,219,219,38552,38552,-38552,-38552,-219,-219,-5951,0,0,-12772,0,0,-13588,5951,-5931,0,12772,0,0,13588,0,0,0,0,0,0,0,0,5951,0,12772,0,0,13588,5931,-5951,0,-12772,0,0,-13588,0,0,0,0,0,0,0,0,-7819,7819,0,-16483,16483,0,7282,-7282,12622,-12622,17428,-17428,0,-3,-3,3,3,475,475,-475,-475,-5615,0,13731,0,0,12622,-6244,5615,0,0,-13731,0,-12622,0,0,0,0,0,0,0,0,5615,0,-13731,0,-12622,-5615,6244,0,0,13731,0,12622,0,0,0,0,0,0,0,0,7819,-7819,17428,-17428,0,0,-7282,7282,-16483,16483,0,-12772,12772,475,475,-475,-475,-3,-3,3,3,0,38116,-21672,-38534,21672,0,0,38534,6244,-21858,-5931,-38116,21858,38552,38552,219,219,-219,-219,-38552,-38552,0,-38116,21672,38534,-21672,0,0,-6244,-38534,21858,38116,5931,-21858,-219,-219,-38552,-38552,38552,38552,219,219,-5615,0,13731,5615,0,0,-12622,0,0,-13731,0,0,0,0,0,0,0,0,5615,0,-13731,-5615,0,12622,0,0,13731,0,0,0,0,0,0,0,0,-7282,7282,16483,-16483,0,7819,-7819,0,-17428,17428,0,3,3,-3,-3,-475,-475,475,475,-5951,0,-13588,5951,0,13588,0,0,12772,0,0,0,0,0,0,0,0,5951,0,13588,-5951,0,-13588,0,-12772,0,0,0,0,0,0,0,0,7282,-7282,-17428,17428,0,-7819,7819,16483,-16483,0,0,-475,-475,475,475,3,3,-3,-3,10099,0,-125,-10099,0,125,0,0,0,0,0,0,0,10099,0,-125,-10099,0,125,0,0,0,0,0,0,0,-10099,0,125,10099,0,-125,0,0,0,0,0,-10099,0,125,10099,0,-125,0,0,0,0,0,10099,0,-125,-10099,0,125,0,0,0,10099,0,-125,-10099,0,125,0,0,0,-10099,0,125,10099,0,-125,0,-10099,0,125,10099,0,-125,0
0,0,0,0,0,0,0,0,0,0,0,0,0,0,0,0,0,0,0,0,0,0,0,0,0,0,17428,12772,7282,12622,16483,-7282,0,-16483,-12622,-7819,-12772,-17428,7819,475,475,3,3,-3,-3,-475,-475,0,0,-12772,-17428,-7282,-16483,-12622,7282,0,12622,16483,7819,17428,12772,-7819,-3,-3,-475,-475,475,475,3,3,-13588,0,0,-5931,0,0,5951,13588,12772,0,5931,0,0,-5951,0,0,0,0,0,0,0,0,13588,0,5931,0,0,-5951,-12772,-13588,0,-5931,0,0,5951,0,0,0,0,0,0,0,0,-21672,21672,0,38534,-38534,0,-21858,21858,-6244,6244,38116,-38116,0,-219,-219,219,219,38552,38552,-38552,-38552,13731,0,5615,0,0,-6244,-12622,-13731,0,0,-5615,0,6244,0,0,0,0,0,0,0,0,-13731,0,-5615,0,6244,13731,12622,0,0,5615,0,-6244,0,0,0,0,0,0,0,0,21672,-21672,38116,-38116,0,0,21858,-21858,38534,-38534,0,-5931,5931,38552,38552,-38552,-38552,-219,-219,219,219,0,-17428,7819,-16483,-7819,0,0,16483,12622,-7282,12772,17428,7282,-475,-475,-3,-3,3,3,475,475,0,17428,-7819,16483,7819,0,0,-12622,-16483,7282,-17428,-12772,-7282,3,3,475,475,-475,-475,-3,-3,13731,0,5615,-13731,0,0,6244,0,0,-5615,0,0,0,0,0,0,0,0,-13731,0,-5615,13731,0,-6244,0,0,5615,0,0,0,0,0,0,0,0,21858,-21858,-38534,38534,0,21672,-21672,0,-38116,38116,0,219,219,-219,-219,-38552,-38552,38552,38552,-13588,0,5951,13588,0,-5951,0,0,5931,0,0,0,0,0,0,0,0,13588,0,-5951,-13588,0,5951,0,-5931,0,0,0,0,0,0,0,0,-21858,21858,-38116,38116,0,-21672,21672,-38534,38534,0,0,-38552,-38552,38552,38552,219,219,-219,-219,-125,0,-10099,125,0,10099,0,0,0,0,0,0,0,-125,0,-10099,125,0,10099,0,0,0,0,0,0,0,125,0,10099,-125,0,-10099,0,0,0,0,0,125,0,10099,-125,0,-10099,0,0,0,0,0,-125,0,-10099,125,0,10099,0,0,0,-125,0,-10099,125,0,10099,0,0,0,125,0,10099,-125,0,-10099,0,125,0,10099,-125,0,-10099,0
14050,14050,289,289,14050,289,289,14050,14050,14050,289,289,14050,289,289,14050,-7704,-7704,-7704,-7704,-7704,-7704,-7704,-7704,-12944,13592,-1806,15776,8836,15776,-1806,8836,-50787,-1806,15776,8836,15776,-1806,8836,-1623,-1623,890,890,890,890,-1623,-1623,13592,-12944,15776,-1806,8836,-1806,15776,8836,-50787,15776,-1806,8836,-1806,15776,8836,890,890,-1623,-1623,-1623,-1623,890,890,-3834,-7996,-17247,15776,12317,4885,-3834,-3834,15776,4885,15776,-26916,-17247,-3834,-18284,-18284,-6923,-6923,15325,15325,-6923,-6923,-3834,-7996,15776,4885,12317,-3834,15776,-3834,4885,15776,-17247,-26916,-3834,-6923,-6923,-18284,-18284,-6923,-6923,15325,15325,8836,8836,-12944,-1806,-1806,13592,8836,8836,15776,15776,-1806,-1806,-50787,890,890,890,890,-1623,-1623,-1623,-1623,-3834,12317,-3834,-7996,-17247,15776,15776,-3834,-26916,-17247,-3834,4885,15776,15325,15325,-6923,-6923,-18284,-18284,-6923,-6923,-3834,12317,-3834,-7996,15776,-3834,15776,-17247,-26916,-3834,4885,15776,-6923,-6923,15325,15325,-6923,-6923,-18284,-18284,8836,8836,-1806,-1806,13592,-12944,8836,8836,-1806,-1806,-50787,15776,15776,-1623,-1623,-1623,-1623,890,890,890,890,-50787,-1806,8836,-1806,8836,-12944,13592,-1806,15776,8836,15776,-1806,8836,-1623,-1623,890,890,890,890,-1623,-1623,-50787,-1806,8836,-1806,8836,13592,-12944,15776,-1806,8836,-1806,15776,8836,890,890,-1623,-1623,-1623,-1623,890,890,-3834,-26916,-3834,-3834,-7996,-17247,15776,12317,4885,-3834,-18284,-18284,-6923,-6923,15325,15325,-6923,-6923,-3834,-26916,-3834,-3834,-7996,15776,4885,12317,-3834,-6923,-6923,-18284,-18284,-6923,-6923,15325,15325,8836,8836,-1806,-1806,-50787,8836,8836,-12944,-1806,-1806,13592,890,890,890,890,-1623,-1623,-1623,-1623,-3834,-26916,-3834,-3834,12317,-3834,-7996,-17247,15776,15325,15325,-6923,-6923,-18284,-18284,-6923,-6923,-3834,-26916,-3834,-3834,12317,-3834,-7996,15776,-6923,-6923,15325,15325,-6923,-6923,-18284,-18284,8836,8836,-1806,-1806,-50787,8836,8836,-1806,-1806,13592,-12944,-1623,-1623,-1623,-1623,890,890,890,890,-11901,16978,-11901,-11901,16978,-11901,18874,25171,25171,1422,1422,25171,25171,-11901,16978,-11901,-11901,16978,-11901,18874,25171,25171,1422,1422,25171,25171,-11901,16978,-11901,-11901,16978,-11901,18874,25171,25171,1422,1422,-11901,16978,-11901,-11901,16978,-11901,18874,25171,25171,1422,1422,-11901,16978,-11901,-11901,16978,-11901,18874,25171,25171,-11901,16978,-11901,-11901,16978,-11901,18874,25171,25171,-11901,16978,-11901,-11901,16978,-11901,18874,-11901,16978,-11901,-11901,16978,-11901,18874
0,0,0,0,0,0,0,0,0,0,0,0,0,0,0,0,0,0,0,0,0,0,0,0,0,0,0,0,0,0,0,0,0,0,0,0,0,0,0,-11463,11463,-22601,22601,19868,-19868,-9544,9544,0,0,0,0,0,0,0,0,0,0,0,0,0,0,0,8833,-8833,4723,-4723,16867,-16867,-34090,34090,0,0,0,0,0,0,0,0,0,0,0,0,0,0,0,0,14214,-14214,0,0,41671,-41671,0,0,0,0,0,0,0,0,0,0,0,0,0,-15936,15936,0,0,-21263,21263,0,0,0,0,0,0,0,0,0,0,0,0,0,0,0,-11493,11493,25931,-25931,13398,-13398,-6270,6270,0,0,0,0,0,0,0,0,0,0,0,0,0,0,0,43071,-43071,0,0,-9132,9132,0,0,0,0,0,0,0,0,0,0,0,0,-23015,23015,0,0,13281,-13281,0,0,0,0,0,0,0,0,0,0,0,0,0,0,0,19800,-19800,-15158,15158,-29526,29526,39137,-39137,0,0,0,0,0,0,0,0,0,0,0,0,0,10465,-10465,-20885,20885,32187,-32187,16705,-16705,0,0,0,0,0,0,0,0,0,0,0,0,0,1835,-1835,-656,656,-21736,21736,-42466,42466,0,0,0,0,0,0,0,0,0,0,0,0,-43071,43071,0,0,9132,-9132,0,0,0,0,0,0,0,0,0,23015,-23015,0,0,-13281,13281,0,0,0,0,0,0,0,0,0,0,0,0,0,825,-825,17555,-17555,-8529,8529,-891,891,0,0,0,0,0,0,0,0,0,0,0,-14214,14214,0,0,-41671,41671,0,0,0,0,0,0,0,0,15936,-15936,0,0,21263,-21263,0,0,0,0,0,0,0,0,0,0,0,0,0,-18802,18802,11090,-11090,-22529,22529,37420,-37420,13139,0,-25804,-20168,0,32833,0,-12188,20112,0,0,24470,-32394,-13139,0,25804,20168,0,-32833,0,-20112,12188,0,0,32394,-24470,10240,0,5610,18411,0,-34261,0,-3182,35483,0,0,-10240,0,-5610,-18411,0,34261,0,-35483,3182,0,0,-46467,0,495,12170,0,33802,0,-9099,47765,46467,0,-495,-12170,0,-33802,0,-47765,9099,45155,0,-21134,5284,0,-29305,0,-45155,0,21134,-5284,0,29305,0
0,0,0,0,0,0,0,0,0,0,0,0,0,0,0,0,0,0,0,0,0,0,0,0,0,0,0,0,0,0,0,0,0,0,0,0,0,0,0,8136,-8136,17236,-17236,3394,-3394,-1652,1652,0,0,0,0,0,0,0,0,0,0,0,0,0,0,0,40854,-40854,20297,-20297,2035,-2035,-4139,4139,0,0,0,0,0,0,0,0,0,0,0,0,0,0,0,0,19819,-19819,0,0,-15098,15098,0,0,0,0,0,0,0,0,0,0,0,0,0,26602,-26602,0,0,-36279,36279,0,0,0,0,0,0,0,0,0,0,0,0,0,0,0,-45561,45561,-23772,23772,-11935,11935,-23033,23033,0,0,0,0,0,0,0,0,0,0,0,0,0,0,0,-12622,12622,0,0,-21481,21481,0,0,0,0,0,0,0,0,0,0,0,0,-32839,32839,0,0,-30747,30747,0,0,0,0,0,0,0,0,0,0,0,0,0,0,0,6614,-6614,185,-185,-235,235,12016,-12016,0,0,0,0,0,0,0,0,0,0,0,0,0,-16515,16515,31650,-31650,4942,-4942,2552,-2552,0,0,0,0,0,0,0,0,0,0,0,0,0,48720,-48720,-24870,24870,-2815,2815,-5480,5480,0,0,0,0,0,0,0,0,0,0,0,0,12622,-12622,0,0,21481,-21481,0,0,0,0,0,0,0,0,0,32839,-32839,0,0,30747,-30747,0,0,0,0,0,0,0,0,0,0,0,0,0,-44013,44013,-25114,25114,12715,-12715,22134,-22134,0,0,0,0,0,0,0,0,0,0,0,-19819,19819,0,0,15098,-15098,0,0,0,0,0,0,0,0,-26602,26602,0,0,36279,-36279,0,0,0,0,0,0,0,0,0,0,0,0,0,1764,-1764,4388,-4388,-8101,8101,-2397,2397,-48230,0,25825,-10787,0,33192,0,51423,15111,0,0,-29695,-36839,48230,0,-25825,10787,0,-33192,0,-15111,-51423,0,0,36839,29695,-50409,0,19297,18200,0,12912,0,-21252,-15060,0,0,50409,0,-19297,-18200,0,-12912,0,15060,21252,0,0,-6430,0,21468,938,0,-15976,0,-476,6668,6430,0,-21468,-938,0,15976,0,-6668,476,6361,0,31135,-24,0,-37473,0,-6361,0,-31135,24,0,37473,0
0,0,0,0,0,0,0,0,0,0,0,0,0,0,0,0,0,0,0,0,0,0,0,0,0,0,0,0,0,0,0,0,0,0,0,0,0,0,0,-20670,20670,-40422,40422,-26069,26069,13074,-13074,0,0,0,0,0,0,0,0,0,0,0,0,0,0,0,29058,-29058,15107,-15107,-359,359,1376,-1376,0,0,0,0,0,0,0,0,0,0,0,0,0,0,0,0,-28631,28631,0,0,23663,-23663,0,0,0,0,0,0,0,0,0,0,0,0,0,35560,-35560,0,0,585,-585,0,0,0,0,0,0,0,0,0,0,0,0,0,0,0,-22233,22233,32354,-32354,15979,-15979,-11140,11140,0,0,0,0,0,0,0,0,0,0,0,0,0,0,0,20072,-20072,0,0,31254,-31254,0,0,0,0,0,0,0,0,0,0,0,0,4831,-4831,0,0,-35235,35235,0,0,0,0,0,0,0,0,0,0,0,0,0,0,0,-718,718,10177,-10177,21085,-21085,-1993,1993,0,0,0,0,0,0,0,0,0,0,0,0,0,16338,-16338,-32971,32971,-27910,27910,-14144,14144,0,0,0,0,0,0,0,0,0,0,0,0,0,17249,-17249,-8242,8242,5408,-5408,10062,-10062,0,0,0,0,0,0,0,0,0,0,0,0,-20072,20072,0,0,-31254,31254,0,0,0,0,0,0,0,0,0,-4831,4831,0,0,35235,-35235,0,0,0,0,0,0,0,0,0,0,0,0,0,-24074,24074,41040,-41040,-21028,21028,12210,-12210,0,0,0,0,0,0,0,0,0,0,0,28631,-28631,0,0,-23663,23663,0,0,0,0,0,0,0,0,-35560,35560,0,0,-585,585,0,0,0,0,0,0,0,0,0,0,0,0,0,5050,-5050,-17042,17042,32895,-32895,-9445,9445,12852,0,19635,-43362,0,10874,0,-10059,44455,0,0,-21446,-12950,-12852,0,-19635,43362,0,-10874,0,-44455,10059,0,0,12950,21446,6444,0,-44850,41912,0,-3505,0,47305,7210,0,0,-6444,0,44850,-41912,0,3505,0,-7210,-47305,0,0,22163,0,-45889,13402,0,10325,0,-15799,-24295,-22163,0,45889,-13402,0,-10325,0,24295,15799,-24440,0,21502,16904,0,-13966,0,24440,0,-21502,-16904,0,13966,0
0,0,0,0,0,0,0,0,0,0,0,0,0,0,0,0,0,0,0,0,0,0,0,0,0,0,0,0,0,0,0,0,0,0,0,0,0,0,0,-8399,8399,-16446,16446,40329,-40329,-20751,20751,0,0,0,0,0,0,0,0,0,0,0,0,0,0,0,10994,-10994,5730,-5730,-20164,20164,39130,-39130,0,0,0,0,0,0,0,0,0,0,0,0,0,0,0,0,-35071,35071,0,0,-10962,10962,0,0,0,0,0,0,0,0,0,0,0,0,0,-20456,20456,0,0,-29597,29597,0,0,0,0,0,0,0,0,0,0,0,0,0,0,0,-3178,3178,20688,-20688,10865,-10865,-1187,1187,0,0,0,0,0,0,0,0,0,0,0,0,0,0,0,-15075,15075,0,0,33510,-33510,0,0,0,0,0,0,0,0,0,0,0,0,-31829,31829,0,0,16772,-16772,0,0,0,0,0,0,0,0,0,0,0,0,0,0,0,-16095,16095,-19026,19026,-37362,37362,-32129,32129,0,0,0,0,0,0,0,0,0,0,0,0,0,6796,-6796,-13688,13688,29545,-29545,14482,-14482,0,0,0,0,0,0,0,0,0,0,0,0,0,6145,-6145,-2912,2912,13628,-13628,27887,-27887,0,0,0,0,0,0,0,0,0,0,0,0,15075,-15075,0,0,-33510,33510,0,0,0,0,0,0,0,0,0,31829,-31829,0,0,-16772,16772,0,0,0,0,0,0,0,0,0,0,0,0,0,-13962,13962,9445,-9445,-4329,4329,7456,-7456,0,0,0,0,0,0,0,0,0,0,0,35071,-35071,0,0,10962,-10962,0,0,0,0,0,0,0,0,20456,-20456,0,0,29597,-29597,0,0,0,0,0,0,0,0,0,0,0,0,0,17698,-17698,16207,-16207,-32513,32513,-34887,34887,5894,0,31311,-17186,0,-20019,0,-4826,17556,0,0,-31254,18524,-5894,0,-31311,17186,0,20019,0,-17556,4826,0,0,-18524,31254,3363,0,16833,16491,0,-36686,0,-14759,37142,0,0,-3363,0,-16833,-16491,0,36686,0,-37142,14759,0,0,2647,0,11479,-48684,0,34559,0,50840,1061,-2647,0,-11479,48684,0,-34559,0,-1061,-50840,4682,0,28641,-48837,0,15513,0,-4682,0,-28641,48837,0,-15513,0
0,0,23030,23030,0,-23030,-23030,0,0,0,-23030,-23030,0,23030,23030,0,0,0,0,0,0,0,0,0,0,0,457,-8159,4311,8159,-457,4311,0,-457,8159,-4311,-8159,457,-4311,0,0,0,0,0,0,0,0,0,0,-8159,457,4311,-457,8159,4311,0,8159,-457,-4311,457,-8159,-4311,0,0,0,0,0,0,0,0,9769,20399,31883,-8159,-2474,0,9769,9769,-8159,0,-8159,-2098,31883,9769,19674,19674,-39884,-39884,-11783,-11783,-39884,-39884,9769,20399,-8159,0,-2474,9769,-8159,9769,0,-8159,31883,-2098,9769,-39884,-39884,19674,19674,-39884,-39884,-11783,-11783,-4311,-4311,0,-457,-457,0,4311,4311,8159,8159,457,457,0,0,0,0,0,0,0,0,0,-9769,2474,-9769,-20399,-31883,8159,8159,-9769,2098,-31883,-9769,0,8159,11783,11783,39884,39884,-19674,-19674,39884,39884,-9769,2474,-9769,-20399,8159,-9769,8159,-31883,2098,-9769,0,8159,39884,39884,11783,11783,39884,39884,-19674,-19674,-4311,-4311,457,457,0,0,4311,4311,-457,-457,0,-8159,-8159,0,0,0,0,0,0,0,0,0,457,-4311,-457,-4311,0,0,-457,8159,4311,-8159,457,4311,0,0,0,0,0,0,0,0,0,457,-4311,-457,-4311,0,0,8159,-457,4311,457,-8159,4311,0,0,0,0,0,0,0,0,-9769,2098,-9769,-9769,-20399,-31883,8159,2474,0,-9769,-19674,-19674,39884,39884,11783,11783,39884,39884,-9769,2098,-9769,-9769,-20399,8159,0,2474,-9769,39884,39884,-19674,-19674,39884,39884,11783,11783,4311,4311,-457,-457,0,-4311,-4311,0,457,457,0,0,0,0,0,0,0,0,0,9769,-2098,9769,9769,-2474,9769,20399,31883,-8159,-11783,-11783,-39884,-39884,19674,19674,-39884,-39884,9769,-2098,9769,9769,-2474,9769,20399,-8159,-39884,-39884,-11783,-11783,-39884,-39884,19674,19674,4311,4311,457,457,0,-4311,-4311,-457,-457,0,0,0,0,0,0,0,0,0,0,0,11044,0,0,-11044,0,0,0,0,0,0,0,0,0,11044,0,0,-11044,0,0,0,0,0,0,0,0,0,11044,0,0,-11044,0,0,0,0,0,0,0,11044,0,0,-11044,0,0,0,0,0,0,0,-11044,0,0,11044,0,0,0,0,0,-11044,0,0,11044,0,0,0,0,0,-11044,0,0,11044,0,0,0,-11044,0,0,11044,0,0
