0,0,0,0,0,0,0,0,0,0,0,0,0,0,0,0,0,0,0,0,0,0,0,0,0,0,164,-22871,9276,22871,-164,9276,0,-164,22871,-9276,-22871,164,-9276,0,0,0,0,0,0,0,0,0,0,-22871,164,9276,-164,22871,9276,0,22871,-164,-9276,164,-22871,-9276,0,0,0,0,0,0,0,0,18360,0,-49861,22871,0,0,-18360,18360,-22871,0,22871,0,49861,-18360,0,0,-122901,-122901,0,0,122901,122901,18360,0,22871,0,0,-18360,-22871,18360,0,22871,49861,0,-18360,-122901,-122901,0,0,122901,122901,0,0,9276,9276,0,164,164,0,-9276,-9276,-22871,-22871,-164,-164,0,0,0,0,0,0,0,0,0,-18360,0,18360,0,49861,-22871,22871,-18360,0,-49861,18360,0,-22871,0,0,-122901,-122901,0,0,122901,122901,-18360,0,18360,0,-22871,-18360,22871,-49861,0,18360,0,-22871,-122901,-122901,0,0,122901,122901,0,0,9276,9276,-164,-164,0,0,-9276,-9276,164,164,0,22871,22871,0,0,0,0,0,0,0,0,0,164,-9276,-164,-9276,0,0,-164,22871,9276,-22871,164,9276,0,0,0,0,0,0,0,0,0,164,-9276,-164,-9276,0,0,22871,-164,9276,164,-22871,9276,0,0,0,0,0,0,0,0,-18360,0,18360,-18360,0,49861,-22871,0,0,18360,0,0,122901,122901,0,0,-122901,-122901,-18360,0,18360,-18360,0,-22871,0,0,18360,122901,122901,0,0,-122901,-122901,0,0,-9276,-9276,164,164,0,9276,9276,0,-164,-164,0,0,0,0,0,0,0,0,0,18360,0,-18360,18360,0,-18360,0,-49861,22871,0,0,122901,122901,0,0,-122901,-122901,18360,0,-18360,18360,0,-18360,0,22871,122901,122901,0,0,-122901,-122901,0,0,-9276,-9276,-164,-164,0,9276,9276,164,164,0,0,0,0,0,0,0,0,0,0,0,0,0,0,0,0,0,0,0,0,0,0,0,0,0,0,0,0,0,0,0,0,0,0,0,0,0,0,0,0,0,0,0,0,0,0,0,0,0,0,0,0,0,0,0,0,0,0,0,0,0,0,0,0,0,0,0,0,0,0,0,0,0,0,0,0,0,0,0,0,0,0,0,0,0,0,0,0,0,0
-626,-626,0,0,-3,0,0,-3,626,626,0,0,3,0,0,3,0,0,0,0,0,0,0,0,-68799,-34371,10286,29190,22269,28738,9920,22269,16137,9920,28738,21377,29190,10286,21377,-29120,-29120,15603,15603,15603,15603,-29120,-29120,-34371,-68799,29190,10286,22269,9920,28738,22269,16137,28738,9920,21377,10286,29190,21377,15603,15603,-29120,-29120,-29120,-29120,15603,15603,-119595,0,0,-42858,0,0,-68346,119595,-29190,0,42858,0,0,68346,0,0,0,0,0,0,0,0,-119595,0,-42858,0,0,-68346,-29190,119595,0,42858,0,0,68346,0,0,0,0,0,0,0,0,84894,84894,-362,34934,34934,-181,-84665,-84665,43162,43162,-34828,-34828,85,82,82,82,82,-153,-153,-153,-153,-120307,0,67085,0,0,43162,-28738,120307,0,0,-67085,0,-43162,0,0,0,0,0,0,0,0,-120307,0,67085,0,43162,120307,-28738,0,0,-67085,0,-43162,0,0,0,0,0,0,0,0,84894,84894,-34828,-34828,-181,-362,-84665,-84665,34934,34934,85,-42858,-42858,-153,-153,-153,-153,82,82,82,82,-16137,-10286,-21377,-9920,-21377,68799,34371,-9920,-28738,-22269,-29190,-10286,-22269,29120,29120,-15603,-15603,-15603,-15603,29120,29120,-16137,-10286,-21377,-9920,-21377,34371,68799,-28738,-9920,-22269,-10286,-29190,-22269,-15603,-15603,29120,29120,29120,29120,-15603,-15603,-120307,0,67085,120307,0,0,-43162,0,0,-67085,0,0,0,0,0,0,0,0,-120307,0,67085,120307,0,-43162,0,0,-67085,0,0,0,0,0,0,0,0,84665,84665,-34934,-34934,-85,-84894,-84894,362,34828,34828,181,-82,-82,-82,-82,153,153,153,153,-119595,0,-68346,119595,0,68346,0,0,42858,0,0,0,0,0,0,0,0,-119595,0,-68346,119595,0,68346,0,42858,0,0,0,0,0,0,0,0,84665,84665,34828,34828,-85,-84894,-84894,-34934,-34934,181,362,153,153,153,153,-82,-82,-82,-82,-11456,0,-60,11456,0,60,0,22884,-22884,0,0,120,-120,-11456,0,-60,11456,0,60,0,-22884,22884,0,0,-120,120,-11456,0,-60,11456,0,60,0,120,-120,0,0,-11456,0,-60,11456,0,60,0,-120,120,0,0,-11456,0,-60,11456,0,60,0,-22884,22884,-11456,0,-60,11456,0,60,0,22884,-22884,-11456,0,-60,11456,0,60,0,-11456,0,-60,11456,0,60,0
3,3,0,0,-626,0,0,-626,-3,-3,0,0,626,0,0,626,0,0,0,0,0,0,0,0,362,181,34828,42858,84665,-43162,-34934,84665,-85,-34934,-43162,-84894,42858,34828,-84894,153,153,-82,-82,-82,-82,153,153,181,362,42858,34828,84665,-34934,-43162,84665,-85,-43162,-34934,-84894,34828,42858,-84894,-82,-82,153,153,153,153,-82,-82,68346,0,0,29190,0,0,-119595,-68346,-42858,0,-29190,0,0,119595,0,0,0,0,0,0,0,0,68346,0,29190,0,0,-119595,-42858,-68346,0,-29190,0,0,119595,0,0,0,0,0,0,0,0,21377,21377,-68799,9920,9920,-34371,22269,22269,28738,28738,10286,10286,16137,15603,15603,15603,15603,-29120,-29120,-29120,-29120,-67085,0,-120307,0,0,28738,43162,67085,0,0,120307,0,-28738,0,0,0,0,0,0,0,0,-67085,0,-120307,0,28738,67085,43162,0,0,120307,0,-28738,0,0,0,0,0,0,0,0,21377,21377,10286,10286,-34371,-68799,22269,22269,9920,9920,16137,29190,29190,-29120,-29120,-29120,-29120,15603,15603,15603,15603,85,-34828,84894,34934,84894,-362,-181,34934,43162,-84665,-42858,-34828,-84665,-153,-153,82,82,82,82,-153,-153,85,-34828,84894,34934,84894,-181,-362,43162,34934,-84665,-34828,-42858,-84665,82,82,-153,-153,-153,-153,82,82,-67085,0,-120307,67085,0,0,-28738,0,0,120307,0,0,0,0,0,0,0,0,-67085,0,-120307,67085,0,-28738,0,0,120307,0,0,0,0,0,0,0,0,-22269,-22269,-9920,-9920,-16137,-21377,-21377,68799,-10286,-10286,34371,-15603,-15603,-15603,-15603,29120,29120,29120,29120,68346,0,-119595,-68346,0,119595,0,0,-29190,0,0,0,0,0,0,0,0,68346,0,-119595,-68346,0,119595,0,-29190,0,0,0,0,0,0,0,0,-22269,-22269,-10286,-10286,-16137,-21377,-21377,-9920,-9920,34371,68799,29120,29120,29120,29120,-15603,-15603,-15603,-15603,60,0,-11456,-60,0,11456,0,-120,120,0,0,22884,-22884,60,0,-11456,-60,0,11456,0,120,-120,0,0,-22884,22884,60,0,-11456,-60,0,11456,0,22884,-22884,0,0,60,0,-11456,-60,0,11456,0,-22884,22884,0,0,60,0,-11456,-60,0,11456,0,120,-120,60,0,-11456,-60,0,11456,0,-120,120,60,0,-11456,-60,0,11456,0,60,0,-11456,-60,0,11456,0
-3975,3975,-657,1712,-1770,657,-1712,1770,-3975,3975,-657,1712,-1770,657,-1712,1770,-1802,-1802,4694,4694,1802,1802,-4694,-4694,-36159,-20924,-331,-10450,-52788,-42675,13340,-74626,-70419,-331,-10450,-52788,-42675,13340,-74626,51755,51755,4724,4724,20529,20529,57469,57469,20924,36159,42675,-13340,74626,331,10450,52788,70419,42675,-13340,74626,331,10450,52788,-20529,-20529,-57469,-57469,-51755,-51755,-4724,-4724,28843,32102,-4244,-48013,-13424,-52710,3886,28843,42675,23471,-48013,-34947,9532,3886,-32211,-32211,-919,-919,-7994,-7994,26646,26646,-47425,-83639,24358,52710,34975,-37846,-10450,-47425,23471,24358,-9532,91051,-37846,-28225,-28225,83923,83923,-38805,-38805,20827,20827,-3847,-52888,-16101,-12455,18248,-9317,-3847,-52888,-48013,24358,-12455,18248,-31356,23369,23369,-12125,-12125,17902,17902,30733,30733,-28843,13424,-3886,-32102,4244,48013,-42675,-28843,34947,-9532,-3886,-23471,48013,7994,7994,-26646,-26646,32211,32211,919,919,47425,-34975,37846,83639,-24358,47425,10450,9532,-91051,37846,-23471,-24358,38805,38805,-20827,-20827,28225,28225,-83923,-83923,52888,3847,12455,-18248,9317,16101,52888,3847,12455,-18248,31356,48013,-24358,-17902,-17902,-30733,-30733,-23369,-23369,12125,12125,-70419,-331,-52788,13340,-74626,-36159,-20924,-331,-10450,-52788,-42675,13340,-74626,51755,51755,4724,4724,20529,20529,57469,57469,70419,-13340,74626,331,52788,20924,36159,42675,-13340,74626,331,10450,52788,-20529,-20529,-57469,-57469,-51755,-51755,-4724,-4724,28843,-34947,3886,28843,32102,-4244,-48013,-13424,-52710,3886,-32211,-32211,-919,-919,-7994,-7994,26646,26646,-47425,91051,-37846,-47425,-83639,24358,52710,34975,-37846,-28225,-28225,83923,83923,-38805,-38805,20827,20827,-3847,-52888,-12455,18248,-31356,-3847,-52888,-16101,-12455,18248,-9317,23369,23369,-12125,-12125,17902,17902,30733,30733,-28843,34947,-3886,-28843,13424,-3886,-32102,4244,48013,7994,7994,-26646,-26646,32211,32211,919,919,47425,-91051,37846,47425,-34975,37846,83639,-24358,38805,38805,-20827,-20827,28225,28225,-83923,-83923,52888,3847,12455,-18248,31356,52888,3847,12455,-18248,9317,16101,-17902,-17902,-30733,-30733,-23369,-23369,12125,12125,-51051,5592,5713,-51051,5592,5713,-24405,3334,3334,0,0,-7489,-7489,-51051,5592,5713,-51051,5592,5713,-24405,3334,3334,0,0,-7489,-7489,69956,-14570,48169,69956,-14570,48169,63585,7489,7489,0,0,69956,-14570,48169,69956,-14570,48169,63585,7489,7489,0,0,51051,-5592,-5713,51051,-5592,-5713,24405,-3334,-3334,51051,-5592,-5713,51051,-5592,-5713,24405,-3334,-3334,-69956,14570,-48169,-69956,14570,-48169,-63585,-69956,14570,-48169,-69956,14570,-48169,-63585
1770,-1770,1712,657,-3975,-1712,-657,3975,1770,-1770,1712,657,-3975,-1712,-657,3975,4694,4694,1802,1802,-4694,-4694,-1802,-1802,16101,9317,-18248,48013,52888,-24358,12455,3847,31356,-18248,48013,52888,-24358,12455,3847,-30733,-30733,-23369,-23369,12125,12125,-17902,-17902,-9317,-16101,24358,-12455,-3847,18248,-48013,-52888,-31356,24358,-12455,-3847,18248,-48013,-52888,-12125,-12125,17902,17902,30733,30733,23369,23369,-37846,-83639,-9532,-10450,34975,23471,-47425,-37846,24358,52710,-10450,91051,-4244,-47425,83923,83923,-38805,-38805,20827,20827,-28225,-28225,-3886,-32102,-42675,-23471,13424,-28843,48013,-3886,52710,-42675,4244,34947,-28843,-26646,-26646,32211,32211,919,919,7994,7994,-74626,-52788,-36159,13340,-331,-20924,-74626,-52788,-10450,-42675,13340,-331,-70419,4724,4724,20529,20529,57469,57469,51755,51755,37846,-34975,47425,83639,9532,10450,-24358,37846,-91051,4244,47425,-52710,10450,-20827,-20827,28225,28225,-83923,-83923,38805,38805,3886,-13424,28843,32102,42675,3886,-48013,-4244,-34947,28843,-52710,42675,-919,-919,-7994,-7994,26646,26646,-32211,-32211,52788,74626,-13340,331,20924,36159,52788,74626,-13340,331,70419,10450,42675,-57469,-57469,-51755,-51755,-4724,-4724,-20529,-20529,31356,-18248,52888,12455,3847,16101,9317,-18248,48013,52888,-24358,12455,3847,-30733,-30733,-23369,-23369,12125,12125,-17902,-17902,-31356,-12455,-3847,18248,-52888,-9317,-16101,24358,-12455,-3847,18248,-48013,-52888,-12125,-12125,17902,17902,30733,30733,23369,23369,-37846,91051,-47425,-37846,-83639,-9532,-10450,34975,23471,-47425,83923,83923,-38805,-38805,20827,20827,-28225,-28225,-3886,34947,-28843,-3886,-32102,-42675,-23471,13424,-28843,-26646,-26646,32211,32211,919,919,7994,7994,-74626,-52788,13340,-331,-70419,-74626,-52788,-36159,13340,-331,-20924,4724,4724,20529,20529,57469,57469,51755,51755,37846,-91051,47425,37846,-34975,47425,83639,9532,10450,-20827,-20827,28225,28225,-83923,-83923,38805,38805,3886,-34947,28843,3886,-13424,28843,32102,42675,-919,-919,-7994,-7994,26646,26646,-32211,-32211,52788,74626,-13340,331,70419,52788,74626,-13340,331,20924,36159,-57469,-57469,-51755,-51755,-4724,-4724,-20529,-20529,48169,-14570,69956,48169,-14570,69956,63585,7489,7489,0,0,3334,3334,48169,-14570,69956,48169,-14570,69956,63585,7489,7489,0,0,3334,3334,-5713,-5592,51051,-5713,-5592,51051,24405,-3334,-3334,0,0,-5713,-5592,51051,-5713,-5592,51051,24405,-3334,-3334,0,0,-48169,14570,-69956,-48169,14570,-69956,-63585,-7489,-7489,-48169,14570,-69956,-48169,14570,-69956,-63585,-7489,-7489,5713,5592,-51051,5713,5592,-51051,-24405,5713,5592,-51051,5713,5592,-51051,-24405
-410,410,-659,-25385,-432,659,25385,432,-410,410,-659,-25385,-432,659,25385,432,-1563,-1563,-60219,-60219,1563,1563,60219,60219,-20759,7606,22073,-9717,8340,45078,-58386,-30670,-37716,22073,-9717,8340,45078,-58386,-30670,-7916,-7916,-60695,-60695,-17953,-17953,26758,26758,-7606,20759,-45078,58386,30670,-22073,9717,-8340,37716,-45078,58386,30670,-22073,9717,-8340,17953,17953,-26758,-26758,7916,7916,60695,60695,-14223,-1453,227,44634,-1630,-17633,14212,-14223,-45078,18573,44634,-4637,-215,14212,1607,1607,22517,22517,-2832,-2832,-19926,-19926,-569,-55960,-7388,17633,-62782,169,-9717,-569,18573,-7388,215,-178636,169,50468,50468,61926,61926,49367,49367,-109101,-109101,6758,-30279,-21865,19070,-57318,8011,6758,-30279,44634,-7388,19070,-57318,-39726,-21131,-21131,-61709,-61709,-6537,-6537,26383,26383,14223,1630,-14212,1453,-227,-44634,45078,14223,4637,215,-14212,-18573,-44634,2832,2832,19926,19926,-1607,-1607,-22517,-22517,569,62782,-169,55960,7388,569,9717,-215,178636,-169,-18573,7388,-49367,-49367,109101,109101,-50468,-50468,-61926,-61926,30279,-6758,-19070,57318,-8011,21865,30279,-6758,-19070,57318,39726,-44634,7388,6537,6537,-26383,-26383,21131,21131,61709,61709,-37716,22073,8340,-58386,-30670,-20759,7606,22073,-9717,8340,45078,-58386,-30670,-7916,-7916,-60695,-60695,-17953,-17953,26758,26758,37716,58386,30670,-22073,-8340,-7606,20759,-45078,58386,30670,-22073,9717,-8340,17953,17953,-26758,-26758,7916,7916,60695,60695,-14223,-4637,14212,-14223,-1453,227,44634,-1630,-17633,14212,1607,1607,22517,22517,-2832,-2832,-19926,-19926,-569,-178636,169,-569,-55960,-7388,17633,-62782,169,50468,50468,61926,61926,49367,49367,-109101,-109101,6758,-30279,19070,-57318,-39726,6758,-30279,-21865,19070,-57318,8011,-21131,-21131,-61709,-61709,-6537,-6537,26383,26383,14223,4637,-14212,14223,1630,-14212,1453,-227,-44634,2832,2832,19926,19926,-1607,-1607,-22517,-22517,569,178636,-169,569,62782,-169,55960,7388,-49367,-49367,109101,109101,-50468,-50468,-61926,-61926,30279,-6758,-19070,57318,39726,30279,-6758,-19070,57318,-8011,21865,6537,6537,-26383,-26383,21131,21131,61709,61709,-26462,-130,27965,-26462,-130,27965,1413,-8081,-8081,0,0,7673,7673,-26462,-130,27965,-26462,-130,27965,1413,-8081,-8081,0,0,7673,7673,28246,-4993,29659,28246,-4993,29659,54418,-7673,-7673,0,0,28246,-4993,29659,28246,-4993,29659,54418,-7673,-7673,0,0,26462,130,-27965,26462,130,-27965,-1413,8081,8081,26462,130,-27965,26462,130,-27965,-1413,8081,8081,-28246,4993,-29659,-28246,4993,-29659,-54418,-28246,4993,-29659,-28246,4993,-29659,-54418
432,-432,-25385,659,-410,25385,-659,410,432,-432,-25385,659,-410,25385,-659,410,-60219,-60219,1563,1563,60219,60219,-1563,-1563,21865,-8011,57318,-44634,30279,7388,-19070,-6758,39726,57318,-44634,30279,7388,-19070,-6758,-26383,-26383,21131,21131,61709,61709,6537,6537,8011,-21865,-7388,19070,6758,-57318,44634,-30279,-39726,-7388,19070,6758,-57318,44634,-30279,-61709,-61709,-6537,-6537,26383,26383,-21131,-21131,169,-55960,215,-9717,-62782,18573,-569,169,-7388,17633,-9717,-178636,227,-569,61926,61926,49367,49367,-109101,-109101,50468,50468,-14212,1453,45078,-18573,1630,14223,-44634,-14212,17633,45078,-227,4637,14223,19926,19926,-1607,-1607,-22517,-22517,2832,2832,-30670,8340,-20759,-58386,22073,7606,-30670,8340,-9717,45078,-58386,22073,-37716,-60695,-60695,-17953,-17953,26758,26758,-7916,-7916,-169,62782,569,55960,-215,9717,7388,-169,178636,-227,569,-17633,9717,109101,109101,-50468,-50468,-61926,-61926,-49367,-49367,14212,-1630,-14223,-1453,-45078,14212,44634,227,-4637,-14223,-17633,-45078,22517,22517,-2832,-2832,-19926,-19926,1607,1607,-8340,30670,58386,-22073,-7606,20759,-8340,30670,58386,-22073,37716,9717,-45078,-26758,-26758,7916,7916,60695,60695,17953,17953,39726,57318,30279,-19070,-6758,21865,-8011,57318,-44634,30279,7388,-19070,-6758,-26383,-26383,21131,21131,61709,61709,6537,6537,-39726,19070,6758,-57318,-30279,8011,-21865,-7388,19070,6758,-57318,44634,-30279,-61709,-61709,-6537,-6537,26383,26383,-21131,-21131,169,-178636,-569,169,-55960,215,-9717,-62782,18573,-569,61926,61926,49367,49367,-109101,-109101,50468,50468,-14212,4637,14223,-14212,1453,45078,-18573,1630,14223,19926,19926,-1607,-1607,-22517,-22517,2832,2832,-30670,8340,-58386,22073,-37716,-30670,8340,-20759,-58386,22073,7606,-60695,-60695,-17953,-17953,26758,26758,-7916,-7916,-169,178636,569,-169,62782,569,55960,-215,9717,109101,109101,-50468,-50468,-61926,-61926,-49367,-49367,14212,-4637,-14223,14212,-1630,-14223,-1453,-45078,22517,22517,-2832,-2832,-19926,-19926,1607,1607,-8340,30670,58386,-22073,37716,-8340,30670,58386,-22073,-7606,20759,-26758,-26758,7916,7916,60695,60695,17953,17953,29659,-4993,28246,29659,-4993,28246,54418,-7673,-7673,0,0,-8081,-8081,29659,-4993,28246,29659,-4993,28246,54418,-7673,-7673,0,0,-8081,-8081,-27965,130,26462,-27965,130,26462,-1413,8081,8081,0,0,-27965,130,26462,-27965,130,26462,-1413,8081,8081,0,0,-29659,4993,-28246,-29659,4993,-28246,-54418,7673,7673,-29659,4993,-28246,-29659,4993,-28246,-54418,7673,7673,27965,-130,-26462,27965,-130,-26462,1413,27965,-130,-26462,27965,-130,-26462,1413
0,0,0,0,0,0,0,0,0,0,0,0,0,0,0,0,0,0,0,0,0,0,0,0,0,0,-7324,9779,-44039,-9779,7324,44039,0,-7324,9779,-44039,-9779,7324,44039,-79657,-79657,-42829,-42829,42829,42829,79657,79657,0,0,-9779,7324,44039,-7324,9779,-44039,0,-9779,7324,44039,-7324,9779,-44039,42829,42829,79657,79657,-79657,-79657,-42829,-42829,53627,0,0,9779,0,0,-53627,53627,-9779,0,9779,0,0,-53627,0,0,-70691,-70691,0,0,70691,70691,-53627,0,-9779,0,0,53627,9779,-53627,0,-9779,0,0,53627,70691,70691,0,0,-70691,-70691,0,0,44039,-44039,0,7324,-7324,0,44039,-44039,9779,-9779,7324,-7324,0,-42829,-42829,42829,42829,79657,79657,-79657,-79657,53627,0,-53627,0,0,9779,-9779,53627,0,0,-53627,0,9779,0,0,70691,70691,0,0,-70691,-70691,-53627,0,53627,0,-9779,-53627,9779,0,0,53627,0,-9779,-70691,-70691,0,0,70691,70691,0,0,-44039,44039,7324,-7324,0,0,-44039,44039,7324,-7324,0,9779,-9779,79657,79657,-79657,-79657,-42829,-42829,42829,42829,0,-7324,-44039,7324,44039,0,0,-7324,9779,-44039,-9779,7324,44039,-79657,-79657,-42829,-42829,42829,42829,79657,79657,0,7324,44039,-7324,-44039,0,0,-9779,7324,44039,-7324,9779,-44039,42829,42829,79657,79657,-79657,-79657,-42829,-42829,53627,0,-53627,53627,0,0,9779,0,0,-53627,0,0,-70691,-70691,0,0,70691,70691,-53627,0,53627,-53627,0,-9779,0,0,53627,70691,70691,0,0,-70691,-70691,0,0,44039,-44039,7324,-7324,0,44039,-44039,0,7324,-7324,0,-42829,-42829,42829,42829,79657,79657,-79657,-79657,53627,0,-53627,53627,0,-53627,0,0,9779,0,0,70691,70691,0,0,-70691,-70691,-53627,0,53627,-53627,0,53627,0,-9779,-70691,-70691,0,0,70691,70691,0,0,-44039,44039,7324,-7324,0,-44039,44039,7324,-7324,0,0,79657,79657,-79657,-79657,-42829,-42829,42829,42829,-25567,0,25567,-25567,0,25567,0,0,0,0,0,0,0,-25567,0,25567,-25567,0,25567,0,0,0,0,0,0,0,25567,0,-25567,25567,0,-25567,0,0,0,0,0,25567,0,-25567,25567,0,-25567,0,0,0,0,0,-25567,0,25567,-25567,0,25567,0,0,0,-25567,0,25567,-25567,0,25567,0,0,0,25567,0,-25567,25567,0,-25567,0,25567,0,-25567,25567,0,-25567,0
2921,-2921,0,0,-46734,0,0,46734,-2921,2921,0,0,46734,0,0,-46734,0,0,0,0,0,0,0,0,5061,1189,-6697,-69864,16723,-69864,-6697,-14987,3338,12662,69572,-14987,69572,12662,16723,-8693,-8693,4905,4905,4905,4905,-8693,-8693,-1189,-5061,-69572,-12662,14987,-12662,-69572,-16723,-3338,69864,6697,-16723,6697,69864,14987,-4905,-4905,8693,8693,8693,8693,-4905,-4905,35929,0,0,6692,0,0,1278,-35929,69572,0,-6692,0,0,-1278,0,0,0,0,0,0,0,0,35490,0,-2024,0,0,5742,69864,-35490,0,2024,0,0,-5742,0,0,0,0,0,0,0,0,-14882,-12900,-80970,-47110,-48320,-19017,-12900,-14882,-2024,6692,-48320,-47110,-53394,-78470,-78470,-78470,-78470,139074,139074,139074,139074,35490,0,-5742,0,0,2024,69864,-35490,0,0,5742,0,-2024,0,0,0,0,0,0,0,0,35929,0,-1278,0,-6692,-35929,69572,0,0,1278,0,6692,0,0,0,0,0,0,0,0,12900,14882,48320,47110,19017,80970,14882,12900,47110,48320,53394,-6692,2024,-139074,-139074,-139074,-139074,78470,78470,78470,78470,-3338,6697,14987,6697,-16723,-5061,-1189,-12662,-69572,-16723,-69572,-12662,14987,8693,8693,-4905,-4905,-4905,-4905,8693,8693,3338,12662,16723,12662,-14987,1189,5061,-69864,-6697,-14987,-6697,-69864,16723,4905,4905,-8693,-8693,-8693,-8693,4905,4905,-35490,0,5742,35490,0,0,2024,0,0,-5742,0,0,0,0,0,0,0,0,-35929,0,1278,35929,0,-6692,0,0,-1278,0,0,0,0,0,0,0,0,12900,14882,47110,48320,53394,14882,12900,80970,48320,47110,19017,78470,78470,78470,78470,-139074,-139074,-139074,-139074,-35929,0,-1278,35929,0,1278,0,0,6692,0,0,0,0,0,0,0,0,-35490,0,-5742,35490,0,5742,0,-2024,0,0,0,0,0,0,0,0,-14882,-12900,-48320,-47110,-53394,-12900,-14882,-47110,-48320,-19017,-80970,139074,139074,139074,139074,-78470,-78470,-78470,-78470,1922,0,30744,-1922,0,-30744,0,0,0,0,0,0,0,1922,0,30744,-1922,0,-30744,0,0,0,0,0,0,0,-1922,0,30744,1922,0,-30744,0,0,0,0,0,-1922,0,30744,1922,0,-30744,0,0,0,0,0,-1922,0,-30744,1922,0,30744,0,0,0,-1922,0,-30744,1922,0,30744,0,0,0,1922,0,-30744,-1922,0,30744,0,1922,0,-30744,-1922,0,30744,0
-46734,46734,0,0,-2921,0,0,2921,46734,-46734,0,0,2921,0,0,-2921,0,0,0,0,0,0,0,0,-80970,-19017,-48320,-2024,-12900,-2024,-48320,-14882,-53394,-47110,6692,-14882,6692,-47110,-12900,139074,139074,-78470,-78470,-78470,-78470,139074,139074,19017,80970,-6692,47110,14882,47110,-6692,12900,53394,2024,48320,12900,48320,2024,14882,78470,78470,-139074,-139074,-139074,-139074,78470,78470,-1278,0,0,-69572,0,0,35929,1278,6692,0,69572,0,0,-35929,0,0,0,0,0,0,0,0,5742,0,69864,0,0,-35490,2024,-5742,0,-69864,0,0,35490,0,0,0,0,0,0,0,0,14987,-16723,-5061,-12662,6697,-1189,-16723,14987,69864,-69572,6697,-12662,-3338,-4905,-4905,-4905,-4905,8693,8693,8693,8693,5742,0,35490,0,0,-69864,2024,-5742,0,0,-35490,0,69864,0,0,0,0,0,0,0,0,-1278,0,-35929,0,69572,1278,6692,0,0,35929,0,-69572,0,0,0,0,0,0,0,0,16723,-14987,-6697,12662,1189,5061,-14987,16723,12662,-6697,3338,69572,-69864,-8693,-8693,-8693,-8693,4905,4905,4905,4905,53394,48320,14882,48320,12900,80970,19017,47110,-6692,12900,-6692,47110,14882,-139074,-139074,78470,78470,78470,78470,-139074,-139074,-53394,-47110,-12900,-47110,-14882,-19017,-80970,-2024,-48320,-14882,-48320,-2024,-12900,-78470,-78470,139074,139074,139074,139074,-78470,-78470,-5742,0,-35490,5742,0,0,-69864,0,0,35490,0,0,0,0,0,0,0,0,1278,0,35929,-1278,0,69572,0,0,-35929,0,0,0,0,0,0,0,0,16723,-14987,12662,-6697,3338,-14987,16723,5061,-6697,12662,1189,4905,4905,4905,4905,-8693,-8693,-8693,-8693,1278,0,-35929,-1278,0,35929,0,0,-69572,0,0,0,0,0,0,0,0,-5742,0,35490,5742,0,-35490,0,69864,0,0,0,0,0,0,0,0,14987,-16723,6697,-12662,-3338,-16723,14987,-12662,6697,-1189,-5061,8693,8693,8693,8693,-4905,-4905,-4905,-4905,-30744,0,1922,30744,0,-1922,0,0,0,0,0,0,0,-30744,0,1922,30744,0,-1922,0,0,0,0,0,0,0,30744,0,1922,-30744,0,-1922,0,0,0,0,0,30744,0,1922,-30744,0,-1922,0,0,0,0,0,30744,0,-1922,-30744,0,1922,0,0,0,30744,0,-1922,-30744,0,1922,0,0,0,-30744,0,-1922,30744,0,1922,0,-30744,0,-1922,30744,0,1922,0
0,0,0,0,0,0,0,0,0,0,0,0,0,0,0,0,0,0,0,0,0,0,0,0,0,0,0,0,0,0,0,0,0,0,0,0,0,0,0,110480,-110480,16534,-16534,40536,-40536,-4678,4678,0,0,0,0,0,0,0,0,0,0,0,0,0,0,0,-25199,25199,86053,-86053,-41815,41815,38899,-38899,0,0,0,0,0,0,0,0,0,0,0,0,0,0,0,0,14920,-14920,0,0,-64181,64181,0,0,0,0,0,0,0,0,0,0,0,0,0,-44466,44466,0,0,-119015,119015,0,0,0,0,0,0,0,0,0,0,0,0,0,0,0,43549,-43549,24439,-24439,76147,-76147,-2475,2475,0,0,0,0,0,0,0,0,0,0,0,0,0,0,0,44275,-44275,0,0,48802,-48802,0,0,0,0,0,0,0,0,0,0,0,0,123163,-123163,0,0,31190,-31190,0,0,0,0,0,0,0,0,0,0,0,0,0,0,0,-52046,52046,44427,-44427,-29755,29755,-41145,41145,0,0,0,0,0,0,0,0,0,0,0,0,0,86378,-86378,-26685,26685,11406,-11406,-128006,128006,0,0,0,0,0,0,0,0,0,0,0,0,0,-32768,32768,-51580,51580,-134581,134581,171,-171,0,0,0,0,0,0,0,0,0,0,0,0,-44275,44275,0,0,-48802,48802,0,0,0,0,0,0,0,0,0,-123163,123163,0,0,-31190,31190,0,0,0,0,0,0,0,0,0,0,0,0,0,14418,-14418,-14288,14288,100249,-100249,135158,-135158,0,0,0,0,0,0,0,0,0,0,0,-14920,14920,0,0,64181,-64181,0,0,0,0,0,0,0,0,44466,-44466,0,0,119015,-119015,0,0,0,0,0,0,0,0,0,0,0,0,0,-144812,144812,-78900,78900,-22187,22187,2075,-2075,59734,0,-96380,74849,0,-38203,0,64878,45542,0,0,-17998,-92422,-59734,0,96380,-74849,0,38203,0,-45542,-64878,0,0,92422,17998,-31373,0,-50455,54940,0,26887,0,39804,-59140,0,0,31373,0,50455,-54940,0,-26887,0,59140,-39804,0,0,-89385,0,67855,-31209,0,52740,0,-86684,-12259,89385,0,-67855,31209,0,-52740,0,12259,86684,-84026,0,88512,-6684,0,2198,0,84026,0,-88512,6684,0,-2198,0
0,0,0,0,0,0,0,0,0,0,0,0,0,0,0,0,0,0,0,0,0,0,0,0,0,0,0,0,0,0,0,0,0,0,0,0,0,0,0,-10497,10497,-50083,50083,21758,-21758,5883,-5883,0,0,0,0,0,0,0,0,0,0,0,0,0,0,0,48465,-48465,47184,-47184,-30416,30416,20158,-20158,0,0,0,0,0,0,0,0,0,0,0,0,0,0,0,0,-77396,77396,0,0,-73208,73208,0,0,0,0,0,0,0,0,0,0,0,0,0,95392,-95392,0,0,-5864,5864,0,0,0,0,0,0,0,0,0,0,0,0,0,0,0,-18442,18442,42704,-42704,-23115,23115,89567,-89567,0,0,0,0,0,0,0,0,0,0,0,0,0,0,0,104247,-104247,0,0,-21960,21960,0,0,0,0,0,0,0,0,0,0,0,0,-49480,49480,0,0,81767,-81767,0,0,0,0,0,0,0,0,0,0,0,0,0,0,0,106106,-106106,-70683,70683,-38568,38568,9815,-9815,0,0,0,0,0,0,0,0,0,0,0,0,0,-159637,159637,-12730,12730,8545,-8545,-66067,66067,0,0,0,0,0,0,0,0,0,0,0,0,0,1632,-1632,166133,-166133,-72494,72494,-2436,2436,0,0,0,0,0,0,0,0,0,0,0,0,-104247,104247,0,0,21960,-21960,0,0,0,0,0,0,0,0,0,49480,-49480,0,0,-81767,81767,0,0,0,0,0,0,0,0,0,0,0,0,0,-31656,31656,20110,-20110,126025,-126025,-29382,29382,0,0,0,0,0,0,0,0,0,0,0,77396,-77396,0,0,73208,-73208,0,0,0,0,0,0,0,0,-95392,95392,0,0,5864,-5864,0,0,0,0,0,0,0,0,0,0,0,0,0,64028,-64028,-142633,142633,8265,-8265,-27537,27537,-104921,0,44962,-11391,0,71351,0,12111,-107541,0,0,64594,30836,104921,0,-44962,11391,0,-71351,0,107541,-12111,0,0,-30836,-64594,110216,0,-95478,35619,0,-50357,0,-30964,-88688,0,0,-110216,0,95478,-35619,0,50357,0,88688,30964,0,0,-48372,0,81943,-21984,0,-11587,0,-45741,-11983,48372,0,-81943,21984,0,11587,0,11983,45741,-43134,0,-16725,1988,0,57871,0,43134,0,16725,-1988,0,-57871,0
0,0,0,0,0,0,0,0,0,0,0,0,0,0,0,0,0,0,0,0,0,0,0,0,0,0,0,0,0,0,0,0,0,0,0,0,0,0,0,141247,-141247,-14440,14440,-28895,28895,-30225,30225,0,0,0,0,0,0,0,0,0,0,0,0,0,0,0,1572,-1572,150618,-150618,61678,-61678,-24843,24843,0,0,0,0,0,0,0,0,0,0,0,0,0,0,0,0,-97651,97651,0,0,-23782,23782,0,0,0,0,0,0,0,0,0,0,0,0,0,-95257,95257,0,0,36172,-36172,0,0,0,0,0,0,0,0,0,0,0,0,0,0,0,15165,-15165,12462,-12462,-150253,150253,-74387,74387,0,0,0,0,0,0,0,0,0,0,0,0,0,0,0,75140,-75140,0,0,-66748,66748,0,0,0,0,0,0,0,0,0,0,0,0,24485,-24485,0,0,-98908,98908,0,0,0,0,0,0,0,0,0,0,0,0,0,0,0,-87950,87950,-156915,156915,1080,-1080,-8007,8007,0,0,0,0,0,0,0,0,0,0,0,0,0,-625,625,-45313,45313,-17817,17817,80684,-80684,0,0,0,0,0,0,0,0,0,0,0,0,0,-42979,42979,52303,-52303,96956,-96956,9985,-9985,0,0,0,0,0,0,0,0,0,0,0,0,-75140,75140,0,0,66748,-66748,0,0,0,0,0,0,0,0,0,-24485,24485,0,0,98908,-98908,0,0,0,0,0,0,0,0,0,0,0,0,0,26243,-26243,47290,-47290,-8381,8381,23928,-23928,0,0,0,0,0,0,0,0,0,0,0,97651,-97651,0,0,23782,-23782,0,0,0,0,0,0,0,0,95257,-95257,0,0,-36172,36172,0,0,0,0,0,0,0,0,0,0,0,0,0,-52671,52671,-46006,46006,45631,-45631,22866,-22866,3582,0,-37006,92554,0,-59130,0,96349,-17472,0,0,-53590,-25287,-3582,0,37006,-92554,0,59130,0,17472,-96349,0,0,25287,53590,38536,0,-34587,100192,0,-104141,0,-101401,-12421,0,0,-38536,0,34587,-100192,0,104141,0,12421,101401,0,0,65288,0,-9740,43164,0,-98712,0,58642,30339,-65288,0,9740,-43164,0,98712,0,-30339,-58642,52025,0,13580,-17529,0,-48076,0,-52025,0,-13580,17529,0,48076,0
0,0,0,0,0,0,0,0,0,0,0,0,0,0,0,0,0,0,0,0,0,0,0,0,0,0,0,0,0,0,0,0,0,0,0,0,0,0,0,-27087,27087,360,-360,6229,-6229,-178970,178970,0,0,0,0,0,0,0,0,0,0,0,0,0,0,0,1986,-1986,-26135,26135,162857,-162857,21300,-21300,0,0,0,0,0,0,0,0,0,0,0,0,0,0,0,0,68812,-68812,0,0,-102174,102174,0,0,0,0,0,0,0,0,0,0,0,0,0,-18246,18246,0,0,70543,-70543,0,0,0,0,0,0,0,0,0,0,0,0,0,0,0,22886,-22886,-20351,20351,-63965,63965,139422,-139422,0,0,0,0,0,0,0,0,0,0,0,0,0,0,0,44834,-44834,0,0,114737,-114737,0,0,0,0,0,0,0,0,0,0,0,0,-47612,47612,0,0,-55157,55157,0,0,0,0,0,0,0,0,0,0,0,0,0,0,0,106292,-106292,-37524,37524,24825,-24825,-33719,33719,0,0,0,0,0,0,0,0,0,0,0,0,0,-7400,7400,7932,-7932,-49697,49697,-75763,75763,0,0,0,0,0,0,0,0,0,0,0,0,0,8169,-8169,-2024,2024,-15239,15239,53709,-53709,0,0,0,0,0,0,0,0,0,0,0,0,-44834,44834,0,0,-114737,114737,0,0,0,0,0,0,0,0,0,47612,-47612,0,0,55157,-55157,0,0,0,0,0,0,0,0,0,0,0,0,0,-33041,33041,12059,-12059,-83653,83653,115311,-115311,0,0,0,0,0,0,0,0,0,0,0,-68812,68812,0,0,102174,-102174,0,0,0,0,0,0,0,0,18246,-18246,0,0,-70543,70543,0,0,0,0,0,0,0,0,0,0,0,0,0,-71805,71805,65683,-65683,18643,-18643,-41290,41290,-5615,0,-44056,-17962,0,67633,0,-17570,-1775,0,0,81114,-61770,5615,0,44056,17962,0,-67633,0,1775,17570,0,0,61770,-81114,-2065,0,41988,-17186,0,-22736,0,-33503,49298,0,0,2065,0,-41988,17186,0,22736,0,-49298,33503,0,0,-5385,0,-56633,106305,0,-44287,0,-30041,112842,5385,0,56633,-106305,0,44287,0,-112842,30041,-54713,0,79514,-119437,0,94635,0,54713,0,-79514,119437,0,-94635,0
6726,6726,47108,47108,6726,47108,47108,6726,6726,6726,47108,47108,6726,47108,47108,6726,-29329,-29329,-29329,-29329,-29329,-29329,-29329,-29329,6251,-4129,-2709,4110,1909,4110,-2709,1909,84868,-2709,4110,1909,4110,-2709,1909,-66310,-66310,23418,23418,23418,23418,-66310,-66310,-4129,6251,4110,-2709,1909,-2709,4110,1909,84868,4110,-2709,1909,-2709,4110,1909,23418,23418,-66310,-66310,-66310,-66310,23418,23418,-20255,-16941,104996,4110,-54253,148419,-20255,-20255,4110,148419,4110,-45466,104996,-20255,-34485,-34485,-34647,-34647,41832,41832,-34647,-34647,-20255,-16941,4110,148419,-54253,-20255,4110,-20255,148419,4110,104996,-45466,-20255,-34647,-34647,-34485,-34485,-34647,-34647,41832,41832,1909,1909,6251,-2709,-2709,-4129,1909,1909,4110,4110,-2709,-2709,84868,23418,23418,23418,23418,-66310,-66310,-66310,-66310,-20255,-54253,-20255,-16941,104996,4110,4110,-20255,-45466,104996,-20255,148419,4110,41832,41832,-34647,-34647,-34485,-34485,-34647,-34647,-20255,-54253,-20255,-16941,4110,-20255,4110,104996,-45466,-20255,148419,4110,-34647,-34647,41832,41832,-34647,-34647,-34485,-34485,1909,1909,-2709,-2709,-4129,6251,1909,1909,-2709,-2709,84868,4110,4110,-66310,-66310,-66310,-66310,23418,23418,23418,23418,84868,-2709,1909,-2709,1909,6251,-4129,-2709,4110,1909,4110,-2709,1909,-66310,-66310,23418,23418,23418,23418,-66310,-66310,84868,-2709,1909,-2709,1909,-4129,6251,4110,-2709,1909,-2709,4110,1909,23418,23418,-66310,-66310,-66310,-66310,23418,23418,-20255,-45466,-20255,-20255,-16941,104996,4110,-54253,148419,-20255,-34485,-34485,-34647,-34647,41832,41832,-34647,-34647,-20255,-45466,-20255,-20255,-16941,4110,148419,-54253,-20255,-34647,-34647,-34485,-34485,-34647,-34647,41832,41832,1909,1909,-2709,-2709,84868,1909,1909,6251,-2709,-2709,-4129,23418,23418,23418,23418,-66310,-66310,-66310,-66310,-20255,-45466,-20255,-20255,-54253,-20255,-16941,104996,4110,41832,41832,-34647,-34647,-34485,-34485,-34647,-34647,-20255,-45466,-20255,-20255,-54253,-20255,-16941,4110,-34647,-34647,41832,41832,-34647,-34647,-34485,-34485,1909,1909,-2709,-2709,84868,1909,1909,-2709,-2709,-4129,6251,-66310,-66310,-66310,-66310,23418,23418,23418,23418,21036,10836,21036,21036,10836,21036,3415,7486,7486,18788,18788,7486,7486,21036,10836,21036,21036,10836,21036,3415,7486,7486,18788,18788,7486,7486,21036,10836,21036,21036,10836,21036,3415,7486,7486,18788,18788,21036,10836,21036,21036,10836,21036,3415,7486,7486,18788,18788,21036,10836,21036,21036,10836,21036,3415,7486,7486,21036,10836,21036,21036,10836,21036,3415,7486,7486,21036,10836,21036,21036,10836,21036,3415,21036,10836,21036,21036,10836,21036,3415
0,0,23343,-23343,0,23343,-23343,0,0,0,23343,-23343,0,23343,-23343,0,9282,9282,-9282,-9282,9282,9282,-9282,-9282,0,0,-49702,-32809,-68004,32809,49702,68004,0,-49702,-32809,-68004,32809,49702,68004,14938,14938,-34054,-34054,34054,34054,-14938,-14938,0,0,32809,49702,68004,-49702,-32809,-68004,0,32809,49702,68004,-49702,-32809,-68004,34054,34054,-14938,-14938,14938,14938,-34054,-34054,83222,-32166,0,32809,31663,0,83222,83222,32809,0,32809,-42883,0,83222,61,61,-31154,-31154,-55896,-55896,-31154,-31154,-83222,32166,-32809,0,-31663,-83222,-32809,-83222,0,-32809,0,42883,-83222,31154,31154,-61,-61,31154,31154,55896,55896,-68004,68004,0,-49702,49702,0,-68004,68004,32809,-32809,-49702,49702,0,34054,34054,-34054,-34054,14938,14938,-14938,-14938,83222,31663,83222,-32166,0,32809,32809,83222,-42883,0,83222,0,32809,-55896,-55896,-31154,-31154,61,61,-31154,-31154,-83222,-31663,-83222,32166,-32809,-83222,-32809,0,42883,-83222,0,-32809,31154,31154,55896,55896,31154,31154,-61,-61,68004,-68004,-49702,49702,0,0,68004,-68004,-49702,49702,0,32809,-32809,14938,14938,-14938,-14938,34054,34054,-34054,-34054,0,-49702,-68004,49702,68004,0,0,-49702,-32809,-68004,32809,49702,68004,14938,14938,-34054,-34054,34054,34054,-14938,-14938,0,49702,68004,-49702,-68004,0,0,32809,49702,68004,-49702,-32809,-68004,34054,34054,-14938,-14938,14938,14938,-34054,-34054,83222,-42883,83222,83222,-32166,0,32809,31663,0,83222,61,61,-31154,-31154,-55896,-55896,-31154,-31154,-83222,42883,-83222,-83222,32166,-32809,0,-31663,-83222,31154,31154,-61,-61,31154,31154,55896,55896,-68004,68004,-49702,49702,0,-68004,68004,0,-49702,49702,0,34054,34054,-34054,-34054,14938,14938,-14938,-14938,83222,-42883,83222,83222,31663,83222,-32166,0,32809,-55896,-55896,-31154,-31154,61,61,-31154,-31154,-83222,42883,-83222,-83222,-31663,-83222,32166,-32809,31154,31154,55896,55896,31154,31154,-61,-61,68004,-68004,-49702,49702,0,68004,-68004,-49702,49702,0,0,14938,14938,-14938,-14938,34054,34054,-34054,-34054,-18233,-31981,-18233,-18233,-31981,-18233,22318,0,0,13547,13547,0,0,-18233,-31981,-18233,-18233,-31981,-18233,22318,0,0,13547,13547,0,0,18233,31981,18233,18233,31981,18233,-22318,0,0,-13547,-13547,18233,31981,18233,18233,31981,18233,-22318,0,0,-13547,-13547,-18233,-31981,-18233,-18233,-31981,-18233,22318,0,0,-18233,-31981,-18233,-18233,-31981,-18233,22318,0,0,18233,31981,18233,18233,31981,18233,-22318,18233,31981,18233,18233,31981,18233,-22318
3760,-3760,0,0,0,0,0,0,-3760,3760,0,0,0,0,0,0,0,0,0,0,0,0,0,0,-33157,-46368,635,-10026,107938,-10026,635,107938,-74744,635,-10026,107938,-10026,635,107938,-52264,-52264,5170,5170,5170,5170,-52264,-52264,46368,33157,10026,-635,-107938,-635,10026,-107938,74744,10026,-635,-107938,-635,10026,-107938,-5170,-5170,52264,52264,52264,52264,-5170,-5170,58434,0,0,-129681,0,0,12529,-58434,-10026,0,129681,0,0,-12529,0,0,0,0,0,0,0,0,-58434,0,129681,0,0,-12529,10026,58434,0,-129681,0,0,12529,0,0,0,0,0,0,0,0,-72587,72587,0,-3549,3549,0,72587,-72587,129681,-129681,3549,-3549,0,0,0,0,0,0,0,0,0,-58434,0,12529,0,0,-129681,10026,58434,0,0,-12529,0,129681,0,0,0,0,0,0,0,0,58434,0,-12529,0,129681,-58434,-10026,0,0,12529,0,-129681,0,0,0,0,0,0,0,0,-72587,72587,-3549,3549,0,0,72587,-72587,3549,-3549,0,129681,-129681,0,0,0,0,0,0,0,0,74744,-635,-107938,-635,-107938,33157,46368,-635,10026,-107938,10026,-635,-107938,52264,52264,-5170,-5170,-5170,-5170,52264,52264,-74744,635,107938,635,107938,-46368,-33157,-10026,635,107938,635,-10026,107938,5170,5170,-52264,-52264,-52264,-52264,5170,5170,58434,0,-12529,-58434,0,0,-129681,0,0,12529,0,0,0,0,0,0,0,0,-58434,0,12529,58434,0,129681,0,0,-12529,0,0,0,0,0,0,0,0,-72587,72587,3549,-3549,0,72587,-72587,0,-3549,3549,0,0,0,0,0,0,0,0,0,-58434,0,-12529,58434,0,12529,0,0,-129681,0,0,0,0,0,0,0,0,58434,0,12529,-58434,0,-12529,0,129681,0,0,0,0,0,0,0,0,-72587,72587,3549,-3549,0,72587,-72587,-3549,3549,0,0,0,0,0,0,0,0,0,0,25536,0,0,-25536,0,0,0,0,0,0,0,0,0,25536,0,0,-25536,0,0,0,0,0,0,0,0,0,-25536,0,0,25536,0,0,0,0,0,0,0,-25536,0,0,25536,0,0,0,0,0,0,0,-25536,0,0,25536,0,0,0,0,0,-25536,0,0,25536,0,0,0,0,0,25536,0,0,-25536,0,0,0,25536,0,0,-25536,0,0,0
0,0,0,0,3760,0,0,-3760,0,0,0,0,-3760,0,0,3760,0,0,0,0,0,0,0,0,0,0,-3549,-129681,-72587,-129681,-3549,72587,0,3549,129681,72587,129681,3549,-72587,0,0,0,0,0,0,0,0,0,0,-129681,-3549,-72587,-3549,-129681,72587,0,129681,3549,72587,3549,129681,-72587,0,0,0,0,0,0,0,0,12529,0,0,-10026,0,0,-58434,-12529,129681,0,10026,0,0,58434,0,0,0,0,0,0,0,0,12529,0,-10026,0,0,-58434,129681,-12529,0,10026,0,0,58434,0,0,0,0,0,0,0,0,107938,107938,-33157,635,635,-46368,107938,107938,-10026,-10026,635,635,-74744,5170,5170,5170,5170,-52264,-52264,-52264,-52264,12529,0,58434,0,0,10026,129681,-12529,0,0,-58434,0,-10026,0,0,0,0,0,0,0,0,12529,0,58434,0,10026,-12529,129681,0,0,-58434,0,-10026,0,0,0,0,0,0,0,0,-107938,-107938,-635,-635,46368,33157,-107938,-107938,-635,-635,74744,10026,10026,52264,52264,52264,52264,-5170,-5170,-5170,-5170,0,3549,-72587,3549,72587,0,0,-3549,-129681,72587,-129681,-3549,-72587,0,0,0,0,0,0,0,0,0,3549,-72587,3549,72587,0,0,-129681,-3549,72587,-3549,-129681,-72587,0,0,0,0,0,0,0,0,-12529,0,-58434,12529,0,0,10026,0,0,58434,0,0,0,0,0,0,0,0,-12529,0,-58434,12529,0,10026,0,0,58434,0,0,0,0,0,0,0,0,-107938,-107938,-635,-635,74744,-107938,-107938,33157,-635,-635,46368,-5170,-5170,-5170,-5170,52264,52264,52264,52264,-12529,0,58434,12529,0,-58434,0,0,-10026,0,0,0,0,0,0,0,0,-12529,0,58434,12529,0,-58434,0,-10026,0,0,0,0,0,0,0,0,107938,107938,635,635,-74744,107938,107938,635,635,-46368,-33157,-52264,-52264,-52264,-52264,5170,5170,5170,5170,0,0,-25536,0,0,25536,0,0,0,0,0,0,0,0,0,-25536,0,0,25536,0,0,0,0,0,0,0,0,0,-25536,0,0,25536,0,0,0,0,0,0,0,-25536,0,0,25536,0,0,0,0,0,0,0,25536,0,0,-25536,0,0,0,0,0,25536,0,0,-25536,0,0,0,0,0,25536,0,0,-25536,0,0,0,25536,0,0,-25536,0
3840,3840,0,0,-3840,0,0,-3840,3840,3840,0,0,-3840,0,0,-3840,0,0,0,0,0,0,0,0,42832,58957,-27200,-77989,23732,-77989,-27200,23732,-3414,-27200,-77989,23732,-77989,-27200,23732,2123,2123,-43397,-43397,-43397,-43397,2123,2123,58957,42832,-77989,-27200,23732,-27200,-77989,23732,-3414,-77989,-27200,23732,-27200,-77989,23732,-43397,-43397,2123,2123,2123,2123,-43397,-43397,98756,0,-4539,77989,0,36316,-98756,98756,-77989,-36316,77989,0,4539,-98756,0,0,-9346,-9346,0,0,9346,9346,98756,0,77989,36316,0,-98756,-77989,98756,-36316,77989,4539,0,-98756,-9346,-9346,0,0,9346,9346,0,0,-23732,-23732,-42832,27200,27200,-58957,-23732,-23732,77989,77989,27200,27200,3414,43397,43397,43397,43397,-2123,-2123,-2123,-2123,98756,0,-98756,0,-4539,77989,-77989,98756,0,4539,-98756,-36316,77989,0,0,9346,9346,0,0,-9346,-9346,98756,0,-98756,0,77989,98756,-77989,4539,0,-98756,-36316,77989,9346,9346,0,0,-9346,-9346,0,0,-23732,-23732,27200,27200,-58957,-42832,-23732,-23732,27200,27200,3414,77989,77989,-2123,-2123,-2123,-2123,43397,43397,43397,43397,-3414,-27200,23732,-27200,23732,42832,58957,-27200,-77989,23732,-77989,-27200,23732,2123,2123,-43397,-43397,-43397,-43397,2123,2123,-3414,-27200,23732,-27200,23732,58957,42832,-77989,-27200,23732,-27200,-77989,23732,-43397,-43397,2123,2123,2123,2123,-43397,-43397,98756,0,-98756,98756,0,-4539,77989,0,36316,-98756,0,0,-9346,-9346,0,0,9346,9346,98756,0,-98756,98756,0,77989,36316,0,-98756,-9346,-9346,0,0,9346,9346,0,0,-23732,-23732,27200,27200,3414,-23732,-23732,-42832,27200,27200,-58957,43397,43397,43397,43397,-2123,-2123,-2123,-2123,98756,0,-98756,98756,0,-98756,0,-4539,77989,0,0,9346,9346,0,0,-9346,-9346,98756,0,-98756,98756,0,-98756,0,77989,9346,9346,0,0,-9346,-9346,0,0,-23732,-23732,27200,27200,3414,-23732,-23732,27200,27200,-58957,-42832,-2123,-2123,-2123,-2123,43397,43397,43397,43397,19650,0,-19650,19650,0,-19650,0,-38334,-38334,0,0,38334,38334,19650,0,-19650,19650,0,-19650,0,-38334,-38334,0,0,38334,38334,19650,0,-19650,19650,0,-19650,0,38334,38334,0,0,19650,0,-19650,19650,0,-19650,0,38334,38334,0,0,19650,0,-19650,19650,0,-19650,0,-38334,-38334,19650,0,-19650,19650,0,-19650,0,-38334,-38334,19650,0,-19650,19650,0,-19650,0,19650,0,-19650,19650,0,-19650,0
4863,-4863,-20437,-9069,-12623,20437,9069,12623,4863,-4863,-20437,-9069,-12623,20437,9069,12623,-714,-714,-317,-317,714,714,317,317,6841,13561,6089,-106919,-6351,103864,908,-35309,7605,6089,-106919,-6351,103864,908,-35309,-38448,-38448,-20446,-20446,-2749,-2749,60739,60739,-13561,-6841,-103864,-908,35309,-6089,106919,6351,-7605,-103864,-908,35309,-6089,106919,6351,2749,2749,-60739,-60739,38448,38448,20446,20446,-6738,-60948,132346,-36639,12314,34514,-37794,-6738,-103864,89584,-36639,-21886,50989,-37794,32973,32973,-66016,-66016,49804,49804,-70891,-70891,25112,-27046,44570,-34514,5464,-44873,-106919,25112,89584,44570,-50989,-9712,-44873,-24884,-24884,14632,14632,-35870,-35870,22101,22101,48487,59644,-17756,-10079,-8083,-35198,48487,59644,-36639,44570,-10079,-8083,-19738,26693,26693,33512,33512,-9821,-9821,-48035,-48035,6738,-12314,37794,60948,-132346,36639,103864,6738,21886,-50989,37794,-89584,36639,-49804,-49804,70891,70891,-32973,-32973,66016,66016,-25112,-5464,44873,27046,-44570,-25112,106919,50989,9712,44873,-89584,-44570,35870,35870,-22101,-22101,24884,24884,-14632,-14632,-59644,-48487,10079,8083,35198,17756,-59644,-48487,10079,8083,19738,36639,-44570,9821,9821,48035,48035,-26693,-26693,-33512,-33512,7605,6089,-6351,908,-35309,6841,13561,6089,-106919,-6351,103864,908,-35309,-38448,-38448,-20446,-20446,-2749,-2749,60739,60739,-7605,-908,35309,-6089,6351,-13561,-6841,-103864,-908,35309,-6089,106919,6351,2749,2749,-60739,-60739,38448,38448,20446,20446,-6738,-21886,-37794,-6738,-60948,132346,-36639,12314,34514,-37794,32973,32973,-66016,-66016,49804,49804,-70891,-70891,25112,-9712,-44873,25112,-27046,44570,-34514,5464,-44873,-24884,-24884,14632,14632,-35870,-35870,22101,22101,48487,59644,-10079,-8083,-19738,48487,59644,-17756,-10079,-8083,-35198,26693,26693,33512,33512,-9821,-9821,-48035,-48035,6738,21886,37794,6738,-12314,37794,60948,-132346,36639,-49804,-49804,70891,70891,-32973,-32973,66016,66016,-25112,9712,44873,-25112,-5464,44873,27046,-44570,35870,35870,-22101,-22101,24884,24884,-14632,-14632,-59644,-48487,10079,8083,19738,-59644,-48487,10079,8083,35198,17756,9821,9821,48035,48035,-26693,-26693,-33512,-33512,25073,-27,-19902,25073,-27,-19902,70970,11908,11908,0,0,4588,4588,25073,-27,-19902,25073,-27,-19902,70970,11908,11908,0,0,4588,4588,51822,-12,-49527,51822,-12,-49527,31494,-4588,-4588,0,0,51822,-12,-49527,51822,-12,-49527,31494,-4588,-4588,0,0,-25073,27,19902,-25073,27,19902,-70970,-11908,-11908,-25073,27,19902,-25073,27,19902,-70970,-11908,-11908,-51822,12,49527,-51822,12,49527,-31494,-51822,12,49527,-51822,12,49527,-31494
-12623,12623,9069,-20437,-4863,-9069,20437,4863,-12623,12623,9069,-20437,-4863,-9069,20437,4863,317,317,-714,-714,-317,-317,714,714,-17756,-35198,-8083,-36639,59644,44570,-10079,48487,-19738,-8083,-36639,59644,44570,-10079,48487,-48035,-48035,26693,26693,33512,33512,-9821,-9821,35198,17756,-44570,10079,-48487,8083,36639,-59644,19738,-44570,10079,-48487,8083,36639,-59644,-33512,-33512,9821,9821,48035,48035,-26693,-26693,44873,27046,50989,106919,-5464,-89584,-25112,44873,-44570,34514,106919,9712,-132346,-25112,-14632,-14632,35870,35870,-22101,-22101,24884,24884,-37794,-60948,-103864,89584,12314,-6738,-36639,-37794,34514,-103864,132346,-21886,-6738,-70891,-70891,32973,32973,-66016,-66016,49804,49804,35309,6351,-6841,-908,-6089,-13561,35309,6351,106919,-103864,-908,-6089,-7605,20446,20446,2749,2749,-60739,-60739,38448,38448,-44873,5464,25112,-27046,-50989,-106919,44570,-44873,-9712,132346,25112,-34514,-106919,22101,22101,-24884,-24884,14632,14632,-35870,-35870,37794,-12314,6738,60948,103864,37794,36639,-132346,21886,6738,-34514,103864,66016,66016,-49804,-49804,70891,70891,-32973,-32973,-6351,-35309,908,6089,13561,6841,-6351,-35309,908,6089,7605,-106919,103864,60739,60739,-38448,-38448,-20446,-20446,-2749,-2749,-19738,-8083,59644,-10079,48487,-17756,-35198,-8083,-36639,59644,44570,-10079,48487,-48035,-48035,26693,26693,33512,33512,-9821,-9821,19738,10079,-48487,8083,-59644,35198,17756,-44570,10079,-48487,8083,36639,-59644,-33512,-33512,9821,9821,48035,48035,-26693,-26693,44873,9712,-25112,44873,27046,50989,106919,-5464,-89584,-25112,-14632,-14632,35870,35870,-22101,-22101,24884,24884,-37794,-21886,-6738,-37794,-60948,-103864,89584,12314,-6738,-70891,-70891,32973,32973,-66016,-66016,49804,49804,35309,6351,-908,-6089,-7605,35309,6351,-6841,-908,-6089,-13561,20446,20446,2749,2749,-60739,-60739,38448,38448,-44873,-9712,25112,-44873,5464,25112,-27046,-50989,-106919,22101,22101,-24884,-24884,14632,14632,-35870,-35870,37794,21886,6738,37794,-12314,6738,60948,103864,66016,66016,-49804,-49804,70891,70891,-32973,-32973,-6351,-35309,908,6089,7605,-6351,-35309,908,6089,13561,6841,60739,60739,-38448,-38448,-20446,-20446,-2749,-2749,49527,12,-51822,49527,12,-51822,-31494,4588,4588,0,0,-11908,-11908,49527,12,-51822,49527,12,-51822,-31494,4588,4588,0,0,-11908,-11908,-19902,-27,25073,-19902,-27,25073,70970,11908,11908,0,0,-19902,-27,25073,-19902,-27,25073,70970,11908,11908,0,0,-49527,-12,51822,-49527,-12,51822,31494,-4588,-4588,-49527,-12,51822,-49527,-12,51822,31494,-4588,-4588,19902,27,-25073,19902,27,-25073,-70970,19902,27,-25073,19902,27,-25073,-70970
0,0,18849,-18849,0,-18849,18849,0,0,0,-18849,18849,0,18849,-18849,0,0,0,0,0,0,0,0,0,0,0,-11497,-46458,-54071,-46458,-11497,54071,0,11497,46458,54071,46458,11497,-54071,0,0,0,0,0,0,0,0,0,0,46458,11497,54071,11497,46458,-54071,0,-46458,-11497,-54071,-11497,-46458,54071,0,0,0,0,0,0,0,0,19530,36606,0,46458,-27838,128620,19530,19530,46458,128620,46458,-7164,0,19530,-87327,-87327,-88950,-88950,56357,56357,-88950,-88950,-19530,-36606,-46458,-128620,27838,-19530,-46458,-19530,-128620,-46458,0,7164,-19530,88950,88950,87327,87327,88950,88950,-56357,-56357,54071,-54071,0,11497,-11497,0,-54071,54071,-46458,46458,-11497,11497,0,0,0,0,0,0,0,0,0,-19530,27838,-19530,-36606,0,-46458,-46458,-19530,7164,0,-19530,-128620,-46458,-56357,-56357,88950,88950,87327,87327,88950,88950,19530,-27838,19530,36606,46458,19530,46458,0,-7164,19530,128620,46458,-88950,-88950,56357,56357,-88950,-88950,-87327,-87327,-54071,54071,-11497,11497,0,0,54071,-54071,11497,-11497,0,46458,-46458,0,0,0,0,0,0,0,0,0,-11497,54071,-11497,-54071,0,0,11497,46458,-54071,46458,11497,54071,0,0,0,0,0,0,0,0,0,11497,-54071,11497,54071,0,0,-46458,-11497,54071,-11497,-46458,-54071,0,0,0,0,0,0,0,0,-19530,7164,-19530,-19530,-36606,0,-46458,27838,-128620,-19530,87327,87327,88950,88950,-56357,-56357,88950,88950,19530,-7164,19530,19530,36606,46458,128620,-27838,19530,-88950,-88950,-87327,-87327,-88950,-88950,56357,56357,-54071,54071,11497,-11497,0,54071,-54071,0,-11497,11497,0,0,0,0,0,0,0,0,0,19530,-7164,19530,19530,-27838,19530,36606,0,46458,56357,56357,-88950,-88950,-87327,-87327,-88950,-88950,-19530,7164,-19530,-19530,27838,-19530,-36606,-46458,88950,88950,-56357,-56357,88950,88950,87327,87327,54071,-54071,-11497,11497,0,-54071,54071,11497,-11497,0,0,0,0,0,0,0,0,0,0,0,4252,0,0,-4252,0,0,0,0,0,0,0,0,0,4252,0,0,-4252,0,0,0,0,0,0,0,0,0,-4252,0,0,4252,0,0,0,0,0,0,0,-4252,0,0,4252,0,0,0,0,0,0,0,-4252,0,0,4252,0,0,0,0,0,-4252,0,0,4252,0,0,0,0,0,4252,0,0,-4252,0,0,0,4252,0,0,-4252,0,0
0,0,0,0,0,0,0,0,0,0,0,0,0,0,0,0,0,0,0,0,0,0,0,0,0,0,7357,-60074,7950,79972,-20440,-7950,0,20440,-79972,1399,60074,-7357,-1399,-5946,-5946,-181118,-181118,181118,181118,5946,5946,0,0,60074,-7357,-7950,20440,-79972,7950,0,79972,-20440,-1399,7357,-60074,1399,181118,181118,5946,5946,-5946,-5946,-181118,-181118,1341,0,0,-64272,0,0,-17530,-1341,-60074,0,64272,0,0,17530,0,0,0,0,0,0,0,0,-1341,0,64272,0,0,17530,60074,1341,0,-64272,0,0,-17530,0,0,0,0,0,0,0,0,-17539,17539,0,30446,-30446,0,15696,-15696,36666,-36666,-35925,35925,0,-35703,-35703,35703,35703,1172,1172,-1172,-1172,7893,0,15709,0,0,36666,-79972,-7893,0,0,-15709,0,-36666,0,0,0,0,0,0,0,0,-7893,0,-15709,0,-36666,7893,79972,0,0,15709,0,36666,0,0,0,0,0,0,0,0,17539,-17539,-35925,35925,0,0,-15696,15696,30446,-30446,0,-64272,64272,1172,1172,-1172,-1172,-35703,-35703,35703,35703,0,-7357,-1399,20440,1399,0,0,-20440,79972,-7950,-60074,7357,7950,5946,5946,181118,181118,-181118,-181118,-5946,-5946,0,7357,1399,-20440,-1399,0,0,-79972,20440,7950,-7357,60074,-7950,-181118,-181118,-5946,-5946,5946,5946,181118,181118,7893,0,15709,-7893,0,0,-36666,0,0,-15709,0,0,0,0,0,0,0,0,-7893,0,-15709,7893,0,36666,0,0,15709,0,0,0,0,0,0,0,0,-15696,15696,-30446,30446,0,17539,-17539,0,35925,-35925,0,35703,35703,-35703,-35703,-1172,-1172,1172,1172,1341,0,-17530,-1341,0,17530,0,0,64272,0,0,0,0,0,0,0,0,-1341,0,17530,1341,0,-17530,0,-64272,0,0,0,0,0,0,0,0,15696,-15696,35925,-35925,0,-17539,17539,-30446,30446,0,0,-1172,-1172,1172,1172,35703,35703,-35703,-35703,-66155,0,13041,66155,0,-13041,0,0,0,0,0,0,0,-66155,0,13041,66155,0,-13041,0,0,0,0,0,0,0,66155,0,-13041,-66155,0,13041,0,0,0,0,0,66155,0,-13041,-66155,0,13041,0,0,0,0,0,-66155,0,13041,66155,0,-13041,0,0,0,-66155,0,13041,66155,0,-13041,0,0,0,66155,0,-13041,-66155,0,13041,0,66155,0,-13041,-66155,0,13041,0
0,0,0,0,0,0,0,0,0,0,0,0,0,0,0,0,0,0,0,0,0,0,0,0,0,0,-35925,64272,15696,36666,-30446,-15696,0,30446,-36666,-17539,-64272,35925,17539,1172,1172,35703,35703,-35703,-35703,-1172,-1172,0,0,-64272,35925,-15696,30446,-36666,15696,0,36666,-30446,17539,-35925,64272,-17539,-35703,-35703,-1172,-1172,1172,1172,35703,35703,-17530,0,0,-60074,0,0,-1341,17530,64272,0,60074,0,0,1341,0,0,0,0,0,0,0,0,17530,0,60074,0,0,1341,-64272,-17530,0,-60074,0,0,-1341,0,0,0,0,0,0,0,0,-1399,1399,0,-20440,20440,0,-7950,7950,-79972,79972,-7357,7357,0,-181118,-181118,181118,181118,5946,5946,-5946,-5946,15709,0,-7893,0,0,-79972,-36666,-15709,0,0,7893,0,79972,0,0,0,0,0,0,0,0,-15709,0,7893,0,79972,15709,36666,0,0,-7893,0,-79972,0,0,0,0,0,0,0,0,1399,-1399,-7357,7357,0,0,7950,-7950,-20440,20440,0,-60074,60074,5946,5946,-5946,-5946,-181118,-181118,181118,181118,0,35925,17539,30446,-17539,0,0,-30446,36666,-15696,64272,-35925,15696,-1172,-1172,-35703,-35703,35703,35703,1172,1172,0,-35925,-17539,-30446,17539,0,0,-36666,30446,15696,35925,-64272,-15696,35703,35703,1172,1172,-1172,-1172,-35703,-35703,15709,0,-7893,-15709,0,0,79972,0,0,7893,0,0,0,0,0,0,0,0,-15709,0,7893,15709,0,-79972,0,0,-7893,0,0,0,0,0,0,0,0,7950,-7950,20440,-20440,0,1399,-1399,0,7357,-7357,0,181118,181118,-181118,-181118,-5946,-5946,5946,5946,-17530,0,-1341,17530,0,1341,0,0,60074,0,0,0,0,0,0,0,0,17530,0,1341,-17530,0,-1341,0,-60074,0,0,0,0,0,0,0,0,-7950,7950,7357,-7357,0,-1399,1399,20440,-20440,0,0,-5946,-5946,5946,5946,181118,181118,-181118,-181118,13041,0,66155,-13041,0,-66155,0,0,0,0,0,0,0,13041,0,66155,-13041,0,-66155,0,0,0,0,0,0,0,-13041,0,-66155,13041,0,66155,0,0,0,0,0,-13041,0,-66155,13041,0,66155,0,0,0,0,0,13041,0,66155,-13041,0,-66155,0,0,0,13041,0,66155,-13041,0,-66155,0,0,0,-13041,0,-66155,13041,0,66155,0,-13041,0,-66155,13041,0,66155,0
0,0,1987,10181,0,1987,10181,0,0,0,-1987,-10181,0,-1987,-10181,0,0,0,0,0,0,0,0,0,0,0,32098,21091,62862,67412,-82347,-68395,0,-32098,-21091,-62862,-67412,82347,68395,0,0,0,0,0,0,0,0,0,0,67412,-82347,68395,32098,21091,-62862,0,-67412,82347,-68395,-32098,-21091,62862,0,0,0,0,0,0,0,0,69138,7767,28915,-64193,10593,-59871,-84304,69138,67412,40318,-64193,37090,-19471,-84304,-3421,-3421,-93409,-93409,-745,-745,92485,92485,-23880,39797,-4594,-59871,54279,-53827,21091,-23880,-40318,-4594,19471,190044,-53827,-20509,-20509,-17527,-17527,15771,15771,-3818,-3818,-40087,48303,0,-68055,-101893,0,40087,-48303,64193,4594,68055,101893,0,0,0,0,0,0,0,0,0,69138,10593,-84304,7767,28915,-64193,67412,69138,37090,-19471,-84304,40318,-64193,-745,-745,92485,92485,-3421,-3421,-93409,-93409,-23880,54279,-53827,39797,-4594,-23880,21091,19471,190044,-53827,-40318,-4594,15771,15771,-3818,-3818,-20509,-20509,-17527,-17527,-48303,40087,-68055,-101893,0,0,48303,-40087,68055,101893,0,64193,4594,0,0,0,0,0,0,0,0,0,32098,-62862,-82347,68395,0,0,-32098,-21091,62862,-67412,82347,-68395,0,0,0,0,0,0,0,0,0,-82347,-68395,32098,62862,0,0,-67412,82347,68395,-32098,-21091,-62862,0,0,0,0,0,0,0,0,-69138,-37090,84304,-69138,-7767,-28915,64193,-10593,59871,84304,3421,3421,93409,93409,745,745,-92485,-92485,23880,-190044,53827,23880,-39797,4594,59871,-54279,53827,20509,20509,17527,17527,-15771,-15771,3818,3818,40087,-48303,-68055,-101893,0,-40087,48303,0,68055,101893,0,0,0,0,0,0,0,0,0,-69138,-37090,84304,-69138,-10593,84304,-7767,-28915,64193,745,745,-92485,-92485,3421,3421,93409,93409,23880,-190044,53827,23880,-54279,53827,-39797,4594,-15771,-15771,3818,3818,20509,20509,17527,17527,48303,-40087,-68055,-101893,0,-48303,40087,68055,101893,0,0,0,0,0,0,0,0,0,0,0,-1752,0,0,1752,0,0,0,0,164,-164,0,0,0,-1752,0,0,1752,0,0,0,0,-164,164,0,0,0,-8976,0,0,8976,0,0,0,0,838,-838,0,-8976,0,0,8976,0,0,0,0,-838,838,0,-1752,0,0,1752,0,0,0,0,0,-1752,0,0,1752,0,0,0,0,0,-8976,0,0,8976,0,0,0,-8976,0,0,8976,0,0
