-2726,-1774,0,3950,14,0,0,0,934,0,-4251,0,0,0,-3300,2607,787,1943,-2690,2962,351,-632,-2381,-651,-3114,-1838,-12093,3292,-10870,5271,-4786,-8380,-1239,-2132,-1528,-567,-37,-2557,1481,0,-143,-3429,62,0,0,0,0,-212,0,-2,1564,1,0,0,-1,22,486,-2,0,-62,0,0,-36,0,0,0,177,16,0,0,-1667,0,2384,-3,-4063,0,0,0,458,0,-323,0,0,0,-614,-1,0,0,-13,-1451,2962,0,0,825,-2952,282,0,0,0,0,-29,-4102,-81,2717,-3,-2,-3046,-6738,0,7962,0,6902,0,-5364,-3175,-1675,-1907,-2442,-8160,-9602,-14206,1586,178,-138,-135,-248,14140,2121,-9049,-1342,5595,466,7407,1575,-3701,-2694,-971,-1441,-68,-4364,25499,-11652,2559,-13877,-1179,-26256,-13850,405,3211,244,-7095,0,0,2182,-6162,23501,-2484,-29366,-5080,-16741,-19217,30393,672,0,-26849,22549,-21718,-475,-38552,-1623,15158,-185,-10177,19026,0,10091,24283,528,-15383,-8195,0,0,8777,12521,19425,3587,-17672,35650,23991,0,0,0,7680,147,0,410,19502,-2420,-5086,-3261,1036,4776,25168,-2027,-13423,0,42353,14397,-1267,-12967,0,-827,-27703,-8931,-2125,-5134,-621,-53929,-756,12551,-52714,-13992,35533,19479,-17959,10482,7535,1091,15983,-26062,-68816,1,16223,23182,7747,32736,35218,-23503,0,0,52444,0,24008,41450,37433,60764,0,23503,-12778,0,-12109,-86375,-7919,-12846,0,0,-245,-41940,-4596,-6124,13334,-28266,-19848,0,0,-6972,22942,-3242,-33549,0,0,0,16666,5105,-227,0,-153,-29120,-30733,-51755,-26383,7916,-79657,-139074,-8693,-44427,70683,156915,37524,-66310,-14938,0,52264,-2123,48035,-38448,0,-1172,-5946,0,0,46877,-14339,84866,-90603,-567,-8079,20205,115135,0,9643,5939,-44688,-71969,2197,15927,70525,-127,8878,0,16653,13751,45732,17687,0,0,0,-95880,-37452,-4249,0,4930,-56891,-72156,-165803,4683,3452,0,0,0,-27259,-50030,125462,-48761,47720,-36330,69940,1517,-1397,44,4501,-79895,0,-4519,0,0,-73157,53995,23380,110918,235370,-92526,-58585,-14182,-37505,-265216,10861,164819,0,0,-136075,1263,-79474,0,0,32940,117001,-120415,-32296,64486,71215,-49383,-20654,-6492,59657,13841,212712,-64592,-5288,-55794,-20593,23475,-1572,2697,82292,0,0,62614,7239,118220,26949,50662,-1572,101377,13176,-59621,15492,-24939,-35498,-80644,-77072,40583,0,0,0,17327,327,-3124,0,-48565,-3583,22371,19113,-64755
-2726,-1784,0,3942,2,0,0,0,899,0,-4255,0,0,0,-8220,2264,11786,-1779,7109,-5764,4012,2617,-3353,-7180,-16866,-10592,105,3444,6298,6088,-5110,1854,-4151,4865,-5144,-545,-521,-2536,2125,0,-2044,-3385,-204,0,0,0,0,-207,0,-8,2082,0,0,0,-2,248,500,1,0,119,0,0,-333,0,-4,0,192,326,0,0,-1864,0,2379,-17,-4059,0,0,0,475,0,-106,0,0,0,-616,0,0,0,30,-1443,2959,0,0,799,-2950,234,0,0,0,0,0,-4054,-42,2792,-5,-3,2445,7232,0,7926,0,6907,0,14627,-5635,-9420,1447,-3295,-6099,-5442,-10610,1152,5248,-4082,-1239,-4561,2328,703,-2970,-2487,-3617,5938,-1630,-347,-10493,-11448,-6174,-7232,-140,-8928,736,-336,-3075,16673,-2774,-24472,-8263,314,-1642,-125,3081,0,0,603,13107,-12436,1862,22088,3707,13014,10534,-14248,-315,0,8685,-5963,-9683,-3,-219,890,-29526,-235,21085,-37362,0,-25896,-9986,14436,4759,-5310,0,0,-10687,-15245,-11495,-2122,-13840,18411,12390,0,0,0,35693,685,0,-22764,-31193,3871,6283,-14964,-8265,23815,1390,10147,-50,0,10913,3710,29453,-12908,0,1131,37850,-1251,-298,27078,3274,-22045,-309,2810,22183,62014,-110017,83688,-340,21597,29949,-371,-5430,40581,20526,0,-37148,27698,-25276,-41279,-72464,-8384,0,0,-59524,0,35214,-59895,-63809,-12385,0,22927,9183,0,-22385,61273,5617,-1988,0,0,-365,-62486,3542,-28166,-32913,-36836,-9485,0,0,80187,-2812,397,31351,0,0,0,349,-5176,230,0,82,15603,-23369,-4724,21131,60695,-42829,78470,4905,-29755,-38568,1080,24825,23418,34054,0,-5170,43397,-26693,-20446,0,-35703,-181118,0,0,9753,-48931,-36204,35869,2929,6461,-71828,-21113,0,143411,88326,31281,-11909,13254,96065,16140,-131,9152,0,179,65037,19930,-51083,0,0,0,70796,-40206,-4562,0,-64406,25585,163479,100469,-25751,-18981,0,0,0,-68933,-82587,-11499,46936,-5191,13464,-6298,-85184,-50298,1574,14339,-64114,0,-26076,0,0,-89943,68457,21892,46653,65051,-108477,-8557,6585,-114083,-24578,-32906,-10051,0,0,-68947,2403,-151203,0,0,44336,90569,104162,-113240,24316,139270,-67777,-6608,52562,97764,-10508,114878,-28465,-9726,-26899,49462,153601,73232,7034,214608,0,0,25732,14391,235028,36192,68038,35066,96486,4470,-44661,1871,-3691,-38278,-19581,-27352,44812,0,0,0,124412,2351,21854,0,-34560,-27954,-6784,25048,-57868
-2726,-1784,0,3942,2,0,0,0,899,0,-4255,0,0,0,-8220,2264,11786,-1779,-7109,5764,-4012,-2617,3353,7180,16866,10592,-104,-3444,-6298,-6088,-5110,-1854,4151,-4865,5144,-545,-521,-2536,2125,0,-2044,-3385,-204,0,0,0,0,-207,0,-8,2082,0,0,0,-2,248,500,1,0,119,0,0,-333,0,-4,0,192,326,0,0,-1864,0,2379,-17,-4059,0,0,0,475,0,-106,0,0,0,-616,0,0,0,30,-1443,2959,0,0,799,-2950,234,0,0,0,0,0,-4054,-42,2792,-5,-3,2445,7232,0,7926,0,6907,0,-14627,5635,9420,-1447,-3295,6099,5442,10610,-1152,5248,-4082,-1239,4561,-2328,-703,2970,-2487,-3617,5938,-1630,-347,10493,11448,6174,7232,-140,-8928,736,-336,-3075,16673,2774,24472,8263,-314,-1642,-125,3081,0,0,603,13107,-12436,-1862,-22088,-3707,-13014,10534,-14248,-315,0,8685,-5963,-9683,-3,-219,890,29526,235,-21085,37362,0,-25896,-9986,14436,4759,-5310,0,0,-10687,-15245,-11495,-2122,-13840,18411,12390,0,0,0,35693,685,0,-22764,-31193,3871,6283,14964,8265,-23815,-1390,10147,-50,0,10913,3710,29453,-12908,0,1131,37850,-1251,-298,27078,3274,-22045,-309,-2810,-22183,-62014,110017,-83688,340,-21597,-29949,-371,-5430,40581,20526,0,-37148,27698,-25276,-41279,-72464,-8384,0,0,-59524,0,-35214,59895,63809,12385,0,22927,9183,0,-22385,61273,5617,-1988,0,0,-365,-62486,3542,28166,32913,36836,9485,0,0,80187,-2812,397,31351,0,0,0,349,-5176,230,0,82,15603,-23369,-4724,21131,60695,-42829,78470,4905,29755,38568,-1080,-24825,23418,34054,0,-5170,43397,-26693,-20446,0,-35703,-181118,0,0,9753,-48931,36204,-35869,-2929,-6461,-71828,-21113,0,143411,88326,31281,-11909,13254,96065,16140,-131,9152,0,-179,-65037,-19930,51083,0,0,0,70796,-40206,-4562,0,64406,-25585,-163479,-100469,-25751,-18981,0,0,0,-68933,82587,11499,-46936,5191,13464,-6298,-85184,-50298,1574,14339,-64114,0,-26076,0,0,-89943,68457,21892,46653,-65051,108477,8557,-6585,114083,24578,32906,10051,0,0,-68947,2403,-151203,0,0,44336,90569,-104162,113240,-24316,-139270,-67777,6608,-52562,-97764,10508,-114878,28465,9726,26899,49462,153601,73232,7034,214608,0,0,25732,14391,235028,36192,68038,35066,96486,4470,-44661,1871,-3691,38278,19581,27352,-44812,0,0,0,124412,2351,21854,0,-34560,-27954,-6784,25048,-57868
-2726,-1784,0,3942,-2,0,0,0,899,0,-4255,0,0,0,-8220,2264,-11786,1779,-4846,-6061,3640,-5765,-6565,-18457,4480,7456,-4147,4973,3190,-6041,5110,-2448,5205,6102,689,-545,521,-2536,2125,0,2044,-3385,204,0,0,0,0,-207,0,8,2082,0,0,0,2,-248,500,-1,0,-119,0,0,-333,0,-4,0,192,-326,0,0,-1864,0,2379,17,-4059,0,0,0,475,0,-106,0,0,0,-616,0,0,0,-30,-1443,2959,0,0,799,-2950,234,0,0,0,0,0,-4054,42,2792,5,3,1522,-7480,0,7926,0,6907,0,4048,-11957,12994,-2887,3295,-11662,-40,6666,-540,-5248,4082,1239,-1016,1952,-5221,1855,-2487,2446,6508,-1630,-347,1040,-7651,-5706,15472,-140,-8928,-736,336,3075,-16673,-23509,5492,-8538,-4386,-1642,-125,3081,0,0,-603,-13677,-11806,22655,-5652,10896,3248,10534,-14248,-315,0,-8685,-11025,-2787,3,219,890,39137,12016,-1993,-32129,0,-25896,6535,-16292,2267,6760,0,0,-10687,-15245,-11495,-2122,13840,-18411,-12390,0,0,0,35693,685,0,22764,31193,-3871,6283,12588,-26307,-1394,2979,-9577,3355,0,-10913,-3710,29453,-12908,0,1131,37850,-1251,-298,-27078,-3274,-22045,-309,25717,-6847,-108986,-62156,-28806,216,-8224,86428,371,5430,40581,20526,0,39703,23892,-25276,41279,-72945,-614,0,0,59524,0,39206,-44761,68980,-27451,0,23564,-7397,0,-22385,-61273,-5617,-1988,0,0,-365,-62486,-3542,-46929,14232,26808,-14140,0,0,-80187,2812,-397,31351,0,0,0,349,5176,-230,0,82,15603,12125,-20529,61709,17953,42829,78470,4905,-41145,9815,-8007,-33719,23418,-34054,0,-5170,43397,-33512,-2749,0,35703,181118,0,0,-44781,-22002,-30397,-28357,-30312,841,-72524,18581,0,143411,88326,-31281,-11909,-13254,-96065,-16140,131,-9152,0,51545,-43562,13649,-49956,0,0,0,70796,-40206,-4562,0,161346,-99356,75374,6087,-25751,-18981,0,0,0,68933,24776,1176,52327,76351,-14708,-2149,85184,50298,-1574,-10108,64916,0,-26076,0,0,89943,-55481,45689,-46653,-32862,-18892,-80207,-90805,-31331,63733,32528,93281,0,0,-68947,-2403,151203,0,0,62617,79041,-65117,-64355,-185608,28782,-67777,3757,-52481,18060,-96851,12323,-53425,1252,108709,67638,-146509,73232,7034,214608,0,0,25732,-14391,-235028,36192,68038,-35066,-96175,8944,-40060,-19832,3691,31319,-31220,37053,35727,0,0,0,124412,2351,21854,0,-34560,19405,-21234,25048,-57868
-2726,-1784,0,3942,-2,0,0,0,899,0,-4255,0,0,0,-8220,2264,-11786,1779,4846,6061,-3640,5765,6565,18457,-4480,-7456,4147,-4973,-3190,6041,5110,2448,-5205,-6102,-689,-545,521,-2536,2125,0,2044,-3385,204,0,0,0,0,-207,0,8,2082,0,0,0,2,-248,500,-1,0,-119,0,0,-333,0,-4,0,192,-326,0,0,-1864,0,2379,17,-4059,0,0,0,475,0,-106,0,0,0,-616,0,0,0,-30,-1443,2959,0,0,799,-2950,234,0,0,0,0,0,-4054,42,2792,5,3,1522,-7480,0,7926,0,6907,0,-4048,11957,-12994,2887,3295,11662,40,-6666,540,-5248,4082,1239,1016,-1952,5221,-1855,-2487,2446,6508,-1630,-347,-1040,7651,5706,-15472,-140,-8928,-736,336,3075,-16673,23509,-5492,8538,4386,-1642,-125,3081,0,0,-603,-13677,-11806,-22655,5652,-10896,-3248,10534,-14248,-315,0,-8685,-11025,-2787,3,219,890,-39137,-12016,1993,32129,0,-25896,6535,-16292,2267,6760,0,0,-10687,-15245,-11495,-2122,13840,-18411,-12390,0,0,0,35693,685,0,22764,31193,-3871,6283,-12588,26307,1394,-2979,-9577,3355,0,-10913,-3710,29453,-12908,0,1131,37850,-1251,-298,-27078,-3274,-22045,-309,-25717,6847,108986,62156,28806,-216,8224,-86428,371,5430,40581,20526,0,39703,23892,-25276,41279,-72945,-614,0,0,59524,0,-39206,44761,-68980,27451,0,23564,-7397,0,-22385,-61273,-5617,-1988,0,0,-365,-62486,-3542,46929,-14232,-26808,14140,0,0,-80187,2812,-397,31351,0,0,0,349,5176,-230,0,82,15603,12125,-20529,61709,17953,42829,78470,4905,41145,-9815,8007,33719,23418,-34054,0,-5170,43397,-33512,-2749,0,35703,181118,0,0,-44781,-22002,30397,28357,30312,-841,-72524,18581,0,143411,88326,-31281,-11909,-13254,-96065,-16140,131,-9152,0,-51545,43562,-13649,49956,0,0,0,70796,-40206,-4562,0,-161346,99356,-75374,-6087,-25751,-18981,0,0,0,68933,-24776,-1176,-52327,-76351,-14708,-2149,85184,50298,-1574,-10108,64916,0,-26076,0,0,89943,-55481,45689,-46653,32862,18892,80207,90805,31331,-63733,-32528,-93281,0,0,-68947,-2403,151203,0,0,62617,79041,65117,64355,185608,-28782,-67777,-3757,52481,-18060,96851,-12323,53425,-1252,-108709,67638,-146509,73232,7034,214608,0,0,25732,-14391,-235028,36192,68038,-35066,-96175,8944,-40060,-19832,3691,-31319,31220,-37053,-35727,0,0,0,124412,2351,21854,0,-34560,19405,-21234,25048,-57868
2809,-2295,0,0,-3175,0,0,0,-6063,23710,0,0,0,0,3743,0,2322,0,0,0,0,0,0,0,0,0,0,0,0,0,0,0,0,0,0,0,22637,9846,5142,0,16237,0,0,0,0,0,12116,0,0,0,-8685,0,0,0,0,330,0,0,0,0,0,0,-4526,0,0,851,0,5501,0,0,-3416,0,3816,-12127,0,0,0,0,0,2873,-922,0,0,2070,0,0,0,0,-7038,0,0,-11557,-4582,0,2607,-1728,0,0,0,0,0,0,5295,1961,0,0,-616,-9821,0,0,-9256,0,-6877,0,0,0,0,0,0,0,0,0,0,0,0,0,0,0,0,-11663,-6122,-576,-1694,7966,0,0,0,0,-31018,486,0,0,0,0,0,0,0,0,580,-7629,-6509,0,0,0,5796,-136,0,0,0,0,-17176,-499,22583,0,0,6761,-9211,0,0,-50787,0,0,0,0,0,-5203,-4103,7631,-10708,51860,0,0,-19767,13856,-9589,51933,0,0,0,0,0,0,996,-51918,0,0,0,0,-66378,0,0,0,0,-4245,733,0,0,0,46658,-106704,0,105272,-3144,-12134,50987,0,0,-985,70282,0,0,0,0,0,0,0,0,0,0,34010,4,186460,-80686,3996,73026,0,-2226,35975,0,0,0,0,0,0,0,0,0,-315,8198,51343,0,0,0,-42424,0,0,-59270,346,0,0,0,0,0,0,0,0,0,0,17054,0,0,0,-66276,0,0,0,-16137,85,-70419,31356,-37716,39726,0,-3338,53394,0,0,0,0,84868,0,74744,0,-3414,7605,-19738,0,0,0,0,0,8018,-3959,0,0,0,0,-128,7284,0,42796,-69486,0,61219,0,0,0,0,0,0,0,0,0,0,0,0,0,-39152,5539,-48819,0,0,0,0,0,18832,-25547,0,0,0,0,0,0,0,0,-3802,560,0,0,0,-16081,84872,0,-56055,0,0,0,-38304,7355,0,0,0,0,0,0,0,0,0,0,0,-24745,0,0,0,0,-1802,1136,0,0,0,0,16021,0,0,0,0,0,0,0,0,1724,-28470,16359,24072,-789,0,0,-2592,0,0,86802,-46174,0,43689,-1015,5666,-26724,0,0,0,0,0,0,0,0,1435,-75925,-18414,0,82260,-86196,26300,42738,29407
3742,-2648,2654,-2028,2546,-563,3059,11738,4861,6470,4917,-1549,-4348,5278,793,2105,4131,-9,0,0,0,0,0,0,0,0,0,0,0,0,2704,0,0,0,0,-4606,-1003,-3495,-3001,-4007,-2918,-2624,713,4919,8037,-3882,802,2221,-60,-1710,-4422,-10261,781,2607,1113,-481,-1310,-7550,4767,-5462,-6016,755,10651,-10385,-10961,-2872,6075,4675,-1996,14174,-3893,2256,10405,-6412,3223,554,-11106,1736,11453,-3449,-3062,173,1889,6013,-2620,-1448,-6805,1204,1252,3489,7852,536,1520,9021,1167,3792,-10238,7838,7129,-10295,2241,-2775,-5834,972,-4226,1786,-485,-1743,886,591,-9598,-7148,6539,0,0,0,0,13377,0,0,0,0,-6804,870,1671,0,0,0,0,776,11522,-2691,-1825,12913,0,0,0,0,20453,-10609,-12519,-14626,10404,8491,0,0,0,0,-16738,-10575,-1203,5767,2549,4947,8621,-11291,0,0,0,0,1946,8538,2547,-3359,2981,-9239,17122,38116,-17428,-1806,0,0,0,0,457,-3126,7492,-27480,-37953,7722,21270,12108,-32304,-11403,15309,41228,-30005,-35406,16881,-28683,-8107,-4491,-44922,27427,14921,-41271,5880,1851,4093,0,0,0,0,9919,-37381,-1811,76563,-27766,4103,-260,-8220,-67628,15931,27798,-3294,9983,2475,-17244,-8929,0,0,0,0,0,0,0,0,33021,-83930,-2225,21482,17293,-4303,-23147,2898,14221,22899,-19369,40379,37478,3425,2989,0,0,0,0,2512,9485,-52827,4825,-7409,-6999,-58480,20981,78334,-22499,-59502,-25100,-31056,0,0,0,0,10286,-4898,-14422,-89412,99903,-2084,-8886,42812,26239,104,3247,-26341,164,-10286,-34828,-331,-18248,22073,57318,-7324,6697,48320,0,0,0,0,-2709,-49702,-635,3549,-27200,6089,-8083,-11497,-7357,35925,32098,101893,436,32544,0,0,0,0,-59133,-11124,-29923,-3188,-15822,77561,13011,-5057,91104,34428,30159,-98887,26316,0,0,0,0,29008,3313,75009,8117,-25380,-11731,60200,0,0,0,0,-10882,-22344,1428,111,11363,60595,0,0,0,0,-27329,-29513,-52386,38736,96282,40123,48703,30753,15519,93958,15691,14265,38721,32140,10024,0,0,0,0,0,0,0,0,-68330,77489,9683,-89035,22317,3707,65531,22039,-32213,0,0,0,0,-22723,0,0,0,0,0,0,0,0,-97777,-348,-10220,1789,-6661,5983,362,80254,71006,10276,-1856,3371,16008,-5609,43570,-11008,-17535,3250,0,0,0,0,-13139,-26949,-46529,-4391,-14515,15773,15514,16762,-16928,17622,27789,13624
2037,-3482,1792,-2900,4891,-2418,-5151,578,-4430,1600,2622,-2582,-5901,-6506,2993,-2980,408,49,0,0,0,0,0,0,0,0,0,0,0,0,-423,0,0,0,0,-1802,-7928,-5309,-2428,-11854,3654,4378,-2771,5922,-6857,3844,-8614,-5966,7795,-4952,3913,6147,-905,14400,-2638,-5601,6169,-11752,7270,7275,311,2460,-702,-6146,3751,3275,-1870,-2361,8971,6255,-4046,5422,-3151,-5785,-7310,8583,3009,-4860,-5917,-3808,9933,11608,1644,-667,-6095,2196,-12943,-9887,-5948,5009,-308,9801,6245,8851,6290,1432,-8830,-11775,-3704,-6269,8447,-4373,-666,692,7038,13523,1332,-824,2776,2127,-7469,-377,5735,0,0,0,0,-6241,0,0,0,0,-7312,18128,3001,0,0,0,0,570,304,-1833,6882,-4479,0,0,0,0,-5093,-2945,7446,7780,-5519,11174,0,0,0,0,-1181,900,3019,2487,686,-1996,-6759,-7278,0,0,0,0,-61,-11110,13307,-7785,-4080,-932,-1285,-21672,7819,8836,0,0,0,0,-4311,-19442,1212,115,9712,-15411,3372,-11340,42737,-14573,12011,-1194,20545,2268,403,36379,-989,-5739,-30336,12467,-30901,504,-2129,2385,-10793,0,0,0,0,-4816,30161,12130,9600,16589,-55,-4698,-43743,16502,-35272,-59412,-1320,-8457,-11250,-12658,-13296,0,0,0,0,0,0,0,0,-28943,16612,-31074,12686,18856,-5570,57262,27568,-26604,50589,39413,-49938,-18900,15945,-4614,0,0,0,0,7036,34012,-7933,79483,-101107,-3625,15765,4947,-39685,-16957,-23075,-57501,29737,0,0,0,0,12101,13614,-21938,62456,-31814,20970,7930,27565,22598,43888,-88093,-71047,-9276,-21377,84894,-52788,52888,8340,30279,-44039,14987,14882,0,0,0,0,1909,-68004,-107938,-72587,23732,-6351,59644,54071,-1399,17539,-62862,48303,42355,-15668,0,0,0,0,-31891,11446,8195,-7362,-84271,119055,1653,40724,-11148,3451,-48822,-28350,1590,0,0,0,0,-7014,12577,29014,5153,32933,-38074,-611,0,0,0,0,-18355,58092,-14263,-26022,-6241,16207,0,0,0,0,30318,-1132,-27798,-86975,155184,37805,14607,83828,-17383,-15109,71563,12478,33658,10514,-15401,0,0,0,0,0,0,0,0,22547,-53052,-43881,-118251,-30745,-43240,-25321,18779,-36902,0,0,0,0,7160,0,0,0,0,0,0,0,0,-38946,-54929,4522,56986,14371,-4348,6723,26865,74574,-26800,96253,10344,13054,26146,32040,-29179,-90112,869,0,0,0,0,14615,49653,46427,-32344,-94810,-51699,-61048,98062,-42218,1062,-6733,-4310
3742,-2648,-2654,2028,2546,-3062,547,11738,4861,6470,4917,1549,3044,-6123,793,-2105,4131,9,0,0,0,0,0,0,0,0,0,0,0,0,-2704,0,0,0,0,4606,-1003,-3495,-3001,4007,-2918,2624,-713,-7343,-5906,-3882,802,-2221,-60,1710,-4422,-6570,7921,-2607,-1113,-481,1310,-7599,-4688,5462,-1889,5761,10651,-10385,-10961,-2872,-6075,4675,-13142,5672,-3893,2256,10405,-6412,-3223,-554,11106,-1736,-11453,-3449,-3062,1865,-343,6013,-2620,6577,2269,1204,1252,-3489,7852,536,1520,-9021,1167,3792,-12550,2960,-7129,10295,-2241,2775,-5834,972,4226,-1786,263,-1790,886,-591,-9598,-7148,6539,0,0,0,0,-13377,0,0,0,0,6804,-870,-1671,0,0,0,0,776,10818,4792,-3587,12539,0,0,0,0,20453,-10609,2864,19038,-10404,-8491,0,0,0,0,-16738,-10575,-1203,3020,5535,-4947,9142,10873,0,0,0,0,1946,-8642,2168,3359,-2981,-13565,13946,-38534,-16483,-1806,0,0,0,0,-457,-3126,18791,-21405,31791,22122,-12099,21275,-298,34256,15309,41228,30005,35406,-16881,-28683,8697,-3204,43837,29129,-14921,41271,5249,-3232,4093,0,0,0,0,21879,31891,-1811,-76563,27766,4103,-260,-8220,-68459,-11866,27798,-3294,-9983,-2475,-17244,-8929,0,0,0,0,0,0,0,0,-44119,-78665,-2225,-21482,17293,-1995,23459,2898,-14221,-20336,-22044,52293,-17333,-3425,2989,0,0,0,0,-2512,-5404,-53399,4825,-7409,6999,58480,20981,-78334,-22499,-59205,25793,31056,0,0,0,0,8412,7682,14422,89412,-99903,-2084,8886,-48959,-11152,104,5574,25949,-164,-9920,34934,13340,12455,-58386,-19070,7324,6697,48320,0,0,0,0,-2709,49702,-635,3549,-27200,908,-10079,-11497,20440,30446,-82347,-68055,-25574,-20131,0,0,0,0,59486,-9044,-29923,-3188,-15822,-77561,13011,29537,86331,-34428,-30159,98887,-26316,0,0,0,0,-28438,-6611,75009,8117,27363,-5746,60200,0,0,0,0,24564,3784,-1354,467,-11363,-60595,0,0,0,0,-17660,36139,52386,32641,-98515,-55158,30651,-30753,15519,-95029,6615,-14265,24063,-44195,-10024,0,0,0,0,0,0,0,0,-68330,77489,9683,89035,-22317,19862,-62559,38567,-6004,0,0,0,0,-22723,0,0,0,0,0,0,0,0,97104,11454,-10220,2221,6530,2306,5532,80254,-71006,-10276,-1856,3371,-16008,-7625,-43263,17176,-11560,-3250,0,0,0,0,-13139,42324,33165,4936,-14339,15773,-15514,16762,-23882,-5170,27789,13624
2037,-3482,1792,2900,4891,-5138,-2443,-578,-4430,1600,-2622,-2582,8348,2732,2993,2980,408,-49,0,0,0,0,0,0,0,0,0,0,0,0,423,0,0,0,0,1802,-7928,-5309,-2428,-11854,3654,-4378,2771,-7558,4997,-3844,-8614,-5966,-7795,4952,3913,-6147,905,-14556,1558,-5601,-6169,11752,-7270,-7275,2356,775,-702,6146,-3751,3275,1870,-2361,8404,6998,-4046,-5422,-3151,-5785,7310,8583,3009,-4860,-5917,-3808,9933,-4717,-10733,-667,6095,-2196,12943,9887,-5948,-5009,308,9801,6245,8851,6290,1432,-3521,-14291,-3704,-6269,-8447,4373,-666,692,15228,-710,-1425,-651,-2776,2127,-7469,377,5735,0,0,0,0,6241,0,0,0,0,-19370,2628,-3001,0,0,0,0,570,-43,1858,6882,-4479,0,0,0,0,-4998,3103,-7446,-7780,1170,12407,0,0,0,0,1031,1068,3019,-891,-2421,1996,-6409,7588,0,0,0,0,-61,-11110,13307,-7785,4080,1505,504,21672,-7819,8836,0,0,0,0,-4311,-19442,-764,-947,-2814,-17997,8693,8026,42737,-14573,-10793,-5405,-20545,1227,1950,-36379,-1852,5521,-30336,12467,-30901,-504,2129,-2385,-10793,0,0,0,0,-14650,-26801,-12130,17721,-7302,-55,-4698,43743,16502,-35272,53638,25583,-10894,8911,13025,-12937,0,0,0,0,0,0,0,0,28943,-16612,-31074,12686,18856,-11201,-56431,27568,26604,-55063,32875,53278,3538,-15945,4614,0,0,0,0,7036,-33303,-10519,79483,101107,-698,-16161,4947,-39685,16957,-23075,-57501,-29737,0,0,0,0,-15542,9499,21938,68826,13262,20970,7930,35509,3101,43888,88093,71047,-9276,-21377,84894,-74626,3847,-30670,-6758,44039,-16723,12900,0,0,0,0,1909,68004,-107938,72587,23732,-35309,48487,-54071,1399,-17539,68395,-40087,38189,-24105,0,0,0,0,31470,12557,-8195,78570,-31346,-119055,1653,-40724,11148,-3451,49612,-26945,1590,0,0,0,0,-2388,-14202,-29014,5153,32933,-38074,611,0,0,0,0,-18355,58092,-7250,28775,-6241,-16207,0,0,0,0,29357,-7657,27798,86975,-155184,-40528,-235,83828,-17383,-8181,-72682,-12478,27370,-22232,15401,0,0,0,0,0,0,0,0,-22547,53052,-43881,119169,-26972,48173,-13792,41392,-1040,0,0,0,0,7160,0,0,0,0,0,0,0,0,45291,-49827,4522,56986,14371,-4923,6314,26865,-77286,-17502,45217,-85598,-13054,24630,-33219,63234,-70520,-869,0,0,0,0,-14615,39061,55634,-32344,-94810,-51699,-61048,98062,-35620,22687,-6733,-4310
3449,-4562,0,0,8020,0,0,0,19639,-9074,0,0,0,0,1439,0,8400,0,0,0,0,0,0,0,0,0,0,0,0,0,0,0,0,0,0,0,-1913,5829,-10749,0,17406,0,0,0,0,0,-17329,0,0,0,-2047,0,0,0,0,3013,0,0,0,0,0,0,-2890,0,0,-9892,0,-5031,0,0,17502,0,-11180,25520,0,0,0,0,0,1423,3577,0,0,-28227,0,0,0,0,4182,0,0,-10904,-18543,0,-8856,2009,0,0,0,0,0,0,-16286,16588,0,0,-139,-2215,0,0,-5424,0,16951,0,0,0,0,0,0,0,0,0,0,0,0,0,0,0,0,576,4837,455,7111,-33439,0,0,0,0,-1668,26,0,0,0,0,0,0,0,0,1170,-15393,-6265,0,0,0,-282,7,0,0,0,0,4152,-325,14728,0,0,-369,503,0,0,-12944,0,0,0,0,0,-24436,711,-1322,-8732,42292,0,0,-49272,34539,-4159,22522,0,0,0,0,0,0,546,-28454,0,0,0,0,-14808,0,0,0,0,-17441,3011,0,0,0,12559,-26059,0,-50566,1510,-14235,59817,0,0,684,-48810,0,0,0,0,0,0,0,0,0,0,-62521,0,23721,28777,-1425,-33820,0,-2695,43549,0,0,0,0,0,0,0,0,0,208,-5424,-7822,0,0,0,9747,0,0,-54657,319,0,0,0,0,0,0,0,0,0,0,-52162,0,0,0,2977,0,0,0,68799,-362,-36159,16101,-20759,21865,0,-5061,80970,0,0,0,0,6251,0,33157,0,42832,6841,-17756,0,0,0,0,0,2866,-1415,0,0,0,0,645,-36775,0,45338,-73614,0,33973,0,0,0,0,0,0,0,0,0,0,0,0,0,15641,1093,-9637,0,0,0,0,0,-43824,59453,0,0,0,0,0,0,0,0,-53699,7909,0,0,0,-58,305,0,-22439,0,0,0,-8789,1688,0,0,0,0,0,0,0,0,0,0,0,-4082,0,0,0,0,24918,-15713,0,0,0,0,11500,0,0,0,0,0,0,0,0,1457,-24052,-11293,31329,-1027,0,0,53721,0,0,67516,-35915,0,18738,-435,5039,-23767,0,0,0,0,0,0,0,0,1403,-74224,-21024,0,60488,-110627,33754,83727,13757
7354,-5865,0,0,5531,0,0,0,-12197,-5993,0,0,0,0,6916,0,-5401,0,0,0,0,0,0,0,0,0,0,0,0,0,0,0,0,0,0,0,8573,-1383,-5661,0,-20990,0,0,0,0,0,25340,0,0,0,4775,0,0,0,0,-17834,0,0,0,0,0,0,-11865,0,0,-23930,0,10339,0,0,-9514,0,702,4695,0,0,0,0,0,-14757,-17329,0,0,16193,0,0,0,0,-1993,0,0,-3036,-5031,0,-21636,-7382,0,0,0,0,0,0,-18834,4748,0,0,-172,-2739,0,0,-15591,0,17524,0,0,0,0,0,0,0,0,0,0,0,0,0,0,0,0,4727,-11326,-1065,6101,-28691,0,0,0,0,-6898,108,0,0,0,0,0,0,0,0,-2809,36944,1290,0,0,0,-6205,146,0,0,0,0,5622,400,-18117,0,0,8741,-11908,0,0,13592,0,0,0,0,0,8482,-16308,30333,-3440,16663,0,0,3196,-2241,5663,-30669,0,0,0,0,0,0,-866,45144,0,0,0,0,-1634,0,0,0,0,-36457,6294,0,0,0,900,15647,0,26357,-787,-6771,28451,0,0,-770,54975,0,0,0,0,0,0,0,0,0,0,8589,-1,-46977,-31766,1573,4670,0,-1389,22444,0,0,0,0,0,0,0,0,0,615,-16014,17603,0,0,0,37711,0,0,170,-1,0,0,0,0,0,0,0,0,0,0,-4082,0,0,0,38874,0,0,0,34371,-181,-20924,9317,7606,-8011,0,-1189,19017,0,0,0,0,-4129,0,46368,0,58957,13561,-35198,0,0,0,0,0,-11855,5854,0,0,0,0,-261,14871,0,35965,-58396,0,18840,0,0,0,0,0,0,0,0,0,0,0,0,0,-1281,4251,-37462,0,0,0,0,0,-26951,36562,0,0,0,0,0,0,0,0,25401,-3741,0,0,0,813,-4290,0,-11405,0,0,0,-46389,8907,0,0,0,0,0,0,0,0,0,0,0,-21410,0,0,0,0,-2769,1746,0,0,0,0,-2157,0,0,0,0,0,0,0,0,1043,-17225,-9379,46672,-1530,0,0,-4821,0,0,93555,-49766,0,22121,-514,11945,-56342,0,0,0,0,0,0,0,0,1570,-83096,-81919,0,63060,-97222,29664,27053,-5401
3742,-2648,-2654,-2028,2546,563,-3059,-11738,4861,6470,-4917,1549,4348,-5278,793,2105,4131,-9,0,0,0,0,0,0,0,0,0,0,0,0,2704,0,0,0,0,-4606,-1003,-3495,-3001,4007,-2918,-2624,713,-4919,-8037,3882,802,-2221,60,-1710,-4422,6570,-7921,2184,-1808,-481,-1310,7599,4688,-5462,6016,-755,10651,10385,10961,-2872,6075,4675,1996,-14174,-3893,-2256,10405,-6412,3223,-554,11106,-1736,-11453,-3449,-3062,-173,-1889,6013,2620,-6577,-2269,-1204,1252,3489,-7852,536,1520,-9021,1167,3792,10238,-7838,-7129,10295,2241,-2775,-5834,972,579,4551,-485,-1743,-886,-591,-9598,7148,6539,0,0,0,0,13377,0,0,0,0,2517,-6381,1671,0,0,0,0,776,11522,-2691,-3587,12539,0,0,0,0,20776,9963,-2864,-19038,12748,-4221,0,0,0,0,18144,-7923,-1203,-5767,-2549,4947,8621,-11291,0,0,0,0,1946,-8642,2168,3359,2981,-9239,17122,38534,16483,-1806,0,0,0,0,-457,-3126,7492,-27480,-37953,7722,-21270,-12108,-298,34256,-29022,33043,-30005,-2305,39156,28683,8107,4491,43837,29129,-14921,-41271,-5249,3232,4093,0,0,0,0,9919,-37381,1811,-43779,-68675,4103,-260,8220,-68459,-11866,-23335,-15462,-10285,24,17487,-8442,0,0,0,0,0,0,0,0,44119,78665,-2225,-21482,17293,-4303,-23147,2898,14221,22899,-19369,-40379,-37478,3425,-2989,0,0,0,0,-2512,9485,-52827,4825,7409,17515,-56232,20981,-78334,22499,-59205,25793,-31056,0,0,0,0,-10286,4898,-14422,113594,71215,-2084,8886,-42812,-26239,104,-5574,-25949,-164,-9920,34934,-331,-18248,22073,57318,-7324,-12662,47110,0,0,0,0,-2709,-49702,-635,-3549,-27200,6089,-8083,11497,-20440,-30446,-32098,-101893,436,32544,0,0,0,0,-59133,-11124,29923,15564,-4272,77561,13011,-29537,-86331,34428,27325,99707,-26316,0,0,0,0,-29008,-3313,-75009,8117,27363,-5746,-60200,0,0,0,0,24564,3784,-1428,-111,-11363,60595,0,0,0,0,-27329,-29513,-52386,-32641,98515,40123,48703,-30753,15519,-93958,-15691,14265,38721,32140,10024,0,0,0,0,0,0,0,0,68330,-77489,9683,-88281,-25135,-3707,-65531,22039,-32213,0,0,0,0,-22723,0,0,0,0,0,0,0,0,-97777,-348,-10220,2221,6530,-5983,-362,80254,69222,-18862,-3833,-345,16008,-5609,43570,-11008,-17535,3250,0,0,0,0,13139,26949,46529,4936,-14339,15773,-15514,16762,-16928,17622,27789,13624
999,-2814,-2348,-2063,4930,3464,-456,-3578,1535,-4629,376,-7249,-972,-3203,2309,3006,-425,1285,0,0,0,0,0,0,0,0,0,0,0,0,2179,0,0,0,0,-2095,8026,-2885,8778,-2549,-791,922,1566,7001,5607,-5420,-2832,3303,5449,-13566,-2133,9313,-9746,-4130,-10942,9095,1523,-1555,10315,3436,13914,2986,1610,7028,-4157,5602,1079,-3488,-5165,3391,4405,-5939,-6088,522,-316,-5386,-45,5825,7913,5713,-2119,-8304,-1891,-2693,-977,-6481,576,-476,2327,3293,-9943,4474,-4174,758,-516,1038,-1332,-4505,1087,-8365,1546,-5508,-2306,2939,-983,4256,2536,919,-5600,3177,-5672,3040,8225,0,0,0,0,858,0,0,0,0,8465,-312,-467,0,0,0,0,2755,-3099,-1170,3542,2770,0,0,0,0,-5331,-2647,3409,-2353,-6591,4099,0,0,0,0,-9302,3926,6743,-9133,2376,-5822,-850,3370,0,0,0,0,-3811,-6907,-19419,1863,3614,-10819,-2442,6244,12622,15776,0,0,0,0,8159,4174,88,1046,8444,-28205,-21012,-1177,6714,-4103,1588,37849,-2525,-9550,8786,5616,-17906,13803,15930,-9162,25943,-19170,2253,-2655,-4128,0,0,0,0,-15999,-29550,5890,18043,-32885,-10115,-2593,2721,33678,6160,25062,-41001,31083,2757,18761,67634,0,0,0,0,0,0,0,0,-15160,-13836,53556,-17050,-51306,-9993,5542,3574,19421,-7420,-17663,11763,-18851,-14804,-14025,0,0,0,0,-10914,26139,-35505,-34292,13691,-24112,-5275,-12888,-69703,-43050,-87072,6213,-42838,0,0,0,0,-8007,-15623,-765,48795,9973,25579,-76,-29042,3149,23208,17179,-12003,22871,-28738,43162,-10450,48013,-9717,-44634,9779,-69572,-6692,0,0,0,0,4110,-32809,10026,-129681,-77989,-106919,-36639,46458,79972,36666,-21091,64193,3862,72229,0,0,0,0,22060,59450,-30902,54481,33313,-56749,-4259,128903,130972,-63915,-188408,-69339,-116330,0,0,0,0,-104808,130730,156286,-11419,39128,-34041,43114,0,0,0,0,225432,50837,-29463,-78467,-36957,-84576,0,0,0,0,74488,91118,70783,63997,-170779,-58849,30969,-16625,-16223,-31821,1494,-71548,41195,8583,7688,0,0,0,0,0,0,0,0,184,54938,-29961,123964,192493,2032,106201,25231,-60419,0,0,0,0,31139,0,0,0,0,0,0,0,0,52621,17890,13306,6600,-53958,-26593,-5700,99532,-80481,130481,-21718,-64183,-6691,-5092,-59706,90965,-88350,85962,0,0,0,0,92237,64178,-76898,98030,-36703,-106476,17155,77919,-27028,-94458,-89536,-48118
2037,-3482,-1792,-2900,4891,2418,5151,-578,-4430,1600,-2622,2582,5901,6506,2993,-2980,408,49,0,0,0,0,0,0,0,0,0,0,0,0,-423,0,0,0,0,-1802,-7928,-5309,-2428,11854,3654,4378,-2771,-5922,6857,-3844,-8614,5966,-7795,-4952,3913,-4292,4493,14556,-1558,-5601,6169,11826,7147,7275,-311,-2460,-702,6146,-3751,3275,-1870,-2361,-8971,-6255,-4046,-5422,-3151,-5785,-7310,-8583,-3009,4860,5917,-3808,9933,-11608,-1644,-667,6095,-13114,597,9887,-5948,5009,308,9801,6245,-8851,6290,1432,8830,11775,3704,6269,8447,-4373,-666,692,-15228,710,1332,-824,-2776,-2127,-7469,377,5735,0,0,0,0,-6241,0,0,0,0,19370,-2628,3001,0,0,0,0,570,304,-1833,-4464,-6892,0,0,0,0,-4998,3103,1008,10722,-1170,-12407,0,0,0,0,1031,1068,3019,-2487,-686,-1996,-6759,-7278,0,0,0,0,-61,10511,13785,7785,-4080,-932,-1285,-21858,-7282,8836,0,0,0,0,4311,-19442,1212,115,9712,-15411,-3372,11340,28274,-35205,-10793,-5405,20545,-1227,-1950,-36379,989,5739,29836,13621,30901,504,2647,1792,-10793,0,0,0,0,-4816,30161,-12130,-17721,7302,-55,-4698,43743,18578,34225,53638,25583,10894,-8911,13025,-12937,0,0,0,0,0,0,0,0,-30932,-12525,-31074,-12685,18856,-5570,57262,27568,-26604,50589,39413,49938,18900,15945,4614,0,0,0,0,-7036,34012,-7933,79483,101107,698,16161,4947,39685,16957,-22402,57767,29737,0,0,0,0,-12101,-13614,-21938,-68826,-13262,20970,-7930,-27565,-22598,43888,81431,-78594,9276,-22269,-84665,-52788,52888,8340,30279,-44039,-16723,12900,0,0,0,0,1909,-68004,-107938,72587,23732,-6351,59644,-54071,-7950,-15696,62862,-48303,42355,-15668,0,0,0,0,-31891,11446,-8195,78570,-31346,119055,1653,42221,-295,3451,-49612,26945,-1590,0,0,0,0,7014,-12577,-29014,5153,-23566,-44484,611,0,0,0,0,-50060,34722,14263,26022,6241,16207,0,0,0,0,30318,-1132,-27798,96506,149444,37805,14607,-83828,-17383,15109,-71563,12478,33658,10514,-15401,0,0,0,0,0,0,0,0,-22547,53052,-43881,-119169,26972,43240,25321,18779,-36902,0,0,0,0,7160,0,0,0,0,0,0,0,0,-38946,-54929,4522,55923,-18072,4348,-6723,26865,77286,17502,45217,-85598,13054,26146,32040,-29179,-90112,869,0,0,0,0,-14615,-49653,-46427,35904,-93520,-51699,61048,98062,-42218,1062,-6733,-4310
999,-2814,2348,2063,4930,473,-3461,-3578,1535,-4629,376,7249,-3321,420,2309,-3006,-425,-1285,0,0,0,0,0,0,0,0,0,0,0,0,-2179,0,0,0,0,2095,8026,-2885,8778,2549,-791,-922,-1566,-4666,-7660,-5420,-2832,-3303,5449,13566,-2133,13336,-1965,4130,10942,9095,-1523,-1662,-10299,-3436,-277,-14228,1610,7028,-4157,5602,-1079,-3488,-1905,5878,4405,-5939,-6088,522,316,5386,45,-5825,-7913,5713,-2119,-4063,-7485,-2693,-977,-1365,6362,-476,2327,-3293,-9943,4474,-4174,-758,-516,1038,2643,3884,-1087,8365,-1546,5508,-2306,2939,983,-4256,-2402,1229,-5600,-3177,-5672,3040,8225,0,0,0,0,-858,0,0,0,0,-8465,312,467,0,0,0,0,2755,-3263,572,-4363,1089,0,0,0,0,-5331,-2647,4011,-1038,6591,-4099,0,0,0,0,-9302,3926,6743,1608,-9299,5822,-1008,-3326,0,0,0,0,-3811,7758,-19095,-1863,-3614,5572,9589,-5931,12772,15776,0,0,0,0,-8159,4174,-921,504,3417,-29243,17462,-11746,6147,-4913,1588,37849,2525,9550,-8786,5616,15594,16370,-15567,-9767,-25943,19170,2833,2023,-4128,0,0,0,0,-5165,33204,5890,-18043,32885,-10115,-2593,2721,33250,-8159,25062,-41001,-31083,-2757,18761,67634,0,0,0,0,0,0,0,0,13139,-15768,53556,17048,-51306,-10492,-4527,3574,-19421,9541,-16614,2875,22033,14804,-14025,0,0,0,0,10914,-23338,-37406,-34292,13691,24112,5275,-12888,69703,-43050,-87139,-5196,42838,0,0,0,0,-12211,12613,765,-48795,-9973,25579,76,18572,22549,23208,18177,10430,-22871,-29190,-42858,-42675,-24358,45078,7388,-9779,-69572,-6692,0,0,0,0,4110,32809,10026,-129681,-77989,103864,44570,46458,-60074,64272,-67412,-4594,-55002,-46976,0,0,0,0,-24131,58640,-30902,54481,33313,56749,-4259,-88623,160983,63915,188408,69339,116330,0,0,0,0,54875,158316,156286,-11419,-30507,-41942,43114,0,0,0,0,-115261,-200297,8753,-83357,36957,84576,0,0,0,0,45055,-108724,-70783,74547,166444,43441,50350,16625,-16223,31531,4536,71548,35087,-23230,-7688,0,0,0,0,0,0,0,0,184,54938,-29961,-123964,-192493,28336,-102371,65394,3272,0,0,0,0,31139,0,0,0,0,0,0,0,0,-54395,11409,13306,10119,53410,-14114,-23248,99532,80481,-130481,-21718,-64183,6691,-2315,59878,-47290,-117660,-85962,0,0,0,0,92237,85085,-52847,-96573,-40381,-106476,-17155,77919,30308,93457,-89536,-48118
3742,-2648,2654,2028,2546,3062,-547,-11738,4861,6470,-4917,-1549,-3044,6123,793,-2105,4131,9,0,0,0,0,0,0,0,0,0,0,0,0,-2704,0,0,0,0,4606,-1003,-3495,-3001,-4007,-2918,2624,-713,7343,5906,3882,802,2221,60,1710,-4422,10261,-781,-2184,1808,-481,1310,7550,-4767,5462,1889,-5761,10651,10385,10961,-2872,-6075,4675,13142,-5672,-3893,-2256,10405,-6412,-3223,554,-11106,1736,11453,-3449,-3062,-1865,343,6013,2620,1448,6805,-1204,1252,-3489,-7852,536,1520,9021,1167,3792,12550,-2960,7129,-10295,-2241,2775,-5834,972,-579,-4551,263,-1790,-886,591,-9598,7148,6539,0,0,0,0,-13377,0,0,0,0,-2517,6381,-1671,0,0,0,0,776,10818,4792,-1825,12913,0,0,0,0,20776,9963,12519,14626,-12748,4221,0,0,0,0,18144,-7923,-1203,-3020,-5535,-4947,9142,10873,0,0,0,0,1946,8538,2547,-3359,-2981,-13565,13946,-38116,17428,-1806,0,0,0,0,457,-3126,18791,-21405,31791,22122,12099,-21275,-32304,-11403,-29022,33043,30005,2305,-39156,28683,-8697,3204,-44922,27427,14921,41271,-5880,-1851,4093,0,0,0,0,21879,31891,1811,43779,68675,4103,-260,8220,-67628,15931,-23335,-15462,10285,-24,17487,-8442,0,0,0,0,0,0,0,0,-33021,83930,-2225,21482,17293,-1995,23459,2898,-14221,-20336,-22044,-52293,17333,-3425,-2989,0,0,0,0,2512,-5404,-53399,4825,7409,-17515,56232,20981,78334,22499,-59502,-25100,31056,0,0,0,0,-8412,-7682,14422,-113594,-71215,-2084,-8886,48959,11152,104,-3247,26341,164,-10286,-34828,13340,12455,-58386,-19070,7324,-12662,47110,0,0,0,0,-2709,49702,-635,-3549,-27200,908,-10079,11497,7357,-35925,82347,68055,-25574,-20131,0,0,0,0,59486,-9044,29923,15564,-4272,-77561,13011,5057,-91104,-34428,-27325,-99707,26316,0,0,0,0,28438,6611,-75009,8117,-25380,-11731,-60200,0,0,0,0,-10882,-22344,1354,-467,11363,-60595,0,0,0,0,-17660,36139,52386,-38736,-96282,-55158,30651,30753,15519,95029,-6615,-14265,24063,-44195,-10024,0,0,0,0,0,0,0,0,68330,-77489,9683,88281,25135,-19862,62559,38567,-6004,0,0,0,0,-22723,0,0,0,0,0,0,0,0,97104,11454,-10220,1789,-6661,-2306,-5532,80254,-69222,18862,-3833,-345,-16008,-7625,-43263,17176,-11560,-3250,0,0,0,0,13139,-42324,-33165,-4391,-14515,15773,15514,16762,-23882,-5170,27789,13624
2037,-3482,-1792,2900,4891,5138,2443,578,-4430,1600,2622,2582,-8348,-2732,2993,2980,408,-49,0,0,0,0,0,0,0,0,0,0,0,0,423,0,0,0,0,1802,-7928,-5309,-2428,11854,3654,-4378,2771,7558,-4997,3844,-8614,5966,7795,4952,3913,4292,-4493,-14400,2638,-5601,-6169,-11826,-7147,-7275,-2356,-775,-702,-6146,3751,3275,1870,-2361,-8404,-6998,-4046,5422,-3151,-5785,7310,-8583,-3009,4860,5917,-3808,9933,4717,10733,-667,-6095,13114,-597,-9887,-5948,-5009,-308,9801,6245,-8851,6290,1432,3521,14291,3704,6269,-8447,4373,-666,692,-7038,-13523,-1425,-651,2776,-2127,-7469,-377,5735,0,0,0,0,6241,0,0,0,0,7312,-18128,-3001,0,0,0,0,570,-43,1858,-4464,-6892,0,0,0,0,-5093,-2945,-1008,-10722,5519,-11174,0,0,0,0,-1181,900,3019,891,2421,1996,-6409,7588,0,0,0,0,-61,10511,13785,7785,4080,1505,504,21858,7282,8836,0,0,0,0,4311,-19442,-764,-947,-2814,-17997,-8693,-8026,28274,-35205,12011,-1194,-20545,-2268,-403,36379,1852,-5521,29836,13621,30901,-504,-2647,-1792,-10793,0,0,0,0,-14650,-26801,12130,-9600,-16589,-55,-4698,-43743,18578,34225,-59412,-1320,8457,11250,-12658,-13296,0,0,0,0,0,0,0,0,30932,12525,-31074,-12685,18856,-11201,-56431,27568,26604,-55063,32875,-53278,-3538,-15945,-4614,0,0,0,0,-7036,-33303,-10519,79483,-101107,3625,-15765,4947,39685,-16957,-22402,57767,-29737,0,0,0,0,15542,-9499,21938,-62456,31814,20970,-7930,-35509,-3101,43888,-81431,78594,9276,-22269,-84665,-74626,3847,-30670,-6758,44039,14987,14882,0,0,0,0,1909,68004,-107938,-72587,23732,-35309,48487,54071,7950,15696,-68395,40087,38189,-24105,0,0,0,0,31470,12557,8195,-7362,-84271,-119055,1653,-42221,295,-3451,48822,28350,-1590,0,0,0,0,2388,14202,29014,5153,-23566,-44484,-611,0,0,0,0,-50060,34722,7250,-28775,6241,-16207,0,0,0,0,29357,-7657,27798,-96506,-149444,-40528,-235,-83828,-17383,8181,72682,-12478,27370,-22232,15401,0,0,0,0,0,0,0,0,22547,-53052,-43881,118251,30745,-48173,13792,41392,-1040,0,0,0,0,7160,0,0,0,0,0,0,0,0,45291,-49827,4522,55923,-18072,4923,-6314,26865,-74574,26800,96253,10344,-13054,24630,-33219,63234,-70520,-869,0,0,0,0,14615,-39061,-55634,35904,-93520,-51699,61048,98062,-35620,22687,-6733,-4310
2726,-1774,0,-14,3950,0,0,0,-934,4251,0,0,0,0,-3300,787,-2607,-1943,-1170,-287,-3580,-1504,-3767,1855,1238,-86,-15558,-4441,1878,-6142,4786,678,-1553,6905,5301,-37,567,2557,1481,0,3429,-143,-62,0,0,0,-212,0,0,-2,1564,0,-1,-1,0,486,-22,0,2,62,0,0,-36,0,0,0,-16,177,0,0,-1667,0,-2384,-4063,3,0,0,0,0,458,-323,0,0,614,0,0,-1,0,-1451,13,0,2962,-825,0,2952,282,0,0,0,0,29,81,-4102,2717,2,-3,6738,-3046,0,0,-7962,0,6902,4022,-3502,2777,3024,-2442,14478,-1115,-12069,2569,138,178,135,-16351,-2386,798,-3562,-1342,-466,5595,-1575,7407,-1116,4355,1768,799,-4364,68,11652,25499,-13877,-2559,-26646,-953,-11179,-6842,-244,3211,-7095,0,0,-2182,23501,6162,-2862,-11450,-7993,31167,-19217,-672,30393,0,26849,21718,22549,38552,-475,-1623,10465,-16515,16338,6796,0,-10091,-528,24283,8195,-15383,0,0,-12521,8777,-3587,19425,-17672,-23991,35650,0,0,0,147,-7680,0,-410,2420,19502,5086,-14758,-2900,20998,-906,13423,-2027,0,-14397,42353,-1267,12967,0,27703,-827,-2125,8931,621,-5134,756,-53929,-4254,19273,-14907,61505,-15506,-24899,-230,-2856,15983,-1091,26062,-1,-68816,23182,-16223,7747,-32736,23503,35218,0,0,52444,0,47148,-68283,-17618,-13858,0,12778,23503,-12109,0,7919,-86375,-12846,0,0,41940,-245,4596,2809,8895,-17838,31670,0,0,-6972,-3242,-22942,-33549,0,0,0,-16666,-227,-5105,0,29120,-153,51755,-30733,-7916,-26383,-79657,8693,-139074,86378,-159637,-625,-7400,-66310,14938,52264,0,2123,-38448,-48035,0,5946,-1172,0,0,-14339,-46877,28857,-30050,-50736,-105674,-115135,20205,0,-5939,9643,-44688,-71969,-15927,2197,-70525,8878,127,0,-12071,-29410,43021,-3028,0,0,0,95880,4249,-37452,0,-163774,-11734,-92647,20374,-3452,4683,0,0,0,27259,31621,95004,73880,-86109,-69940,-36330,-1517,44,1397,-79895,-4501,0,-4519,0,0,73157,23380,-53995,110918,12598,254478,-10010,50749,-303082,-27159,-60782,52332,0,0,136075,79474,1263,0,0,-117001,32940,48070,-22564,58431,-136157,-49383,-5821,55508,31766,9757,-32958,67876,38693,213000,-23475,-20593,-1572,-82292,2697,0,0,-62614,118220,-7239,50662,-26949,1572,13176,-101377,-15492,-59621,24939,-69750,52883,23008,84614,0,0,0,327,-17327,-3124,0,48565,22371,3583,19113,-64755
2726,-1774,0,-14,3950,0,0,0,-934,4251,0,0,0,0,-3300,787,-2607,-1943,1170,287,3580,1504,3767,-1855,-1238,86,15558,4441,-1878,6142,4786,-678,1553,-6905,-5301,-37,567,2557,1481,0,3429,-143,-62,0,0,0,-212,0,0,-2,1564,0,-1,-1,0,486,-22,0,2,62,0,0,-36,0,0,0,-16,177,0,0,-1667,0,-2384,-4063,3,0,0,0,0,458,-323,0,0,614,0,0,-1,0,-1451,13,0,2962,-825,0,2952,282,0,0,0,0,29,81,-4102,2717,2,-3,6738,-3046,0,0,-7962,0,6902,-4022,3502,-2777,-3024,-2442,-14478,1115,12069,-2569,138,178,135,16351,2386,-798,3562,-1342,-466,5595,-1575,7407,1116,-4355,-1768,-799,-4364,68,11652,25499,-13877,-2559,26646,953,11179,6842,-244,3211,-7095,0,0,-2182,23501,6162,2862,11450,7993,-31167,-19217,-672,30393,0,26849,21718,22549,38552,-475,-1623,-10465,16515,-16338,-6796,0,-10091,-528,24283,8195,-15383,0,0,-12521,8777,-3587,19425,-17672,-23991,35650,0,0,0,147,-7680,0,-410,2420,19502,5086,14758,2900,-20998,906,13423,-2027,0,-14397,42353,-1267,12967,0,27703,-827,-2125,8931,621,-5134,756,-53929,4254,-19273,14907,-61505,15506,24899,230,2856,15983,-1091,26062,-1,-68816,23182,-16223,7747,-32736,23503,35218,0,0,52444,0,-47148,68283,17618,13858,0,12778,23503,-12109,0,7919,-86375,-12846,0,0,41940,-245,4596,-2809,-8895,17838,-31670,0,0,-6972,-3242,-22942,-33549,0,0,0,-16666,-227,-5105,0,29120,-153,51755,-30733,-7916,-26383,-79657,8693,-139074,-86378,159637,625,7400,-66310,14938,52264,0,2123,-38448,-48035,0,5946,-1172,0,0,-14339,-46877,-28857,30050,50736,105674,-115135,20205,0,-5939,9643,-44688,-71969,-15927,2197,-70525,8878,127,0,12071,29410,-43021,3028,0,0,0,95880,4249,-37452,0,163774,11734,92647,-20374,-3452,4683,0,0,0,27259,-31621,-95004,-73880,86109,-69940,-36330,-1517,44,1397,-79895,-4501,0,-4519,0,0,73157,23380,-53995,110918,-12598,-254478,10010,-50749,303082,27159,60782,-52332,0,0,136075,79474,1263,0,0,-117001,32940,-48070,22564,-58431,136157,-49383,5821,-55508,-31766,-9757,32958,-67876,-38693,-213000,-23475,-20593,-1572,-82292,2697,0,0,-62614,118220,-7239,50662,-26949,1572,13176,-101377,-15492,-59621,24939,69750,-52883,-23008,-84614,0,0,0,327,-17327,-3124,0,48565,22371,3583,19113,-64755
2726,-1784,0,-2,3942,0,0,0,-899,4255,0,0,0,0,-8220,11786,-2264,1779,1622,1078,6183,8043,-18072,8533,1131,7665,-510,1467,-9122,1723,5110,7660,283,105,-3469,-521,545,2536,2125,0,3385,-2044,204,0,0,0,-207,0,0,-8,2082,0,0,-2,0,500,-248,0,-1,-119,0,0,-333,0,0,-4,-326,192,0,0,-1864,0,-2379,-4059,17,0,0,0,0,475,-106,0,0,616,0,0,0,0,-1443,-30,0,2959,-799,0,2950,234,0,0,0,0,0,42,-4054,2792,3,-5,-7232,2445,0,0,-7926,0,6907,8527,11557,-10763,-3796,-3295,11085,-298,-7406,1708,4082,5248,1239,-4732,1876,-1771,2546,-2487,-5938,-3617,347,-1630,-4664,17185,3743,-709,-8928,140,336,736,16673,3075,-23340,3561,-8889,-6204,125,-1642,3081,0,0,-603,-12436,-13107,2308,8759,5700,-23663,10534,315,-14248,0,-8685,9683,-5963,219,-3,890,-20885,31650,-32971,-13688,0,25896,-14436,-9986,5310,4759,0,0,15245,-10687,2122,-11495,-13840,-12390,18411,0,0,0,685,-35693,0,22764,-3871,-31193,-6283,-12096,26263,3993,-3047,50,10147,0,-3710,10913,29453,12908,0,-37850,1131,-298,1251,-3274,27078,309,-22045,-17907,-33868,-66400,-102824,-44154,-52713,48524,-35839,-5430,371,-40581,0,20526,27698,37148,-25276,41279,8384,-72464,0,0,-59524,0,-37541,55839,-63386,22523,0,-9183,22927,-22385,0,-5617,61273,-1988,0,0,62486,-365,-3542,9891,-13144,26798,48319,0,0,80187,397,2812,31351,0,0,0,-349,230,5176,0,-15603,82,4724,-23369,-60695,21131,-42829,-4905,78470,-26685,-12730,-45313,7932,23418,-34054,-5170,0,-43397,-20446,26693,0,181118,-35703,0,0,-48931,-9753,-8400,14370,19144,44767,21113,-71828,0,-88326,143411,31281,-11909,-96065,13254,-16140,9152,131,0,37519,2474,37920,66217,0,0,0,-70796,4562,-40206,0,156094,-25664,25826,-126219,18981,-25751,0,0,0,68933,43778,-70387,31314,-36489,6298,13464,85184,1574,50298,-64114,-14339,0,-26076,0,0,89943,21892,-68457,46653,15946,81797,9580,95282,-24117,65856,28365,95288,0,0,68947,151203,2403,0,0,-90569,44336,-44807,-129908,149059,50577,-67777,-32574,82168,2067,68247,-24144,40427,15432,111220,-153601,49462,73232,-214608,7034,0,0,-25732,235028,-14391,68038,-36192,-35066,4470,-96486,-1871,-44661,3691,-61476,20130,15229,13729,0,0,0,2351,-124412,21854,0,34560,-6784,27954,25048,-57868
2726,-1784,0,-2,3942,0,0,0,-899,4255,0,0,0,0,-8220,11786,-2264,1779,-1622,-1078,-6183,-8043,18072,-8533,-1130,-7665,510,-1467,9122,-1723,5110,-7660,-283,-105,3469,-521,545,2536,2125,0,3385,-2044,204,0,0,0,-207,0,0,-8,2082,0,0,-2,0,500,-248,0,-1,-119,0,0,-333,0,0,-4,-326,192,0,0,-1864,0,-2379,-4059,17,0,0,0,0,475,-106,0,0,616,0,0,0,0,-1443,-30,0,2959,-799,0,2950,234,0,0,0,0,0,42,-4054,2792,3,-5,-7232,2445,0,0,-7926,0,6907,-8527,-11557,10763,3796,-3295,-11085,298,7406,-1708,4082,5248,1239,4732,-1876,1771,-2546,-2487,-5938,-3617,347,-1630,4664,-17185,-3743,709,-8928,140,336,736,16673,3075,23340,-3561,8889,6204,125,-1642,3081,0,0,-603,-12436,-13107,-2308,-8759,-5700,23663,10534,315,-14248,0,-8685,9683,-5963,219,-3,890,20885,-31650,32971,13688,0,25896,-14436,-9986,5310,4759,0,0,15245,-10687,2122,-11495,-13840,-12390,18411,0,0,0,685,-35693,0,22764,-3871,-31193,-6283,12096,-26263,-3993,3047,50,10147,0,-3710,10913,29453,12908,0,-37850,1131,-298,1251,-3274,27078,309,-22045,17907,33868,66400,102824,44154,52713,-48524,35839,-5430,371,-40581,0,20526,27698,37148,-25276,41279,8384,-72464,0,0,-59524,0,37541,-55839,63386,-22523,0,-9183,22927,-22385,0,-5617,61273,-1988,0,0,62486,-365,-3542,-9891,13144,-26798,-48319,0,0,80187,397,2812,31351,0,0,0,-349,230,5176,0,-15603,82,4724,-23369,-60695,21131,-42829,-4905,78470,26685,12730,45313,-7932,23418,-34054,-5170,0,-43397,-20446,26693,0,181118,-35703,0,0,-48931,-9753,8400,-14370,-19144,-44767,21113,-71828,0,-88326,143411,31281,-11909,-96065,13254,-16140,9152,131,0,-37519,-2474,-37920,-66217,0,0,0,-70796,4562,-40206,0,-156094,25664,-25826,126219,18981,-25751,0,0,0,68933,-43778,70387,-31314,36489,6298,13464,85184,1574,50298,-64114,-14339,0,-26076,0,0,89943,21892,-68457,46653,-15946,-81797,-9580,-95282,24117,-65856,-28365,-95288,0,0,68947,151203,2403,0,0,-90569,44336,44807,129908,-149059,-50577,-67777,32574,-82168,-2067,-68247,24144,-40427,-15432,-111220,-153601,49462,73232,-214608,7034,0,0,-25732,235028,-14391,68038,-36192,-35066,4470,-96486,-1871,-44661,3691,61476,-20130,-15229,-13729,0,0,0,2351,-124412,21854,0,34560,-6784,27954,25048,-57868
2726,-1784,0,2,3942,0,0,0,-899,4255,0,0,0,0,-8220,-11786,-2264,-1779,886,-10226,44,1158,9134,9352,14407,9000,-2886,-1277,1604,8722,-5110,-2852,-298,4950,-6170,521,545,2536,2125,0,3385,2044,-204,0,0,0,-207,0,0,8,2082,0,0,2,0,500,248,0,1,119,0,0,-333,0,0,-4,326,192,0,0,-1864,0,-2379,-4059,-17,0,0,0,0,475,-106,0,0,616,0,0,0,0,-1443,30,0,2959,-799,0,2950,234,0,0,0,0,0,-42,-4054,2792,-3,5,7480,1522,0,0,-7926,0,6907,4219,-9284,-1267,-15197,3295,-657,-777,2102,13239,-4082,-5248,-1239,307,-3637,-4713,-28,-2487,-6508,2446,347,-1630,-10093,-5525,11148,-8655,-8928,140,-336,-736,-16673,-3075,-6487,1211,-18,25128,125,-1642,3081,0,0,603,-11806,13677,-1209,23793,3818,9609,10534,315,-14248,0,8685,2787,-11025,-219,3,890,32187,4942,-27910,29545,0,25896,16292,6535,-6760,2267,0,0,15245,-10687,2122,-11495,13840,12390,-18411,0,0,0,685,-35693,0,-22764,3871,31193,-6283,22537,7942,16992,1256,-3355,-9577,0,3710,-10913,29453,12908,0,-37850,1131,-298,1251,3274,-27078,309,-22045,121570,-23021,-32890,7650,76904,-46091,7834,-16348,5430,-371,-40581,0,20526,23892,-39703,-25276,-41279,614,-72945,0,0,59524,0,-62640,-54192,5864,46449,0,7397,23564,-22385,0,5617,-61273,-1988,0,0,62486,-365,3542,-2776,-51726,-25295,527,0,0,-80187,-397,-2812,31351,0,0,0,-349,-230,-5176,0,-15603,82,20529,12125,-17953,61709,42829,-4905,78470,11406,8545,-17817,-49697,23418,34054,-5170,0,-43397,-2749,33512,0,-181118,35703,0,0,-22002,44781,-30793,26058,-31940,-484,-18581,-72524,0,-88326,143411,-31281,-11909,96065,-13254,16140,-9152,-131,0,-16478,69998,42009,-17335,0,0,0,-70796,4562,-40206,0,33446,181944,-85031,-13030,18981,-25751,0,0,0,-68933,-80972,-22229,42671,-17649,2149,-14708,-85184,-1574,-50298,64916,10108,0,-26076,0,0,-89943,45689,55481,-46653,91788,4177,83228,-27315,28192,6678,-112544,36021,0,0,68947,-151203,-2403,0,0,-79041,62617,113643,-143553,-98318,21719,-67777,-103892,-8945,8597,-39078,-33714,48212,99359,-38629,146509,67638,73232,-214608,7034,0,0,-25732,-235028,14391,68038,-36192,35066,8944,96175,19832,-40060,-3691,-15138,-60278,-5491,26687,0,0,0,2351,-124412,21854,0,34560,-21234,-19405,25048,-57868
2726,-1784,0,2,3942,0,0,0,-899,4255,0,0,0,0,-8220,-11786,-2264,-1779,-886,10226,-44,-1158,-9134,-9352,-14407,-9000,2886,1277,-1604,-8722,-5110,2852,298,-4950,6170,521,545,2536,2125,0,3385,2044,-204,0,0,0,-207,0,0,8,2082,0,0,2,0,500,248,0,1,119,0,0,-333,0,0,-4,326,192,0,0,-1864,0,-2379,-4059,-17,0,0,0,0,475,-106,0,0,616,0,0,0,0,-1443,30,0,2959,-799,0,2950,234,0,0,0,0,0,-42,-4054,2792,-3,5,7480,1522,0,0,-7926,0,6907,-4219,9284,1267,15197,3295,657,777,-2102,-13239,-4082,-5248,-1239,-307,3637,4713,28,-2487,-6508,2446,347,-1630,10093,5525,-11148,8655,-8928,140,-336,-736,-16673,-3075,6487,-1211,18,-25128,125,-1642,3081,0,0,603,-11806,13677,1209,-23793,-3818,-9609,10534,315,-14248,0,8685,2787,-11025,-219,3,890,-32187,-4942,27910,-29545,0,25896,16292,6535,-6760,2267,0,0,15245,-10687,2122,-11495,13840,12390,-18411,0,0,0,685,-35693,0,-22764,3871,31193,-6283,-22537,-7942,-16992,-1256,-3355,-9577,0,3710,-10913,29453,12908,0,-37850,1131,-298,1251,3274,-27078,309,-22045,-121570,23021,32890,-7650,-76904,46091,-7834,16348,5430,-371,-40581,0,20526,23892,-39703,-25276,-41279,614,-72945,0,0,59524,0,62640,54192,-5864,-46449,0,7397,23564,-22385,0,5617,-61273,-1988,0,0,62486,-365,3542,2776,51726,25295,-527,0,0,-80187,-397,-2812,31351,0,0,0,-349,-230,-5176,0,-15603,82,20529,12125,-17953,61709,42829,-4905,78470,-11406,-8545,17817,49697,23418,34054,-5170,0,-43397,-2749,33512,0,-181118,35703,0,0,-22002,44781,30793,-26058,31940,484,-18581,-72524,0,-88326,143411,-31281,-11909,96065,-13254,16140,-9152,-131,0,16478,-69998,-42009,17335,0,0,0,-70796,4562,-40206,0,-33446,-181944,85031,13030,18981,-25751,0,0,0,-68933,80972,22229,-42671,17649,2149,-14708,-85184,-1574,-50298,64916,10108,0,-26076,0,0,-89943,45689,55481,-46653,-91788,-4177,-83228,27315,-28192,-6678,112544,-36021,0,0,68947,-151203,-2403,0,0,-79041,62617,-113643,143553,98318,-21719,-67777,103892,8945,-8597,39078,33714,-48212,-99359,38629,146509,67638,73232,-214608,7034,0,0,-25732,-235028,14391,68038,-36192,35066,8944,96175,19832,-40060,-3691,15138,60278,5491,-26687,0,0,0,2351,-124412,21854,0,34560,-21234,-19405,25048,-57868
2726,-1774,0,14,3950,0,0,0,-934,4251,0,0,0,0,-3300,-787,-2607,1943,2193,-3318,-667,515,-1243,-224,-3597,-2152,3597,-16706,-2470,2213,-4786,-535,8540,2293,-417,37,567,2557,1481,0,3429,143,62,0,0,0,-212,0,0,2,1564,0,1,1,0,486,22,0,-2,-62,0,0,-36,0,0,0,16,177,0,0,-1667,0,-2384,-4063,-3,0,0,0,0,458,-323,0,0,614,0,0,1,0,-1451,-13,0,2962,-825,0,2952,282,0,0,0,0,-29,-81,-4102,2717,-2,3,-7066,-2180,0,0,-7962,0,6902,1537,1834,4672,-4212,2442,563,3089,-3540,-18459,-138,-178,-135,-23,14209,2332,-8891,-1342,585,-5584,-1575,7407,3625,1563,-2337,1713,-4364,68,-11652,-25499,13877,2559,9122,-385,-4640,-27890,-244,3211,-7095,0,0,2182,23185,-7260,-1110,31361,5209,12755,-19217,-672,30393,0,-26849,-28022,-13961,-38552,475,-1623,16705,2552,-14144,14482,0,-10091,-19965,13833,-1432,-17370,0,0,-12521,8777,-3587,19425,17672,23991,-35650,0,0,0,147,-7680,0,410,-2420,-19502,5086,-2923,-3709,-3651,-25146,13326,-2591,0,14397,-42353,-1267,12967,0,27703,-827,-2125,8931,-621,5134,756,-53929,35197,-52867,-8689,16894,-20075,13941,-11691,-11601,-15983,1091,26062,-1,-68816,24672,13853,7747,32736,-27666,32052,0,0,-52444,0,-68450,-38860,-5790,-34045,0,-14544,22453,-12109,0,-7919,86375,-12846,0,0,41940,-245,-4596,-32260,15108,10819,4713,0,0,6972,3242,22942,-33549,0,0,0,-16666,227,5105,0,29120,-153,57469,-17902,26758,6537,79657,8693,-139074,-128006,-66067,80684,-75763,-66310,-14938,52264,0,2123,60739,-9821,0,-5946,1172,0,0,28503,39883,-73776,70496,-70898,-6154,114356,24230,0,-5939,9643,44688,-71969,15927,-2197,70525,-8878,-127,0,-40793,-6561,-13733,31223,0,0,0,95880,4249,-37452,0,-29461,173637,14986,-68673,-3452,4683,0,0,0,-27259,29907,8218,101905,107481,-56496,54951,1517,-44,-1397,76004,25037,0,-4519,0,0,-73157,41715,41496,-110918,-256376,4020,-13525,40816,24566,-252280,115974,146051,0,0,136075,-79474,-1263,0,0,-80150,91380,109976,65673,70541,58215,-49383,49876,24967,-32874,-5259,51513,-103811,-183307,74351,25789,-17609,-1572,-82292,2697,0,0,-62614,-118220,7239,50662,-26949,-1572,17868,100656,38352,-48206,-24939,36116,79557,77656,-41067,0,0,0,327,-17327,-3124,0,48565,16561,-15462,19113,-64755
2726,-1774,0,14,3950,0,0,0,-934,4251,0,0,0,0,-3300,-787,-2607,1943,-2193,3318,667,-515,1243,224,3597,2152,-3597,16706,2470,-2213,-4786,535,-8540,-2293,417,37,567,2557,1481,0,3429,143,62,0,0,0,-212,0,0,2,1564,0,1,1,0,486,22,0,-2,-62,0,0,-36,0,0,0,16,177,0,0,-1667,0,-2384,-4063,-3,0,0,0,0,458,-323,0,0,614,0,0,1,0,-1451,-13,0,2962,-825,0,2952,282,0,0,0,0,-29,-81,-4102,2717,-2,3,-7066,-2180,0,0,-7962,0,6902,-1537,-1834,-4672,4212,2442,-563,-3089,3540,18459,-138,-178,-135,23,-14209,-2332,8891,-1342,585,-5584,-1575,7407,-3625,-1563,2337,-1713,-4364,68,-11652,-25499,13877,2559,-9122,385,4640,27890,-244,3211,-7095,0,0,2182,23185,-7260,1110,-31361,-5209,-12755,-19217,-672,30393,0,-26849,-28022,-13961,-38552,475,-1623,-16705,-2552,14144,-14482,0,-10091,-19965,13833,-1432,-17370,0,0,-12521,8777,-3587,19425,17672,23991,-35650,0,0,0,147,-7680,0,410,-2420,-19502,5086,2923,3709,3651,25146,13326,-2591,0,14397,-42353,-1267,12967,0,27703,-827,-2125,8931,-621,5134,756,-53929,-35197,52867,8689,-16894,20075,-13941,11691,11601,-15983,1091,26062,-1,-68816,24672,13853,7747,32736,-27666,32052,0,0,-52444,0,68450,38860,5790,34045,0,-14544,22453,-12109,0,-7919,86375,-12846,0,0,41940,-245,-4596,32260,-15108,-10819,-4713,0,0,6972,3242,22942,-33549,0,0,0,-16666,227,5105,0,29120,-153,57469,-17902,26758,6537,79657,8693,-139074,128006,66067,-80684,75763,-66310,-14938,52264,0,2123,60739,-9821,0,-5946,1172,0,0,28503,39883,73776,-70496,70898,6154,114356,24230,0,-5939,9643,44688,-71969,15927,-2197,70525,-8878,-127,0,40793,6561,13733,-31223,0,0,0,95880,4249,-37452,0,29461,-173637,-14986,68673,-3452,4683,0,0,0,-27259,-29907,-8218,-101905,-107481,-56496,54951,1517,-44,-1397,76004,25037,0,-4519,0,0,-73157,41715,41496,-110918,256376,-4020,13525,-40816,-24566,252280,-115974,-146051,0,0,136075,-79474,-1263,0,0,-80150,91380,-109976,-65673,-70541,-58215,-49383,-49876,-24967,32874,5259,-51513,103811,183307,-74351,25789,-17609,-1572,-82292,2697,0,0,-62614,-118220,7239,50662,-26949,-1572,17868,100656,38352,-48206,-24939,-36116,-79557,-77656,41067,0,0,0,327,-17327,-3124,0,48565,16561,-15462,19113,-64755
2809,-2295,0,0,3175,0,0,0,-6063,-23710,0,0,0,0,3743,0,-2322,0,0,0,0,0,0,0,0,0,0,0,0,0,0,0,0,0,0,0,-22637,9846,5142,0,-16237,0,0,0,0,0,12116,0,0,0,-8685,0,0,0,0,-330,0,0,0,0,0,0,-4526,0,0,-851,0,-5501,0,0,-3416,0,3816,12127,0,0,0,0,0,2873,-922,0,0,-2070,0,0,0,0,7038,0,0,11557,-4582,0,2607,-1728,0,0,0,0,0,0,-5295,1961,0,0,616,9821,0,0,-9256,0,6877,0,0,0,0,0,0,0,0,0,0,0,0,0,0,0,0,-11663,6122,576,-1694,7966,0,0,0,0,31018,-486,0,0,0,0,0,0,0,0,-580,7629,-6509,0,0,0,-5796,136,0,0,0,0,-17176,-499,22583,0,0,-6761,9211,0,0,-50787,0,0,0,0,0,-5203,4103,-7631,10708,-51860,0,0,-19767,13856,9589,-51933,0,0,0,0,0,0,996,-51918,0,0,0,0,-66378,0,0,0,0,4245,-733,0,0,0,46658,-106704,0,105272,-3144,12134,-50987,0,0,985,-70282,0,0,0,0,0,0,0,0,0,0,34010,4,186460,80686,-3996,73026,0,2226,-35975,0,0,0,0,0,0,0,0,0,315,-8198,-51343,0,0,0,-42424,0,0,-59270,346,0,0,0,0,0,0,0,0,0,0,17054,0,0,0,-66276,0,0,0,-16137,85,70419,-31356,37716,-39726,0,3338,-53394,0,0,0,0,84868,0,-74744,0,-3414,-7605,19738,0,0,0,0,0,-8018,3959,0,0,0,0,128,-7284,0,-42796,69486,0,61219,0,0,0,0,0,0,0,0,0,0,0,0,0,-39152,5539,-48819,0,0,0,0,0,18832,-25547,0,0,0,0,0,0,0,0,3802,-560,0,0,0,16081,-84872,0,-56055,0,0,0,38304,-7355,0,0,0,0,0,0,0,0,0,0,0,-24745,0,0,0,0,1802,-1136,0,0,0,0,16021,0,0,0,0,0,0,0,0,-1724,28470,16359,24072,-789,0,0,-2592,0,0,-86802,46174,0,-43689,1015,-5666,26724,0,0,0,0,0,0,0,0,1435,-75925,-18414,0,82260,86196,-26300,42738,29407
3742,-2648,2654,-2028,-2546,-3062,547,-11738,4861,-6470,4917,-1549,3044,-6123,793,2105,-4131,9,0,0,0,0,0,0,0,0,0,0,0,0,-2704,0,0,0,0,-4606,1003,-3495,-3001,-4007,2918,-2624,-713,-7343,-5906,3882,802,2221,60,1710,-4422,10261,-781,2184,-1808,481,-1310,7550,-4767,5462,-1889,5761,10651,10385,-10961,2872,6075,-4675,-13142,5672,-3893,-2256,10405,6412,3223,554,-11106,1736,11453,-3449,-3062,1865,-343,-6013,-2620,1448,6805,-1204,-1252,3489,7852,-536,1520,9021,1167,3792,-12550,2960,7129,-10295,-2241,-2775,5834,972,579,4551,-263,1790,-886,591,-9598,-7148,-6539,0,0,0,0,-13377,0,0,0,0,2517,-6381,-1671,0,0,0,0,776,-10818,-4792,-1825,12913,0,0,0,0,-20776,-9963,12519,14626,12748,-4221,0,0,0,0,-18144,7923,-1203,3020,5535,-4947,-9142,-10873,0,0,0,0,1946,8538,2547,-3359,-2981,13565,-13946,-38116,17428,-1806,0,0,0,0,457,-3126,-18791,21405,-31791,-22122,-12099,21275,-32304,-11403,29022,-33043,30005,-2305,39156,28683,8697,-3204,-44922,27427,14921,41271,-5880,-1851,4093,0,0,0,0,-21879,-31891,1811,-43779,-68675,4103,-260,8220,-67628,15931,23335,15462,-10285,24,-17487,8442,0,0,0,0,0,0,0,0,-33021,83930,-2225,21482,17293,1995,-23459,2898,-14221,20336,22044,52293,-17333,-3425,-2989,0,0,0,0,2512,5404,53399,-4825,-7409,17515,-56232,20981,78334,22499,-59502,-25100,31056,0,0,0,0,8412,7682,14422,113594,71215,-2084,-8886,-48959,-11152,104,-3247,26341,164,-10286,-34828,-13340,-12455,58386,19070,7324,12662,-47110,0,0,0,0,-2709,49702,635,3549,-27200,-908,10079,11497,7357,-35925,-82347,-68055,25574,20131,0,0,0,0,-59486,9044,29923,-15564,4272,-77561,13011,5057,-91104,-34428,27325,99707,26316,0,0,0,0,-28438,-6611,-75009,8117,-25380,-11731,-60200,0,0,0,0,-10882,-22344,-1354,467,11363,-60595,0,0,0,0,17660,-36139,52386,-38736,-96282,55158,-30651,30753,15519,-95029,6615,-14265,-24063,44195,-10024,0,0,0,0,0,0,0,0,68330,-77489,9683,-88281,-25135,19862,-62559,-38567,6004,0,0,0,0,-22723,0,0,0,0,0,0,0,0,-97104,-11454,-10220,1789,-6661,2306,5532,80254,69222,-18862,3833,345,-16008,7625,43263,-17176,11560,-3250,0,0,0,0,13139,42324,33165,-4391,-14515,15773,15514,16762,23882,5170,27789,13624
2037,-3482,1792,-2900,-4891,5138,2443,-578,-4430,-1600,2622,-2582,-8348,-2732,2993,-2980,-408,-49,0,0,0,0,0,0,0,0,0,0,0,0,423,0,0,0,0,-1802,7928,-5309,-2428,-11854,-3654,4378,2771,7558,-4997,-3844,-8614,-5966,-7795,4952,3913,-6147,905,14556,-1558,5601,6169,11752,-7270,-7275,-2356,-775,-702,6146,3751,-3275,-1870,2361,-8404,-6998,-4046,-5422,-3151,5785,-7310,8583,3009,-4860,-5917,-3808,9933,4717,10733,667,-6095,-2196,12943,9887,5948,5009,-308,-9801,6245,8851,6290,1432,3521,14291,-3704,-6269,-8447,-4373,666,692,-15228,710,1425,651,-2776,2127,-7469,-377,-5735,0,0,0,0,6241,0,0,0,0,19370,-2628,-3001,0,0,0,0,570,43,-1858,6882,-4479,0,0,0,0,4998,-3103,-7446,-7780,-1170,-12407,0,0,0,0,-1031,-1068,3019,891,2421,1996,6409,-7588,0,0,0,0,-61,-11110,13307,-7785,4080,-1505,-504,21672,-7819,8836,0,0,0,0,-4311,-19442,764,947,2814,17997,-8693,-8026,42737,-14573,10793,5405,-20545,-1227,-1950,-36379,1852,-5521,-30336,12467,-30901,-504,2129,-2385,-10793,0,0,0,0,14650,26801,-12130,-17721,7302,-55,-4698,43743,16502,-35272,-53638,-25583,10894,-8911,-13025,12937,0,0,0,0,0,0,0,0,28943,-16612,-31074,12686,18856,11201,56431,27568,26604,55063,-32875,-53278,-3538,-15945,4614,0,0,0,0,7036,33303,10519,-79483,-101107,698,16161,4947,-39685,16957,-23075,-57501,-29737,0,0,0,0,15542,-9499,21938,-68826,-13262,20970,7930,-35509,-3101,43888,88093,71047,-9276,-21377,84894,74626,-3847,30670,6758,44039,16723,-12900,0,0,0,0,1909,68004,107938,-72587,23732,35309,-48487,-54071,1399,-17539,-68395,40087,-38189,24105,0,0,0,0,-31470,-12557,-8195,-78570,31346,-119055,1653,-40724,11148,-3451,-49612,26945,1590,0,0,0,0,2388,14202,-29014,5153,32933,-38074,611,0,0,0,0,-18355,58092,7250,-28775,-6241,-16207,0,0,0,0,-29357,7657,27798,86975,-155184,40528,235,83828,-17383,8181,72682,-12478,-27370,22232,15401,0,0,0,0,0,0,0,0,-22547,53052,-43881,-119169,26972,-48173,13792,-41392,1040,0,0,0,0,7160,0,0,0,0,0,0,0,0,-45291,49827,4522,56986,14371,4923,-6314,26865,77286,17502,-45217,85598,-13054,-24630,33219,-63234,70520,-869,0,0,0,0,-14615,-39061,-55634,-32344,-94810,-51699,-61048,98062,35620,-22687,-6733,-4310
3742,-2648,-2654,2028,-2546,-563,3059,-11738,4861,-6470,4917,1549,-4348,5278,793,-2105,-4131,-9,0,0,0,0,0,0,0,0,0,0,0,0,2704,0,0,0,0,4606,1003,-3495,-3001,4007,2918,2624,713,4919,8037,3882,802,-2221,60,-1710,-4422,6570,-7921,-2184,1808,481,1310,7599,4688,-5462,-6016,755,10651,10385,-10961,2872,-6075,-4675,-1996,14174,-3893,-2256,10405,6412,-3223,-554,11106,-1736,-11453,-3449,-3062,173,1889,-6013,-2620,-6577,-2269,-1204,-1252,-3489,7852,-536,1520,-9021,1167,3792,-10238,7838,-7129,10295,2241,2775,5834,972,-579,-4551,485,1743,-886,-591,-9598,-7148,-6539,0,0,0,0,13377,0,0,0,0,-2517,6381,1671,0,0,0,0,776,-11522,2691,-3587,12539,0,0,0,0,-20776,-9963,-2864,-19038,-12748,4221,0,0,0,0,-18144,7923,-1203,5767,2549,4947,-8621,11291,0,0,0,0,1946,-8642,2168,3359,2981,9239,-17122,38534,16483,-1806,0,0,0,0,-457,-3126,-7492,27480,37953,-7722,21270,12108,-298,34256,29022,-33043,-30005,2305,-39156,28683,-8107,-4491,43837,29129,-14921,-41271,-5249,3232,4093,0,0,0,0,-9919,37381,1811,43779,68675,4103,-260,8220,-68459,-11866,23335,15462,10285,-24,-17487,8442,0,0,0,0,0,0,0,0,44119,78665,-2225,-21482,17293,4303,23147,2898,14221,-22899,19369,40379,37478,3425,-2989,0,0,0,0,-2512,-9485,52827,-4825,-7409,-17515,56232,20981,-78334,22499,-59205,25793,-31056,0,0,0,0,10286,-4898,-14422,-113594,-71215,-2084,8886,42812,26239,104,-5574,-25949,-164,-9920,34934,331,18248,-22073,-57318,-7324,12662,-47110,0,0,0,0,-2709,-49702,635,3549,-27200,-6089,8083,11497,-20440,-30446,32098,101893,-436,-32544,0,0,0,0,59133,11124,29923,-15564,4272,77561,13011,-29537,-86331,34428,-27325,-99707,-26316,0,0,0,0,29008,3313,-75009,8117,27363,-5746,-60200,0,0,0,0,24564,3784,1428,111,-11363,60595,0,0,0,0,27329,29513,-52386,-32641,98515,-40123,-48703,-30753,15519,93958,15691,14265,-38721,-32140,10024,0,0,0,0,0,0,0,0,68330,-77489,9683,88281,25135,3707,65531,-22039,32213,0,0,0,0,-22723,0,0,0,0,0,0,0,0,97777,348,-10220,2221,6530,5983,362,80254,-69222,18862,3833,345,16008,5609,-43570,11008,17535,3250,0,0,0,0,13139,-26949,-46529,4936,-14339,15773,-15514,16762,16928,-17622,27789,13624
2037,-3482,1792,2900,-4891,2418,5151,578,-4430,-1600,-2622,-2582,5901,6506,2993,2980,-408,49,0,0,0,0,0,0,0,0,0,0,0,0,-423,0,0,0,0,1802,7928,-5309,-2428,-11854,-3654,-4378,-2771,-5922,6857,3844,-8614,-5966,7795,-4952,3913,6147,-905,-14400,2638,5601,-6169,-11752,7270,7275,-311,-2460,-702,-6146,-3751,-3275,1870,2361,-8971,-6255,-4046,5422,-3151,5785,7310,8583,3009,-4860,-5917,-3808,9933,-11608,-1644,667,6095,2196,-12943,-9887,5948,-5009,308,-9801,6245,8851,6290,1432,8830,11775,-3704,-6269,8447,4373,666,692,-7038,-13523,-1332,824,2776,2127,-7469,377,-5735,0,0,0,0,-6241,0,0,0,0,7312,-18128,3001,0,0,0,0,570,-304,1833,6882,-4479,0,0,0,0,5093,2945,7446,7780,5519,-11174,0,0,0,0,1181,-900,3019,-2487,-686,-1996,6759,7278,0,0,0,0,-61,-11110,13307,-7785,-4080,932,1285,-21672,7819,8836,0,0,0,0,-4311,-19442,-1212,-115,-9712,15411,-3372,11340,42737,-14573,-12011,1194,20545,-2268,-403,36379,989,5739,-30336,12467,-30901,504,-2129,2385,-10793,0,0,0,0,4816,-30161,12130,-9600,-16589,-55,-4698,-43743,16502,-35272,59412,1320,8457,11250,12658,13296,0,0,0,0,0,0,0,0,-28943,16612,-31074,12686,18856,5570,-57262,27568,-26604,-50589,-39413,49938,18900,15945,-4614,0,0,0,0,7036,-34012,7933,-79483,101107,3625,-15765,4947,-39685,-16957,-23075,-57501,29737,0,0,0,0,-12101,-13614,-21938,-62456,31814,20970,7930,-27565,-22598,43888,-88093,-71047,-9276,-21377,84894,52788,-52888,-8340,-30279,-44039,-14987,-14882,0,0,0,0,1909,-68004,107938,72587,23732,6351,-59644,54071,-1399,17539,62862,-48303,-42355,15668,0,0,0,0,31891,-11446,8195,7362,84271,119055,1653,40724,-11148,3451,48822,28350,1590,0,0,0,0,7014,-12577,29014,5153,32933,-38074,-611,0,0,0,0,-18355,58092,14263,26022,-6241,16207,0,0,0,0,-30318,1132,-27798,-86975,155184,-37805,-14607,83828,-17383,15109,-71563,12478,-33658,-10514,-15401,0,0,0,0,0,0,0,0,22547,-53052,-43881,118251,30745,43240,25321,-18779,36902,0,0,0,0,7160,0,0,0,0,0,0,0,0,38946,54929,4522,56986,14371,4348,-6723,26865,-74574,26800,-96253,-10344,13054,-26146,-32040,29179,90112,869,0,0,0,0,14615,-49653,-46427,-32344,-94810,-51699,-61048,98062,42218,-1062,-6733,-4310
7354,-5865,0,0,-5531,0,0,0,-12197,5993,0,0,0,0,6916,0,5401,0,0,0,0,0,0,0,0,0,0,0,0,0,0,0,0,0,0,0,-8573,-1383,-5661,0,20990,0,0,0,0,0,25340,0,0,0,4775,0,0,0,0,17834,0,0,0,0,0,0,-11865,0,0,23930,0,-10339,0,0,-9514,0,702,-4695,0,0,0,0,0,-14757,-17329,0,0,-16193,0,0,0,0,1993,0,0,3036,-5031,0,-21636,-7382,0,0,0,0,0,0,18834,4748,0,0,172,2739,0,0,-15591,0,-17524,0,0,0,0,0,0,0,0,0,0,0,0,0,0,0,0,4727,11326,1065,6101,-28691,0,0,0,0,6898,-108,0,0,0,0,0,0,0,0,2809,-36944,1290,0,0,0,6205,-146,0,0,0,0,5622,400,-18117,0,0,-8741,11908,0,0,13592,0,0,0,0,0,8482,16308,-30333,3440,-16663,0,0,3196,-2241,-5663,30669,0,0,0,0,0,0,-866,45144,0,0,0,0,-1634,0,0,0,0,36457,-6294,0,0,0,900,15647,0,26357,-787,6771,-28451,0,0,770,-54975,0,0,0,0,0,0,0,0,0,0,8589,-1,-46977,31766,-1573,4670,0,1389,-22444,0,0,0,0,0,0,0,0,0,-615,16014,-17603,0,0,0,37711,0,0,170,-1,0,0,0,0,0,0,0,0,0,0,-4082,0,0,0,38874,0,0,0,34371,-181,20924,-9317,-7606,8011,0,1189,-19017,0,0,0,0,-4129,0,-46368,0,58957,-13561,35198,0,0,0,0,0,11855,-5854,0,0,0,0,261,-14871,0,-35965,58396,0,18840,0,0,0,0,0,0,0,0,0,0,0,0,0,-1281,4251,-37462,0,0,0,0,0,-26951,36562,0,0,0,0,0,0,0,0,-25401,3741,0,0,0,-813,4290,0,-11405,0,0,0,46389,-8907,0,0,0,0,0,0,0,0,0,0,0,-21410,0,0,0,0,2769,-1746,0,0,0,0,-2157,0,0,0,0,0,0,0,0,-1043,17225,-9379,46672,-1530,0,0,-4821,0,0,-93555,49766,0,-22121,514,-11945,56342,0,0,0,0,0,0,0,0,1570,-83096,-81919,0,63060,97222,-29664,27053,-5401
