0,-13,0,-2,0,0,0,0,-4,0,0,0,0,0,-5402,11440,0,0,2149,-164,5334,-3295,-1058,556,806,-795,-267,-537,2660,-656,0,6062,-2154,10472,5703,-505,0,-1,706,0,0,-1976,0,0,0,0,-4,0,0,0,562,0,0,2,0,0,-242,0,0,0,0,0,-329,0,0,0,-318,0,0,0,-220,0,-2,0,16,0,0,0,0,7,234,0,0,0,0,0,0,0,0,-29,0,0,4,0,-1,-49,0,0,0,0,0,36,0,86,-9,16,-7379,463,0,0,8,0,0,6944,-3949,2956,4093,0,-11993,-3004,-2952,-303,-10225,-13144,0,-18484,5442,-5446,7317,2671,434,-4612,612,-2876,-930,3432,768,-117,0,0,0,0,-25174,-4642,26321,19272,14813,5878,0,0,-18103,0,0,0,255,10831,8072,11187,-10673,-22445,-9748,-145,6570,0,0,-4131,-3032,0,0,25171,-12188,51423,-10059,-4826,0,32637,-14098,-7579,-7418,-1532,0,0,9305,-6523,0,0,0,14535,-21598,0,0,0,-383,19976,0,0,0,0,15557,5513,51662,-31185,-3732,3480,20158,0,13047,-38380,42489,-36285,0,25002,-747,0,0,-2015,16665,0,0,1966,10344,7500,32130,2112,2099,-3463,2358,0,0,-31586,0,5415,159,3211,1562,0,41912,2594,0,0,0,0,1544,-2250,146,-561,0,-16770,-644,0,0,-4036,44027,3150,0,0,-76680,448,0,-11367,6258,-12966,-68100,0,0,0,2870,20312,20723,0,0,0,24885,0,0,0,22884,-120,3334,7489,-8081,-7673,0,0,0,64878,12111,96349,-17570,7486,0,0,0,-38334,11908,4588,0,0,0,0,0,2656,5379,114308,47570,-71338,-3575,-96093,-1685,0,0,0,0,66557,0,0,0,-32853,-469,0,54554,25962,11977,81998,0,0,0,169404,-25346,223384,0,81068,32249,90694,66554,-23787,32271,0,0,0,0,-56185,22115,-64166,74780,-7314,-49657,0,0,0,74004,14022,0,88933,0,0,0,3582,18656,0,-3118,-23541,-1174,-17655,-162165,39346,-6222,100181,0,0,-106348,-13825,-220,0,0,-44958,-71297,126108,2218,70480,-326139,138311,-81719,-27737,-174673,185177,240478,-144096,205446,138710,390346,23641,-136877,-389812,12777,0,0,-73735,411444,-25192,0,0,0,-1185,-51007,-723,-153,0,-8341,-21791,-2611,-54487,0,0,0,-1364,72152,-65429,0,119240,-22754,-74575,80568,-1415
0,-13,0,-2,0,0,0,0,-4,0,0,0,0,0,-5402,11440,0,0,-741,-723,-3239,-5691,976,-426,401,-1190,-2555,-574,-575,-823,0,-11214,-996,2392,7150,-505,0,-1,706,0,0,-1976,0,0,0,0,4,0,0,0,562,0,0,-2,0,0,-242,0,0,0,0,0,-329,0,0,0,-318,0,0,0,-220,0,-2,0,16,0,0,0,0,-7,234,0,0,0,0,0,0,0,0,-29,0,0,-4,0,-1,-49,0,0,0,0,0,36,0,86,9,-16,-7379,463,0,0,-8,0,0,-5858,-5286,5066,1181,0,-3566,2923,11702,-1864,10225,13144,0,10532,9921,-7053,13977,2671,434,-4612,-612,2876,-279,336,-2269,-2812,0,0,0,0,25174,4642,19427,-29927,1854,6459,0,0,-18103,0,0,0,255,10831,6415,-1143,-24273,13280,-9748,145,-6570,0,0,-4131,-3032,0,0,25171,20112,15111,44455,17556,0,32637,-14098,-7579,-7418,-1532,0,0,-9305,6523,0,0,0,-14535,21598,0,0,0,383,-19976,0,0,0,0,15557,-38180,26909,38441,-5113,3480,20158,0,-13047,38380,42489,-36285,0,-25002,747,0,0,2015,-16665,0,0,8937,-1815,32544,-7560,-1796,-3854,-2650,1147,0,0,-31586,0,-5415,159,3211,1562,0,41912,2594,0,0,0,0,-150,166,2758,-357,0,-16770,-644,0,0,4036,-44027,3150,0,0,76680,-448,0,4152,-30502,61601,-15225,0,0,0,-2870,-20312,20723,0,0,0,24885,0,0,0,-22884,120,3334,7489,-8081,-7673,0,0,0,45542,-107541,-17472,-1775,7486,0,0,0,-38334,11908,4588,0,0,0,0,0,2656,5379,4825,53198,36821,127366,-96093,-1685,0,0,0,0,66557,0,0,0,32853,469,0,11902,51998,-86803,-11704,0,0,0,169404,25346,-223384,0,94708,-24807,8,-103353,23787,-32271,0,0,0,0,13684,-110052,-21161,24670,-7314,-49657,0,0,0,74004,14022,0,88933,0,0,0,3582,18656,0,-3103,17835,-4989,-22900,94329,106466,66761,115024,0,0,-106348,13825,220,0,0,-44958,-71297,-57045,-224308,269215,34595,138311,-48451,230982,86718,95016,-112291,148021,16210,324437,390346,23641,-136877,389812,-12777,0,0,-73735,-411444,25192,0,0,0,-1185,-51007,-723,-153,0,-56116,13958,13058,2382,0,0,0,1364,-72152,-65429,0,119240,-22754,-74575,80568,-1415
0,-7,0,0,0,0,2,0,0,0,0,0,2,0,-5754,0,0,-15307,-10111,10849,-323,10816,0,0,0,0,-554,-1288,511,-2026,2572,-5105,-6451,9995,15,0,0,0,757,0,0,0,-1062,0,4,0,0,0,0,0,603,0,0,0,0,0,0,0,0,713,11,1,-353,0,0,0,0,0,-11,1,-235,0,0,0,0,0,0,0,0,0,255,-1,-9,0,0,0,0,0,0,0,0,0,0,0,0,-55,-1,0,0,0,106,0,0,122,0,0,0,0,0,0,0,0,0,1105,-18513,-1163,2799,0,4061,5513,-4485,760,0,0,12497,0,0,0,0,18031,0,0,0,0,10481,-3953,1547,5331,0,0,0,0,0,0,0,0,0,0,0,0,-24717,-45572,1899,596,0,0,1266,3321,-1964,457,-6616,0,0,0,2776,0,0,0,0,1422,0,0,0,0,0,0,0,0,0,0,-10537,-5995,0,0,0,0,0,0,0,0,74547,-63934,0,0,0,13443,0,0,0,-2181,5123,317,-6860,0,0,0,0,0,-55962,0,0,0,0,0,0,0,0,0,0,0,0,0,0,-51905,19079,-87742,14836,0,0,0,0,0,0,0,22989,47286,0,0,28756,44731,0,0,-104435,36742,-96827,-62595,0,0,0,0,0,0,0,-12002,0,0,0,0,27876,-33629,-48154,-71467,77180,-33075,24503,0,0,0,17723,0,16035,38086,0,0,0,0,0,0,0,0,0,0,0,0,0,0,0,0,0,18788,13547,0,0,0,0,0,0,0,0,164,-838,0,0,271547,-74190,20543,213268,0,0,0,0,0,0,156718,0,0,-77718,0,0,0,-24656,-55170,-118,-3982,58022,82255,0,0,0,0,0,0,0,0,0,0,0,-67673,87536,0,141366,-15308,8682,28968,-19383,0,0,-22038,0,0,0,0,0,-140082,-50138,45543,-249592,0,0,0,36365,3234,-4019,28545,0,0,0,0,0,0,0,0,0,-137297,106544,0,0,200251,25968,-220435,239421,-153885,3175,46727,-40973,16469,0,0,0,0,0,0,107906,0,0,72391,428798,0,0,0,0,0,-117358,0,0,0,0,-150539,-72774,84533,113683,-145599,0,-4197,60000,0,0,140868,0,0,0,0,-90319,32451
0,-7,0,0,0,0,-2,0,0,0,0,0,-2,0,-5754,0,0,-15307,6215,-8395,-5480,14067,0,0,0,0,-1978,291,1359,699,2572,184,3441,2297,12265,0,0,0,757,0,0,0,-1062,0,-4,0,0,0,0,0,603,0,0,0,0,0,0,0,0,713,-11,-1,-353,0,0,0,0,0,11,-1,-235,0,0,0,0,0,0,0,0,0,255,1,9,0,0,0,0,0,0,0,0,0,0,0,0,-55,1,0,0,0,106,0,0,122,0,0,0,0,0,0,0,0,0,1056,151,17114,7689,0,5998,-5461,-1173,640,0,0,12497,0,0,0,0,18031,0,0,0,0,-6330,-8990,3609,4731,0,0,0,0,0,0,0,0,0,0,0,0,-24717,45572,-1899,596,0,0,816,-1877,-3059,-1774,-6616,0,0,0,2776,0,0,0,0,1422,0,0,0,0,0,0,0,0,0,0,10537,5995,0,0,0,0,0,0,0,0,-74547,63934,0,0,0,13443,0,0,0,-2576,6319,740,5572,0,0,0,0,0,-55962,0,0,0,0,0,0,0,0,0,0,0,0,0,0,58349,-54846,-36871,56609,0,0,0,0,0,0,0,22989,47286,0,0,-28756,-44731,0,0,24546,82684,-69571,115200,0,0,0,0,0,0,0,-12002,0,0,0,0,27876,45954,89568,-11610,65155,33075,-24503,0,0,0,17723,0,-16035,-38086,0,0,0,0,0,0,0,0,0,0,0,0,0,0,0,0,0,18788,13547,0,0,0,0,0,0,0,0,-164,838,0,0,23299,323583,-105971,93107,0,0,0,0,0,0,156718,0,0,-77718,0,0,0,-14588,9133,44305,-37529,-58022,-82255,0,0,0,0,0,0,0,0,0,0,0,67673,-87536,0,141366,29668,21029,-139,-14219,0,0,-22038,0,0,0,0,0,-140082,50138,-45543,-249592,0,0,0,-26593,5729,13700,35158,0,0,0,0,0,0,0,0,0,137297,-106544,0,0,-274403,212490,-144296,73609,-153885,-34348,1946,19909,50632,0,0,0,0,0,0,107906,0,0,-72391,-428798,0,0,0,0,0,-117358,0,0,0,0,-150539,-161662,-113021,-75684,-43910,0,4197,-60000,0,0,140868,0,0,0,0,-90319,32451
0,-13,0,0,-2,0,0,0,4,0,0,0,0,0,-5402,0,-11440,0,-2568,-3546,2327,-4401,-334,-1079,-214,1178,-1347,-2244,963,296,0,-4274,6310,10659,3448,0,505,1,706,0,1976,0,0,0,0,0,0,4,0,0,562,0,0,0,2,-242,0,0,0,0,0,0,-329,0,0,0,0,-318,0,0,-220,0,2,16,0,0,0,0,-7,0,234,0,0,0,0,0,0,0,-29,0,0,0,0,4,1,-49,0,0,0,0,0,0,36,86,16,9,-463,-7379,0,8,0,0,0,2383,-5548,6528,-3199,0,-8342,126,5578,7808,-13144,10225,0,4948,-9605,-7315,-16858,2671,4612,434,2876,612,-1009,2258,-2665,165,0,0,0,0,4642,-25174,-17145,3776,-6608,-31086,0,0,-18103,0,0,0,10831,-255,25909,1283,-11313,-2662,-9748,-6570,-145,0,0,3032,-4131,0,0,25171,24470,-29695,-21446,-31254,0,-32637,7579,-14098,1532,-7418,0,0,6523,9305,0,0,0,-21598,-14535,0,0,0,19976,383,0,0,0,0,-15557,-49454,27906,-21184,-3536,-20158,3480,0,-38380,-13047,42489,36285,0,747,25002,0,0,16665,2015,0,0,-28280,-10166,-13662,-10473,1591,-1417,-4521,-1201,0,0,31586,-5415,0,3211,-159,1562,0,-2594,41912,0,0,0,0,-495,-2132,1599,665,0,644,-16770,0,0,44027,4036,3150,0,0,-448,-76680,0,39650,-31544,10223,-47983,0,0,0,-20312,2870,20723,0,0,0,-24885,0,0,0,120,22884,-7489,3334,7673,-8081,0,0,0,-17998,64594,-53590,81114,7486,0,0,0,38334,4588,-11908,0,0,0,0,0,5379,-2656,93559,85189,62365,23052,1685,-96093,0,0,0,0,66557,0,0,0,469,-32853,0,93453,14376,-39585,3186,0,0,0,-169404,-223384,-25346,0,-99397,90610,-44252,-14788,-32271,-23787,0,0,0,0,-45245,-50560,-93058,-9595,49657,-7314,0,0,0,14022,-74004,0,88933,0,0,0,18656,-3582,0,2105,-1533,16756,-24278,64829,-59632,-158607,-70751,0,0,106348,-220,13825,0,0,71297,-44958,106539,64787,323606,-83505,138311,94521,83688,-13138,236934,-21876,197281,35963,-315199,-23641,390346,-136877,-12777,-389812,0,0,73735,25192,411444,0,0,0,-51007,1185,153,-723,0,-33415,22306,-26298,-34847,0,0,0,72152,1364,-65429,0,-119240,-74575,22754,80568,-1415
0,-13,0,0,-2,0,0,0,4,0,0,0,0,0,-5402,0,-11440,0,3975,2660,-232,-4585,417,949,-993,806,-1474,1132,1122,-1775,0,-878,-9460,2206,9405,0,505,1,706,0,1976,0,0,0,0,0,0,-4,0,0,562,0,0,0,-2,-242,0,0,0,0,0,0,-329,0,0,0,0,-318,0,0,-220,0,2,16,0,0,0,0,7,0,234,0,0,0,0,0,0,0,-29,0,0,0,0,-4,1,-49,0,0,0,0,0,0,36,86,-16,-9,-463,-7379,0,-8,0,0,0,-1297,-3687,1494,8474,0,-7217,-208,3172,-9974,13144,-10225,0,3004,-5757,19814,-4436,2671,4612,434,-2876,-612,-199,1510,1164,-3094,0,0,0,0,-4642,25174,-28603,6879,-10059,18749,0,0,-18103,0,0,0,10831,-255,-11421,8761,-23632,-6503,-9748,6570,145,0,0,3032,-4131,0,0,25171,-32394,-36839,-12950,18524,0,-32637,7579,-14098,1532,-7418,0,0,-6523,-9305,0,0,0,21598,14535,0,0,0,-19976,-383,0,0,0,0,-15557,16786,50665,28440,-5309,-20158,3480,0,38380,13047,42489,36285,0,-747,-25002,0,0,-16665,-2015,0,0,17377,1637,-26383,-14097,-1274,-337,-1592,4706,0,0,31586,5415,0,3211,-159,1562,0,-2594,41912,0,0,0,0,1890,47,1306,-1583,0,644,-16770,0,0,-44027,-4036,3150,0,0,448,76680,0,-46865,7300,38412,-35341,0,0,0,20312,-2870,20723,0,0,0,-24885,0,0,0,-120,-22884,-7489,3334,7673,-8081,0,0,0,-92422,30836,-25287,-61770,7486,0,0,0,38334,4588,-11908,0,0,0,0,0,5379,-2656,25574,15579,-96882,100739,1685,-96093,0,0,0,0,66557,0,0,0,-469,32853,0,-26997,63584,-35242,67108,0,0,0,-169404,223384,25346,0,-76379,-98052,-46450,51588,32271,23787,0,0,0,0,2743,-37377,7730,109045,49657,-7314,0,0,0,14022,-74004,0,88933,0,0,0,18656,-3582,0,-8326,-4173,-22919,-16277,3007,-86181,98068,-144454,0,0,106348,220,-13825,0,0,71297,-44958,-37477,-286877,16089,-208039,138311,-224690,119556,-74817,43258,-106310,-201206,-257619,-147948,-23641,390346,-136877,12777,389812,0,0,73735,-25192,-411444,0,0,0,-51007,1185,153,-723,0,-31042,-30139,36746,-17257,0,0,0,-72152,-1364,-65429,0,-119240,-74575,22754,80568,-1415
2726,-1777,0,-17,-3941,0,0,0,-908,4246,0,0,0,0,-4548,4876,-552,-6588,-1150,-563,-4023,-3941,9714,-5323,-10304,12167,-1951,-2159,9362,-2683,-7478,5938,1605,-5976,-7616,-225,-430,2561,1640,0,-2895,-848,-590,0,0,0,212,0,0,-3,1692,0,1,-3,0,-556,-105,0,3,365,0,0,-110,0,0,-1,-127,-270,0,0,-1713,0,-2381,4065,9,0,0,0,0,-465,-268,0,0,623,0,0,0,0,1428,4,0,2942,806,0,2954,268,0,0,0,0,31,112,4035,2734,3,-5,5349,-6708,0,0,7935,0,6856,-6932,3118,-2228,-3643,10122,920,2869,8923,-1203,3333,4284,-7413,-20616,-6478,3712,-9326,-3474,-3189,9115,78,-367,-1424,7501,9276,8821,-30,0,2122,4644,8617,1589,7836,-12858,586,2643,1856,-24413,-2560,0,0,58,7436,-13856,6358,3934,-16083,-2552,10970,54,-2433,0,-2065,22777,22139,10099,-125,-11901,-13139,48230,-12852,-5894,0,-1001,-18964,5757,12615,-2069,0,0,-8840,6197,8511,-46092,42926,27045,-40187,0,0,0,-361,18827,0,-12478,-11153,-89868,37955,11401,18145,-23561,-580,-1000,-6842,0,4415,-12987,-45552,3980,0,8907,-266,533,-2241,6965,-57602,-512,36513,-9195,-151,-33550,1428,-14869,-41680,-48371,24389,-2368,162,7355,0,3286,24888,-13941,11756,30117,17475,3442,0,0,10134,0,46368,-66949,-28076,-12034,0,-3319,-56422,-32386,0,6303,-68758,-13775,0,0,-33701,197,10872,-1359,4468,-9047,-2855,0,0,41042,-1628,-11524,-6161,0,0,0,-59148,-525,-11790,0,-11456,60,-51051,48169,-26462,29659,-25567,1922,-30744,-59734,104921,-3582,5615,21036,-18233,25536,0,19650,25073,49527,0,-66155,13041,0,0,-34046,43048,73839,17650,-56258,-34889,55161,-30087,0,25861,-41989,-12292,-6190,20103,-2774,-58781,1607,23,0,112956,87696,-40702,148101,0,0,0,-23423,20471,-180418,0,-174687,-8188,-91484,34274,-44933,60957,0,0,0,-653,-19555,110985,13971,-16291,-25332,89484,-8739,-342,-10946,61342,40556,0,63992,0,0,78805,117461,45249,53615,27605,-159329,44445,203816,74754,90939,56112,99952,0,0,-115473,91493,1454,0,0,-62641,121614,-63909,-36968,12613,147154,80362,21842,33247,66553,-51036,-169766,152175,-74959,145285,63586,-21757,-53986,-190340,6239,0,0,26382,142511,-8726,-27004,14364,-2853,10355,12345,-24183,-13607,26288,-194097,72673,49819,64294,0,0,0,74,-3892,26728,0,-22163,-13204,8467,38070,-64958
0,-1309,3407,-2660,-2660,-14,5778,1157,0,0,0,-2116,1901,-406,1770,-2375,2375,-4165,9530,-11674,-4459,7183,0,0,0,0,-5421,-6544,4426,-9995,-973,2192,-361,-6883,-11973,1473,-1473,0,2773,1844,453,-453,1906,157,-2454,1832,0,0,3837,0,976,0,0,0,0,794,794,0,0,-2378,-315,-30,-62,0,0,0,2524,2524,4657,-627,1897,-874,0,1014,1014,0,71,642,0,0,-65,96,696,0,0,0,0,0,-1914,-1914,0,0,0,0,0,647,-2154,-769,-884,0,2719,-2944,-2944,-3609,0,0,2192,1934,-5799,0,0,0,0,1314,-8158,12771,7223,0,-3144,-6395,4324,-664,0,0,-13916,0,0,0,0,-1768,-12172,10079,0,0,996,9125,-3647,-6134,0,0,0,0,0,0,0,0,0,0,0,0,-4953,711,-30,1098,10571,10085,-8045,-29263,8833,-7110,14560,0,0,691,8217,-3324,-21670,0,0,16978,0,0,0,0,11044,0,-17489,-58162,-15726,-23910,5466,3110,0,0,0,0,0,0,0,0,-6827,5855,0,0,0,1924,0,0,0,5490,-13842,-2095,-31194,-23421,33195,-79653,0,0,17568,0,-20726,0,0,0,0,0,0,0,0,0,0,0,0,-5260,11777,31045,-20096,0,0,0,0,0,-16416,-14867,39036,-39411,19063,21578,3962,6163,0,-46838,-65061,-17343,-19645,-83267,-65178,-6030,-6512,0,0,0,0,-28447,0,67446,0,0,7632,-53738,-76769,-115026,124616,4771,-3534,0,0,0,-98795,85741,-25996,-61743,0,0,0,0,0,0,5592,-14570,-130,-4993,0,0,0,0,0,0,0,10836,-31981,0,0,0,-27,12,4252,0,0,-1752,8976,-30004,-10167,-44865,-80751,26975,-56324,-15959,-16529,0,0,0,0,29746,0,0,78911,0,0,64983,39378,92313,4654,2820,-23565,-33408,0,0,0,0,51424,0,0,0,0,0,0,161819,-209315,-180504,70579,-17834,-134530,-180240,175281,-59818,80481,159751,0,0,-65015,44303,0,107504,50496,-45868,-81145,-34646,-23484,0,-44744,6503,18883,37447,0,0,0,0,0,-9465,0,0,0,26812,-20806,-11510,50805,-145417,70284,-318,-29521,-59643,-239342,-51498,193008,323473,0,0,0,0,-19425,-21929,165130,0,0,56276,333344,0,0,0,0,0,47675,54232,51770,-6094,-9373,-20450,-164058,-168451,-135459,5391,7656,-2179,31148,0,0,8521,25509,0,39570,21068,39327,-117571
-2726,-1777,0,-3941,-17,0,0,0,908,0,4246,0,0,0,-4548,552,-4876,-6588,3955,3097,-768,-2744,2796,10023,4983,-15614,-5426,-7647,3905,379,-7478,2365,4531,-5912,-8395,430,225,-2561,1640,0,848,2895,-590,0,0,0,0,-212,0,3,1692,-1,0,0,-3,-105,-556,-3,0,365,0,0,-110,0,1,0,-270,-127,0,0,-1713,0,2381,9,4065,0,0,0,465,0,-268,0,0,0,623,0,0,0,4,1428,-2942,0,0,806,-2954,268,0,0,0,0,31,4035,112,2734,-5,-3,-5987,6145,0,7935,0,-6856,0,-2311,4738,-5847,3746,-10122,-2635,-179,619,-9099,4284,-3333,-7413,-93,109,-23236,-5273,-3474,-9550,1433,367,78,-1880,759,-10441,10441,0,30,4644,-2122,-1589,8617,-11822,2848,-4150,8306,24413,1856,-2560,0,0,58,-13491,8079,4846,4774,-16028,-4229,10970,2433,54,0,-2065,-15094,27948,-125,-10099,-11901,25804,-25825,-19635,-31311,0,1001,18994,-5657,-6896,10764,0,0,-6197,-8840,46092,8511,-42926,-40187,-27045,0,0,0,18827,361,0,-12478,-89868,11153,-37955,-27179,1471,-16542,-443,6782,-1352,0,-12987,-4415,-45552,-3980,0,266,8907,-2241,-533,-57602,-6965,-36513,-512,-11847,293,28622,15890,-10183,-10081,-38865,56366,-162,-2368,-7355,-3286,0,-11414,26144,11756,30117,1261,17766,0,0,-10134,0,-36433,-62123,30879,37749,0,-56001,-7638,0,32386,-68758,-6303,-13775,0,0,-197,-33701,10872,9010,-3215,-4334,1233,0,0,-41042,11524,-1628,-6161,0,0,0,59148,11790,-525,0,-60,-11456,5713,69956,27965,28246,25567,30744,1922,96380,-44962,37006,44056,21036,-18233,0,-25536,-19650,-19902,-51822,0,13041,66155,0,0,-863,-54878,54910,51967,65710,-10599,-32002,54072,0,41989,25861,12292,-6190,-2774,-20103,-58781,-23,1607,0,158786,74045,-101451,55246,0,0,0,23423,180418,20471,0,175191,4809,90206,-35697,-60957,-44933,0,0,0,-653,-7581,31439,-17652,-108643,-78381,50055,-8739,10946,-342,-15306,-71927,0,63992,0,0,78805,85535,92350,-53615,74241,37168,204542,144686,4450,-74432,78013,-123900,0,0,115473,1454,-91493,0,0,4110,136737,-52272,-74177,-137919,2862,80362,-54574,-15066,-3487,-73478,-57370,-207436,-175875,38095,-29272,60496,-53986,-6239,-190340,0,0,-26382,8726,142511,14364,27004,-2853,12813,9771,-2624,-27624,26288,-77933,-131623,159562,-26693,0,0,0,-3892,-74,26728,0,22163,-346,-15682,38070,-64958
2726,-1777,0,-17,-3941,0,0,0,-908,-4246,0,0,0,0,-4548,4876,-552,-6588,1978,42,5256,-1347,-8560,3495,-6660,15718,-9309,-2277,-1042,-3222,-7478,-33,2005,-8769,-7115,-225,-430,2561,1640,0,-2895,-848,-590,0,0,0,-212,0,0,-3,1692,0,-1,3,0,-556,-105,0,-3,365,0,0,-110,0,0,1,-127,-270,0,0,-1713,0,-2381,4065,9,0,0,0,0,465,-268,0,0,-623,0,0,0,0,1428,4,0,-2942,-806,0,2954,268,0,0,0,0,31,112,4035,2734,-3,5,5349,-6708,0,0,-7935,0,-6856,6038,4472,-4366,-692,10122,-7285,-2902,-5344,317,-3333,-4284,-7413,23776,374,1254,865,-3474,-3189,9115,-78,367,2317,-10284,-8168,-6658,30,0,-2122,-4644,-8617,-1589,10831,8511,6215,2391,-1856,24413,-2560,0,0,58,7436,-13856,6499,4979,-14930,-5581,10970,-54,2433,0,-2065,22777,22139,-10099,125,-11901,20168,10787,43362,17186,0,-1001,-18964,5757,12615,-2069,0,0,8840,-6197,-8511,46092,42926,-27045,40187,0,0,0,361,-18827,0,-12478,11153,89868,37955,-19266,772,25308,-1549,-1000,-6842,0,-4415,12987,-45552,3980,0,-8907,266,-533,2241,-6965,57602,512,-36513,-3621,-9874,-13523,-30310,20250,11816,-55674,35265,2368,-162,7355,0,-3286,24888,-13941,11756,30117,17475,3442,0,0,10134,0,-22414,31140,77969,-3739,0,-3319,-56422,32386,0,-6303,68758,-13775,0,0,33701,-197,10872,1795,-3003,6108,7891,0,0,41042,1628,11524,-6161,0,0,0,-59148,525,11790,0,11456,-60,-51051,48169,-26462,29659,-25567,-1922,30744,-74849,11391,-92554,17962,21036,-18233,-25536,0,19650,25073,49527,0,66155,-13041,0,0,-34046,43048,-26036,22783,42408,84560,55161,-30087,0,-25861,41989,-12292,-6190,-20103,2774,-58781,-1607,-23,0,62704,118371,-157083,37704,0,0,0,-23423,-20471,180418,0,-175062,-6619,-88989,38947,44933,-60957,0,0,0,-653,56919,-33678,61042,-71138,-25332,89484,-8739,342,10946,61342,40556,0,63992,0,0,78805,117461,45249,53615,27740,210096,10387,156993,-133960,36322,-3276,87874,0,0,-115473,-91493,-1454,0,0,-62641,121614,45010,97745,-105573,-67371,80362,7417,-78931,-46783,-11943,196777,-151348,121666,-47694,63586,-21757,-53986,190340,-6239,0,0,26382,-142511,8726,27004,-14364,-2853,10355,12345,-24183,-13607,26288,27240,-92949,-22774,-199174,0,0,0,-74,3892,26728,0,-22163,-13204,8467,38070,-64958
0,-1309,-3407,-2660,-2660,14,-5778,-1157,0,0,0,2116,-1901,406,1770,-2375,2375,-4165,-11135,12685,2069,3067,0,0,0,0,-11289,-39,7921,1233,-973,4896,4696,-10818,-5711,1473,-1473,0,2773,-1844,453,-453,1906,-157,2454,-1832,0,0,-3837,0,976,0,0,0,0,794,794,0,0,-2378,315,30,-62,0,0,0,2524,2524,-4657,627,1897,874,0,1014,1014,0,-71,-642,0,0,-65,-96,-696,0,0,0,0,0,-1914,-1914,0,0,0,0,0,647,2154,769,884,0,2719,-2944,-2944,-3609,0,0,2192,1934,5799,0,0,0,0,1330,-14310,6747,5611,0,-5394,6350,477,-525,0,0,-13916,0,0,0,0,-1768,-12172,10079,0,0,-6161,6981,-2770,-6389,0,0,0,0,0,0,0,0,0,0,0,0,-4953,-711,30,1098,10571,10085,-3681,21133,19452,14528,14560,0,0,-691,8217,-3324,-21670,0,0,16978,0,0,0,0,-11044,0,-17489,-58162,-15726,-23910,-5466,-3110,0,0,0,0,0,0,0,0,6827,-5855,0,0,0,1924,0,0,0,3429,-7608,113,33609,-23421,33195,79653,0,0,17568,0,20726,0,0,0,0,0,0,0,0,0,0,0,0,1879,6990,34339,-17391,0,0,0,0,0,-16416,-14867,39036,-39411,19063,21578,-3962,-6163,0,46838,58761,26762,6521,87416,65178,-6030,-6512,0,0,0,0,-28447,0,-67446,0,0,7632,73652,143685,-19211,105367,-4771,3534,0,0,0,-98795,-85741,25996,61743,0,0,0,0,0,0,5592,-14570,-130,-4993,0,0,0,0,0,0,0,10836,-31981,0,0,0,-27,12,-4252,0,0,1752,-8976,-30004,-10167,-79832,-24723,9154,-73249,-15959,-16529,0,0,0,0,29746,0,0,78911,0,0,-64983,21685,-20681,-73407,61769,23565,33408,0,0,0,0,-51424,0,0,0,0,0,0,-161819,209315,180504,70579,-126644,-164400,-109820,162788,-59818,80481,159751,0,0,-65015,44303,0,107504,-50496,45868,-81145,-34646,-23484,0,54631,2566,-9087,27008,0,0,0,0,0,9465,0,0,0,-26812,20806,-11510,50805,136106,-40344,-45477,68824,-59643,69357,316910,-307867,42422,0,0,0,0,-19425,-21929,165130,0,0,-56276,-333344,0,0,0,0,0,47675,54232,51770,-6094,-9373,-20450,-22682,145758,165727,-156344,-7656,2179,-31148,0,0,8521,-25509,0,39570,21068,39327,-117571
-2726,-1777,0,-3941,-17,0,0,0,908,0,-4246,0,0,0,-4548,552,-4876,-6588,-3127,-3619,2001,-2544,-3950,-8195,11981,-12272,-5833,3211,4415,-6283,-7478,3539,-920,-8833,-6336,430,225,-2561,1640,0,848,2895,-590,0,0,0,0,212,0,3,1692,1,0,0,3,-105,-556,3,0,365,0,0,-110,0,-1,0,-270,-127,0,0,-1713,0,2381,9,4065,0,0,0,-465,0,-268,0,0,0,-623,0,0,0,4,1428,2942,0,0,-806,-2954,268,0,0,0,0,31,4035,112,2734,5,3,-5987,6145,0,-7935,0,6856,0,1418,2852,-747,-8081,-10122,-3729,146,2961,8213,-4284,3333,-7413,-3066,5995,18270,13734,-3474,-9550,1433,-367,-78,2772,-3541,11550,-8278,0,-30,-4644,2122,1589,-8617,-6845,1500,-2651,-13340,-24413,-1856,-2560,0,0,58,-13491,8079,8011,4140,-14984,-3904,10970,-2433,-54,0,-2065,-15094,27948,125,10099,-11901,-32833,-33192,-10874,20019,0,1001,18994,-5657,-6896,10764,0,0,6197,8840,-46092,-8511,-42926,40187,27045,0,0,0,-18827,-361,0,-12478,89868,-11153,-37955,19314,17445,18289,-1687,6782,-1352,0,12987,4415,-45552,-3980,0,-266,-8907,2241,533,57602,6965,36513,512,24664,9732,18450,12992,15564,-19783,-65180,3288,162,2368,-7355,3286,0,-11414,26144,11756,30117,1261,17766,0,0,-10134,0,60387,26314,19014,-53522,0,-56001,-7638,0,-32386,68758,6303,-13775,0,0,197,33701,10872,-8574,4680,1395,3803,0,0,-41042,-11524,1628,-6161,0,0,0,59148,-11790,525,0,60,11456,5713,69956,27965,28246,25567,-30744,-1922,38203,-71351,59130,-67633,21036,-18233,0,25536,-19650,-19902,-51822,0,-13041,-66155,0,0,-863,-54878,-7108,-11534,-79560,60270,-32002,54072,0,-41989,-25861,12292,-6190,2774,20103,-58781,23,-1607,0,16874,132021,-96334,130558,0,0,0,23423,-180418,-20471,0,174558,9999,90267,-37523,60957,44933,0,0,0,-653,44944,45868,92665,21214,-78381,50055,-8739,-10946,342,-15306,-71927,0,63992,0,0,78805,85535,92350,-53615,-18895,13598,-149709,216124,54756,-52829,-130849,-63926,0,0,115473,-1454,91493,0,0,4110,136737,33373,134954,44958,76921,80362,83833,-30618,23257,10498,30360,206609,129169,-135686,-29272,60496,-53986,6239,190340,0,0,-26382,-8726,-142511,-14364,-27004,-2853,12813,9771,-2624,-27624,26288,-88924,111347,-132516,-108187,0,0,0,3892,74,26728,0,22163,-346,-15682,38070,-64958
0,8,0,-49,-49,0,0,0,0,0,0,0,0,0,10007,11126,-11126,-4661,2958,-1863,4405,-18891,0,0,0,0,16104,6344,-11899,8444,915,4394,2687,-10973,-10963,-504,504,0,-1319,0,1939,-1939,-321,0,0,0,0,0,0,0,-1048,0,0,0,0,-261,-261,0,0,218,0,0,608,0,0,0,-290,-290,0,0,404,0,0,17,17,0,0,0,0,0,-439,0,0,0,0,0,0,0,33,33,0,0,0,0,0,96,0,0,0,0,41,321,321,-190,0,0,21152,18655,0,0,0,0,0,1732,-14720,12787,8407,0,28919,151,-16264,4026,0,0,-1871,0,0,0,0,-19139,9339,-7733,0,0,-4198,13090,-5215,-10177,0,0,0,0,0,0,0,0,0,0,0,0,-35554,0,0,-63194,19858,18945,-11219,-7778,27063,7097,8691,0,0,0,-5938,-5695,-37126,0,0,18874,0,0,0,0,0,0,-1026,-3412,12017,18271,0,0,0,0,0,0,0,0,0,0,0,0,0,0,0,4998,0,0,0,106,-254,-23,29,1954,-2770,0,0,0,-22705,0,0,0,0,0,0,0,0,0,0,0,0,0,0,5812,-32259,-112389,64437,0,0,0,0,0,12141,10996,-47323,-1580,8106,9176,0,0,0,0,4876,-7289,10156,-3211,0,-48165,-52014,0,0,0,0,-33916,0,0,0,0,-61634,-840,-2823,5663,-9702,0,0,0,0,0,88821,0,0,0,0,0,0,0,0,0,-24405,63585,1413,54418,0,0,0,0,0,0,0,3415,22318,0,0,0,70970,-31494,0,0,0,0,0,22334,7568,33464,28305,-9696,34772,3377,3498,0,0,0,0,-57778,0,0,65014,0,0,0,64264,75388,-72358,67975,0,0,0,0,0,0,0,0,0,0,0,0,0,0,0,0,47467,14313,29614,28735,-33492,66094,-88925,-59567,0,0,-13287,9054,0,2271,0,0,29605,12588,8533,0,-36346,-33338,-36009,-236945,0,0,0,0,0,0,0,0,0,0,0,-17663,77963,13338,-42891,65604,-56304,-52283,-33035,51580,-22321,71108,0,0,0,0,-90053,-101664,92028,0,0,0,0,0,0,0,0,0,73494,-44804,-42770,29561,45468,-33058,-55992,-6804,9076,-45261,0,0,0,0,0,-1867,0,0,87431,46551,-8326,-6127
0,-13,0,-2,0,0,0,0,-4,0,0,0,0,0,-5402,11440,0,0,741,723,3239,5691,-976,426,-401,1190,2555,574,575,823,0,11214,996,-2392,-7150,-505,0,-1,706,0,0,-1976,0,0,0,0,4,0,0,0,562,0,0,-2,0,0,-242,0,0,0,0,0,-329,0,0,0,-318,0,0,0,-220,0,-2,0,16,0,0,0,0,-7,234,0,0,0,0,0,0,0,0,-29,0,0,-4,0,-1,-49,0,0,0,0,0,36,0,86,9,-16,-7379,463,0,0,-8,0,0,5858,5286,-5066,-1181,0,3566,-2923,-11702,1864,10225,13144,0,-10532,-9921,7053,-13977,2671,434,-4612,-612,2876,279,-336,2269,2812,0,0,0,0,25174,4642,-19427,29927,-1854,-6459,0,0,-18103,0,0,0,255,10831,-6415,1143,24273,-13280,-9748,145,-6570,0,0,-4131,-3032,0,0,25171,-20112,-15111,-44455,-17556,0,32637,-14098,-7579,-7418,-1532,0,0,-9305,6523,0,0,0,-14535,21598,0,0,0,383,-19976,0,0,0,0,15557,38180,-26909,-38441,5113,3480,20158,0,-13047,38380,42489,-36285,0,-25002,747,0,0,2015,-16665,0,0,-8937,1815,-32544,7560,1796,3854,2650,-1147,0,0,-31586,0,-5415,159,3211,1562,0,41912,2594,0,0,0,0,150,-166,-2758,357,0,-16770,-644,0,0,4036,-44027,3150,0,0,76680,-448,0,-4152,30502,-61601,15225,0,0,0,-2870,-20312,20723,0,0,0,24885,0,0,0,-22884,120,3334,7489,-8081,-7673,0,0,0,-45542,107541,17472,1775,7486,0,0,0,-38334,11908,4588,0,0,0,0,0,2656,5379,-4825,-53198,-36821,-127366,-96093,-1685,0,0,0,0,66557,0,0,0,32853,469,0,-11902,-51998,86803,11704,0,0,0,169404,25346,-223384,0,-94708,24807,-8,103353,23787,-32271,0,0,0,0,-13684,110052,21161,-24670,-7314,-49657,0,0,0,74004,14022,0,88933,0,0,0,3582,18656,0,3103,-17835,4989,22900,-94329,-106466,-66761,-115024,0,0,-106348,13825,220,0,0,-44958,-71297,57045,224308,-269215,-34595,138311,48451,-230982,-86718,-95016,112291,-148021,-16210,-324437,390346,23641,-136877,389812,-12777,0,0,-73735,-411444,25192,0,0,0,-1185,-51007,-723,-153,0,56116,-13958,-13058,-2382,0,0,0,1364,-72152,-65429,0,119240,-22754,-74575,80568,-1415
0,-13,0,-2,0,0,0,0,-4,0,0,0,0,0,-5402,11440,0,0,-2149,164,-5334,3295,1058,-556,-806,795,267,537,-2660,656,0,-6062,2154,-10472,-5703,-505,0,-1,706,0,0,-1976,0,0,0,0,-4,0,0,0,562,0,0,2,0,0,-242,0,0,0,0,0,-329,0,0,0,-318,0,0,0,-220,0,-2,0,16,0,0,0,0,7,234,0,0,0,0,0,0,0,0,-29,0,0,4,0,-1,-49,0,0,0,0,0,36,0,86,-9,16,-7379,463,0,0,8,0,0,-6944,3949,-2956,-4093,0,11993,3004,2952,303,-10225,-13144,0,18484,-5442,5446,-7317,2671,434,-4612,612,-2876,930,-3432,-768,117,0,0,0,0,-25174,-4642,-26321,-19272,-14813,-5878,0,0,-18103,0,0,0,255,10831,-8072,-11187,10673,22445,-9748,-145,6570,0,0,-4131,-3032,0,0,25171,12188,-51423,10059,4826,0,32637,-14098,-7579,-7418,-1532,0,0,9305,-6523,0,0,0,14535,-21598,0,0,0,-383,19976,0,0,0,0,15557,-5513,-51662,31185,3732,3480,20158,0,13047,-38380,42489,-36285,0,25002,-747,0,0,-2015,16665,0,0,-1966,-10344,-7500,-32130,-2112,-2099,3463,-2358,0,0,-31586,0,5415,159,3211,1562,0,41912,2594,0,0,0,0,-1544,2250,-146,561,0,-16770,-644,0,0,-4036,44027,3150,0,0,-76680,448,0,11367,-6258,12966,68100,0,0,0,2870,20312,20723,0,0,0,24885,0,0,0,22884,-120,3334,7489,-8081,-7673,0,0,0,-64878,-12111,-96349,17570,7486,0,0,0,-38334,11908,4588,0,0,0,0,0,2656,5379,-114308,-47570,71338,3575,-96093,-1685,0,0,0,0,66557,0,0,0,-32853,-469,0,-54554,-25962,-11977,-81998,0,0,0,169404,-25346,223384,0,-81068,-32249,-90694,-66554,-23787,32271,0,0,0,0,56185,-22115,64166,-74780,-7314,-49657,0,0,0,74004,14022,0,88933,0,0,0,3582,18656,0,3118,23541,1174,17655,162165,-39346,6222,-100181,0,0,-106348,-13825,-220,0,0,-44958,-71297,-126108,-2218,-70480,326139,138311,81719,27737,174673,-185177,-240478,144096,-205446,-138710,390346,23641,-136877,-389812,12777,0,0,-73735,411444,-25192,0,0,0,-1185,-51007,-723,-153,0,8341,21791,2611,54487,0,0,0,-1364,72152,-65429,0,119240,-22754,-74575,80568,-1415
0,-7,0,0,0,0,-2,0,0,0,0,0,-2,0,-5754,0,0,-15307,-6215,8395,5480,-14067,0,0,0,0,1978,-291,-1359,-699,2572,-184,-3441,-2297,-12265,0,0,0,757,0,0,0,-1062,0,-4,0,0,0,0,0,603,0,0,0,0,0,0,0,0,713,-11,-1,-353,0,0,0,0,0,11,-1,-235,0,0,0,0,0,0,0,0,0,255,1,9,0,0,0,0,0,0,0,0,0,0,0,0,-55,1,0,0,0,106,0,0,122,0,0,0,0,0,0,0,0,0,-1056,-151,-17114,-7689,0,-5998,5461,1173,-640,0,0,12497,0,0,0,0,18031,0,0,0,0,6330,8990,-3609,-4731,0,0,0,0,0,0,0,0,0,0,0,0,-24717,45572,-1899,596,0,0,-816,1877,3059,1774,-6616,0,0,0,2776,0,0,0,0,1422,0,0,0,0,0,0,0,0,0,0,10537,5995,0,0,0,0,0,0,0,0,-74547,63934,0,0,0,13443,0,0,0,2576,-6319,-740,-5572,0,0,0,0,0,-55962,0,0,0,0,0,0,0,0,0,0,0,0,0,0,-58349,54846,36871,-56609,0,0,0,0,0,0,0,22989,47286,0,0,-28756,-44731,0,0,-24546,-82684,69571,-115200,0,0,0,0,0,0,0,-12002,0,0,0,0,27876,-45954,-89568,11610,-65155,33075,-24503,0,0,0,17723,0,-16035,-38086,0,0,0,0,0,0,0,0,0,0,0,0,0,0,0,0,0,18788,13547,0,0,0,0,0,0,0,0,-164,838,0,0,-23299,-323583,105971,-93107,0,0,0,0,0,0,156718,0,0,-77718,0,0,0,14588,-9133,-44305,37529,-58022,-82255,0,0,0,0,0,0,0,0,0,0,0,67673,-87536,0,141366,-29668,-21029,139,14219,0,0,-22038,0,0,0,0,0,-140082,50138,-45543,-249592,0,0,0,26593,-5729,-13700,-35158,0,0,0,0,0,0,0,0,0,137297,-106544,0,0,274403,-212490,144296,-73609,-153885,34348,-1946,-19909,-50632,0,0,0,0,0,0,107906,0,0,-72391,-428798,0,0,0,0,0,-117358,0,0,0,0,-150539,161662,113021,75684,43910,0,4197,-60000,0,0,140868,0,0,0,0,-90319,32451
0,-7,0,0,0,0,2,0,0,0,0,0,2,0,-5754,0,0,-15307,10111,-10849,323,-10816,0,0,0,0,554,1288,-511,2026,2572,5105,6451,-9995,-15,0,0,0,757,0,0,0,-1062,0,4,0,0,0,0,0,603,0,0,0,0,0,0,0,0,713,11,1,-353,0,0,0,0,0,-11,1,-235,0,0,0,0,0,0,0,0,0,255,-1,-9,0,0,0,0,0,0,0,0,0,0,0,0,-55,-1,0,0,0,106,0,0,122,0,0,0,0,0,0,0,0,0,-1105,18513,1163,-2799,0,-4061,-5513,4485,-760,0,0,12497,0,0,0,0,18031,0,0,0,0,-10481,3953,-1547,-5331,0,0,0,0,0,0,0,0,0,0,0,0,-24717,-45572,1899,596,0,0,-1266,-3321,1964,-457,-6616,0,0,0,2776,0,0,0,0,1422,0,0,0,0,0,0,0,0,0,0,-10537,-5995,0,0,0,0,0,0,0,0,74547,-63934,0,0,0,13443,0,0,0,2181,-5123,-317,6860,0,0,0,0,0,-55962,0,0,0,0,0,0,0,0,0,0,0,0,0,0,51905,-19079,87742,-14836,0,0,0,0,0,0,0,22989,47286,0,0,28756,44731,0,0,104435,-36742,96827,62595,0,0,0,0,0,0,0,-12002,0,0,0,0,27876,33629,48154,71467,-77180,-33075,24503,0,0,0,17723,0,16035,38086,0,0,0,0,0,0,0,0,0,0,0,0,0,0,0,0,0,18788,13547,0,0,0,0,0,0,0,0,164,-838,0,0,-271547,74190,-20543,-213268,0,0,0,0,0,0,156718,0,0,-77718,0,0,0,24656,55170,118,3982,58022,82255,0,0,0,0,0,0,0,0,0,0,0,-67673,87536,0,141366,15308,-8682,-28968,19383,0,0,-22038,0,0,0,0,0,-140082,-50138,45543,-249592,0,0,0,-36365,-3234,4019,-28545,0,0,0,0,0,0,0,0,0,-137297,106544,0,0,-200251,-25968,220435,-239421,-153885,-3175,-46727,40973,-16469,0,0,0,0,0,0,107906,0,0,72391,428798,0,0,0,0,0,-117358,0,0,0,0,-150539,72774,-84533,-113683,145599,0,-4197,60000,0,0,140868,0,0,0,0,-90319,32451
0,-13,0,0,-2,0,0,0,4,0,0,0,0,0,-5402,0,-11440,0,-3975,-2660,232,4585,-417,-949,993,-806,1474,-1132,-1122,1775,0,878,9460,-2206,-9405,0,505,1,706,0,1976,0,0,0,0,0,0,-4,0,0,562,0,0,0,-2,-242,0,0,0,0,0,0,-329,0,0,0,0,-318,0,0,-220,0,2,16,0,0,0,0,7,0,234,0,0,0,0,0,0,0,-29,0,0,0,0,-4,1,-49,0,0,0,0,0,0,36,86,-16,-9,-463,-7379,0,-8,0,0,0,1297,3687,-1494,-8474,0,7217,208,-3172,9974,13144,-10225,0,-3004,5757,-19814,4436,2671,4612,434,-2876,-612,199,-1510,-1164,3094,0,0,0,0,-4642,25174,28603,-6879,10059,-18749,0,0,-18103,0,0,0,10831,-255,11421,-8761,23632,6503,-9748,6570,145,0,0,3032,-4131,0,0,25171,32394,36839,12950,-18524,0,-32637,7579,-14098,1532,-7418,0,0,-6523,-9305,0,0,0,21598,14535,0,0,0,-19976,-383,0,0,0,0,-15557,-16786,-50665,-28440,5309,-20158,3480,0,38380,13047,42489,36285,0,-747,-25002,0,0,-16665,-2015,0,0,-17377,-1637,26383,14097,1274,337,1592,-4706,0,0,31586,5415,0,3211,-159,1562,0,-2594,41912,0,0,0,0,-1890,-47,-1306,1583,0,644,-16770,0,0,-44027,-4036,3150,0,0,448,76680,0,46865,-7300,-38412,35341,0,0,0,20312,-2870,20723,0,0,0,-24885,0,0,0,-120,-22884,-7489,3334,7673,-8081,0,0,0,92422,-30836,25287,61770,7486,0,0,0,38334,4588,-11908,0,0,0,0,0,5379,-2656,-25574,-15579,96882,-100739,1685,-96093,0,0,0,0,66557,0,0,0,-469,32853,0,26997,-63584,35242,-67108,0,0,0,-169404,223384,25346,0,76379,98052,46450,-51588,32271,23787,0,0,0,0,-2743,37377,-7730,-109045,49657,-7314,0,0,0,14022,-74004,0,88933,0,0,0,18656,-3582,0,8326,4173,22919,16277,-3007,86181,-98068,144454,0,0,106348,220,-13825,0,0,71297,-44958,37477,286877,-16089,208039,138311,224690,-119556,74817,-43258,106310,201206,257619,147948,-23641,390346,-136877,12777,389812,0,0,73735,-25192,-411444,0,0,0,-51007,1185,153,-723,0,31042,30139,-36746,17257,0,0,0,-72152,-1364,-65429,0,-119240,-74575,22754,80568,-1415
0,-13,0,0,-2,0,0,0,4,0,0,0,0,0,-5402,0,-11440,0,2568,3546,-2327,4401,334,1079,214,-1178,1347,2244,-963,-296,0,4274,-6310,-10659,-3448,0,505,1,706,0,1976,0,0,0,0,0,0,4,0,0,562,0,0,0,2,-242,0,0,0,0,0,0,-329,0,0,0,0,-318,0,0,-220,0,2,16,0,0,0,0,-7,0,234,0,0,0,0,0,0,0,-29,0,0,0,0,4,1,-49,0,0,0,0,0,0,36,86,16,9,-463,-7379,0,8,0,0,0,-2383,5548,-6528,3199,0,8342,-126,-5578,-7808,-13144,10225,0,-4948,9605,7315,16858,2671,4612,434,2876,612,1009,-2258,2665,-165,0,0,0,0,4642,-25174,17145,-3776,6608,31086,0,0,-18103,0,0,0,10831,-255,-25909,-1283,11313,2662,-9748,-6570,-145,0,0,3032,-4131,0,0,25171,-24470,29695,21446,31254,0,-32637,7579,-14098,1532,-7418,0,0,6523,9305,0,0,0,-21598,-14535,0,0,0,19976,383,0,0,0,0,-15557,49454,-27906,21184,3536,-20158,3480,0,-38380,-13047,42489,36285,0,747,25002,0,0,16665,2015,0,0,28280,10166,13662,10473,-1591,1417,4521,1201,0,0,31586,-5415,0,3211,-159,1562,0,-2594,41912,0,0,0,0,495,2132,-1599,-665,0,644,-16770,0,0,44027,4036,3150,0,0,-448,-76680,0,-39650,31544,-10223,47983,0,0,0,-20312,2870,20723,0,0,0,-24885,0,0,0,120,22884,-7489,3334,7673,-8081,0,0,0,17998,-64594,53590,-81114,7486,0,0,0,38334,4588,-11908,0,0,0,0,0,5379,-2656,-93559,-85189,-62365,-23052,1685,-96093,0,0,0,0,66557,0,0,0,469,-32853,0,-93453,-14376,39585,-3186,0,0,0,-169404,-223384,-25346,0,99397,-90610,44252,14788,-32271,-23787,0,0,0,0,45245,50560,93058,9595,49657,-7314,0,0,0,14022,-74004,0,88933,0,0,0,18656,-3582,0,-2105,1533,-16756,24278,-64829,59632,158607,70751,0,0,106348,-220,13825,0,0,71297,-44958,-106539,-64787,-323606,83505,138311,-94521,-83688,13138,-236934,21876,-197281,-35963,315199,-23641,390346,-136877,-12777,-389812,0,0,73735,25192,411444,0,0,0,-51007,1185,153,-723,0,33415,-22306,26298,34847,0,0,0,72152,1364,-65429,0,-119240,-74575,22754,80568,-1415
2726,-1777,0,-17,3941,0,0,0,-908,-4246,0,0,0,0,-4548,4876,552,6588,-89,-644,-1389,-5568,-14657,7480,8272,-6140,-29,1714,-9808,2045,7478,10790,-119,2407,-3050,-225,430,2561,1640,0,2895,-848,590,0,0,0,212,0,0,3,1692,0,-1,-3,0,556,-105,0,-3,-365,0,0,-110,0,0,1,-127,270,0,0,-1713,0,-2381,-4065,9,0,0,0,0,-465,-268,0,0,-623,0,0,0,0,-1428,4,0,-2942,806,0,2954,268,0,0,0,0,-31,112,-4035,2734,3,-5,6145,5987,0,0,7935,0,-6856,5812,-4128,3196,3869,-10122,-5850,1173,7256,-1374,3333,4284,7413,319,-12642,9881,-17613,-3474,1433,9550,78,-367,3230,-9679,5433,9409,30,0,-2122,-4644,8617,1589,8528,-12352,975,2798,-1856,24413,-2560,0,0,-58,-8079,-13491,-121,-5045,-7516,15463,10970,54,-2433,0,2065,27948,15094,-10099,125,-11901,10240,-50409,6444,3363,0,-1001,-5657,-18994,10764,6896,0,0,-8840,6197,-8511,46092,-42926,27045,-40187,0,0,0,-361,18827,0,12478,11153,89868,37955,6205,-30554,5835,2938,-1352,-6782,0,4415,-12987,-45552,3980,0,8907,-266,-533,2241,6965,-57602,512,-36513,-8456,3736,-30731,13503,-31835,-58544,-20552,5449,2368,-162,7355,0,3286,-26144,-11414,11756,-30117,17766,-1261,0,0,-10134,0,-42859,63069,-36532,20396,0,-7638,56001,32386,0,6303,-68758,-13775,0,0,-33701,197,-10872,264,3575,-7196,6870,0,0,-41042,-1628,-11524,-6161,0,0,0,-59148,525,11790,0,-11456,60,69956,-5713,28246,-27965,25567,-1922,30744,-31373,110216,38536,-2065,21036,18233,-25536,0,19650,51822,-19902,0,66155,-13041,0,0,54878,-863,-76304,-44833,37443,-30193,54072,32002,0,-25861,41989,12292,-6190,-20103,2774,58781,1607,23,0,-95518,-11516,-86470,-165247,0,0,0,-23423,20471,-180418,0,-11152,56866,91468,168529,-44933,60957,0,0,0,653,-7452,106221,27794,-32400,50055,78381,8739,342,10946,71927,-15306,0,63992,0,0,-78805,-92350,85535,-53615,27705,-158579,44482,204379,84331,88616,56480,94036,0,0,-115473,91493,1454,0,0,136737,-4110,45596,-35042,73814,-136048,80362,-31959,14986,-48445,70877,29429,32816,95218,260183,60496,29272,-53986,-190340,6239,0,0,26382,142511,-8726,27004,-14364,2853,-9771,12813,-27624,2624,-26288,-211148,28127,44482,-47090,0,0,0,74,-3892,26728,0,-22163,15682,-346,38070,-64958
0,-1309,3407,-2660,2660,-5778,-14,-1157,0,0,0,-2116,406,1901,1770,-2375,-2375,4165,13116,11194,405,1044,0,0,0,0,-7010,6133,-9287,-4326,973,12714,-4647,3495,459,1473,1473,0,2773,1844,-453,-453,-1906,2454,157,-1832,0,0,-3837,0,976,0,0,0,0,-794,794,0,0,2378,-30,315,-62,0,0,0,2524,-2524,-627,-4657,1897,874,0,-1014,1014,0,71,642,0,0,-65,696,-96,0,0,0,0,0,1914,-1914,0,0,0,0,0,647,-769,2154,-884,0,-2719,-2944,2944,-3609,0,0,1934,-2192,5799,0,0,0,0,-14369,-2237,4217,-7369,0,2735,1501,3118,-7105,0,0,13916,0,0,0,0,-1768,10079,12172,0,0,800,-6070,-9290,-3376,0,0,0,0,0,0,0,0,0,0,0,0,-4953,30,711,-1098,-10085,10571,26688,-222,14090,-11781,14560,0,0,691,-8217,-21670,3324,0,0,16978,0,0,0,0,11044,0,-58162,17489,-23910,15726,-3110,5466,0,0,0,0,0,0,0,0,5855,6827,0,0,0,-1924,0,0,0,31105,12017,9330,-484,33195,23421,79653,0,0,17568,0,20726,0,0,0,0,0,0,0,0,0,0,0,0,19007,32547,-2413,10370,0,0,0,0,0,14867,-16416,39036,39411,21578,-19063,6163,-3962,0,46838,-61748,-65355,2136,61355,-65178,-6512,6030,0,0,0,0,-28447,0,-67446,0,0,-7632,96865,-2379,-141446,-90255,3534,4771,0,0,0,-98795,85741,61743,-25996,0,0,0,0,0,0,-14570,-5592,-4993,130,0,0,0,0,0,0,0,10836,31981,0,0,0,-12,-27,-4252,0,0,-8976,-1752,10167,-30004,45449,-15079,-84363,-54987,-16529,15959,0,0,0,0,29746,0,0,-78911,0,0,64983,-82089,37492,-43128,-9883,33408,-23565,0,0,0,0,-51424,0,0,0,0,0,0,-209315,-161819,-180504,-70579,138367,-219256,114288,-36682,80481,59818,-159751,0,0,-44303,-65015,0,107504,-45868,-50496,81145,23484,-34646,0,-12943,-36152,-46155,14086,0,0,0,0,0,9465,0,0,0,20806,26812,50805,11510,-33511,-96705,-111313,-63969,-59643,336175,133594,231431,131920,0,0,0,0,-21929,19425,165130,0,0,333344,-56276,0,0,0,0,0,-47675,-51770,54232,-9373,6094,20450,-76068,203475,-159651,31501,-7656,-31148,-2179,0,0,8521,25509,0,-21068,39570,39327,-117571
-2726,-1777,0,-3941,17,0,0,0,908,0,4246,0,0,0,-4548,552,4876,6588,2340,-3925,-3531,-70,10494,-9471,-10874,-7670,-7118,2756,-4935,4549,7478,10857,1126,3238,1387,430,-225,-2561,1640,0,-848,2895,590,0,0,0,0,-212,0,-3,1692,1,0,0,3,105,-556,3,0,-365,0,0,-110,0,1,0,-270,127,0,0,-1713,0,2381,-9,4065,0,0,0,465,0,-268,0,0,0,623,0,0,0,-4,1428,-2942,0,0,806,-2954,268,0,0,0,0,-31,4035,-112,2734,5,3,-6708,-5349,0,7935,0,-6856,0,5274,-4205,-5523,-49,10122,3182,-7050,5491,-409,-4284,3333,7413,5774,-18433,-3191,13581,-3474,9115,3189,367,78,13816,5354,-602,1497,0,30,-4644,2122,1589,-8617,-2740,7947,12781,-240,24413,1856,-2560,0,0,-58,13856,7436,-602,-3938,-5712,16510,10970,2433,54,0,2065,22139,-22777,125,10099,-11901,5610,19297,-44850,16833,0,1001,5757,18964,-2069,-12615,0,0,-6197,-8840,46092,8511,42926,40187,27045,0,0,0,18827,361,0,12478,89868,-11153,-37955,-6213,-98,9402,29794,-6842,1000,0,12987,4415,-45552,-3980,0,266,8907,-2241,-533,57602,6965,-36513,-512,-748,10908,15721,-29077,-57559,-34364,-4298,-19507,162,2368,-7355,-3286,0,13941,24888,11756,-30117,3442,-17475,0,0,10134,0,-60255,4470,12774,-61248,0,-56422,3319,0,32386,68758,6303,-13775,0,0,-197,-33701,-10872,-5203,-7082,-5814,-882,0,0,41042,-11524,1628,-6161,0,0,0,59148,-11790,525,0,-60,-11456,48169,51051,29659,26462,-25567,30744,1922,-50455,-95478,-34587,41988,21036,18233,0,-25536,-19650,-49527,25073,0,-13041,-66155,0,0,-43048,-34046,-67716,74436,-1616,4125,-30087,-55161,0,41989,25861,-12292,-6190,2774,20103,58781,23,-1607,0,-66414,-29737,-174865,-90372,0,0,0,23423,180418,20471,0,14869,-56209,-92355,-167978,-60957,-44933,0,0,0,653,-103561,38097,28244,13662,89484,25332,8739,-10946,342,-40556,61342,0,63992,0,0,-78805,-45249,117461,53615,178865,-191143,-33394,4532,-95513,-119692,-19193,56389,0,0,115473,-1454,91493,0,0,121614,62641,-106388,82650,-6107,-95278,80362,30230,11462,-84492,-20794,-151640,-129272,191420,-48546,-21757,-63586,-53986,-6239,-190340,0,0,-26382,-8726,-142511,14364,27004,2853,-12345,10355,-13607,24183,-26288,-5224,172092,140888,8842,0,0,0,-3892,-74,26728,0,22163,-8467,-13204,38070,-64958
2726,-1777,0,-17,3941,0,0,0,-908,4246,0,0,0,0,-4548,4876,552,6588,-1612,315,-3657,4158,-13919,6310,-2575,11692,-9103,-1860,-3103,-2713,7478,9010,-1208,6854,1392,-225,430,2561,1640,0,2895,-848,590,0,0,0,-212,0,0,3,1692,0,1,3,0,556,-105,0,3,-365,0,0,-110,0,0,-1,-127,270,0,0,-1713,0,-2381,-4065,9,0,0,0,0,465,-268,0,0,623,0,0,0,0,-1428,4,0,2942,-806,0,2954,268,0,0,0,0,-31,112,-4035,2734,-3,5,6145,5987,0,0,-7935,0,6856,4711,5227,-4931,-1475,-10122,9297,1252,-1262,735,-3333,-4284,7413,-11848,10862,-9242,14966,-3474,1433,9550,-78,367,-3711,11965,-3190,-7419,-30,0,2122,4644,-8617,-1589,-11342,-7724,-6263,-2561,1856,-24413,-2560,0,0,-58,-8079,-13491,-1349,-5897,-4553,16240,10970,-54,2433,0,2065,27948,15094,10099,-125,-11901,18411,18200,41912,16491,0,-1001,-5657,-18994,10764,6896,0,0,8840,-6197,8511,-46092,-42926,-27045,40187,0,0,0,361,-18827,0,12478,-11153,-89868,37955,-16724,24594,10928,-3270,-1352,-6782,0,-4415,12987,-45552,3980,0,-8907,266,533,-2241,-6965,57602,-512,36513,262,10556,1292,33151,-34676,-42775,34384,-26048,-2368,162,7355,0,-3286,-26144,-11414,11756,-30117,17766,-1261,0,0,-10134,0,13759,-21570,81397,-16886,0,-7638,56001,-32386,0,-6303,68758,-13775,0,0,33701,-197,-10872,-1202,-1353,2689,-10065,0,0,-41042,1628,11524,-6161,0,0,0,-59148,-525,-11790,0,11456,-60,69956,-5713,28246,-27965,25567,1922,-30744,54940,35619,100192,-17186,21036,18233,25536,0,19650,51822,-19902,0,-66155,13041,0,0,54878,-863,32373,47091,5956,82733,54072,32002,0,25861,-41989,12292,-6190,20103,-2774,58781,-1607,-23,0,-17221,80335,-174629,-82428,0,0,0,-23423,-20471,180418,0,-15987,56662,88973,169541,44933,-60957,0,0,0,653,-53971,9971,-65601,76453,50055,78381,8739,-342,-10946,71927,-15306,0,63992,0,0,-78805,-92350,85535,-53615,-27839,-209527,-10546,-157723,139531,-30035,7218,-81081,0,0,-115473,-91493,-1454,0,0,136737,-4110,4525,97033,-128200,37330,80362,24481,-73139,-10308,-50612,-103762,28737,-135093,-221047,60496,29272,-53986,190340,-6239,0,0,26382,-142511,8726,-27004,14364,2853,-9771,12813,-27624,2624,-26288,87475,64415,-3921,194304,0,0,0,-74,3892,26728,0,-22163,15682,-346,38070,-64958
0,-1309,-3407,-2660,2660,5778,14,1157,0,0,0,2116,-406,-1901,1770,-2375,-2375,4165,-9819,-10557,9374,1690,0,0,0,0,-6542,-6349,-9873,3333,973,11056,3055,7623,-2450,1473,1473,0,2773,-1844,-453,-453,-1906,-2454,-157,1832,0,0,3837,0,976,0,0,0,0,-794,794,0,0,2378,30,-315,-62,0,0,0,2524,-2524,627,4657,1897,-874,0,-1014,1014,0,-71,-642,0,0,-65,-696,96,0,0,0,0,0,1914,-1914,0,0,0,0,0,647,769,-2154,884,0,-2719,-2944,2944,-3609,0,0,1934,-2192,-5799,0,0,0,0,-16781,-1017,917,282,0,1890,1752,4924,6248,0,0,13916,0,0,0,0,-1768,10079,12172,0,0,1984,-7165,-3691,-8142,0,0,0,0,0,0,0,0,0,0,0,0,-4953,-30,-711,-1098,-10085,10571,-25347,10201,-3082,-17134,14560,0,0,-691,-8217,-21670,3324,0,0,16978,0,0,0,0,-11044,0,-58162,17489,-23910,15726,3110,-5466,0,0,0,0,0,0,0,0,-5855,-6827,0,0,0,-1924,0,0,0,-19177,-5259,-28339,861,33195,23421,-79653,0,0,17568,0,-20726,0,0,0,0,0,0,0,0,0,0,0,0,22789,31122,-6279,2574,0,0,0,0,0,14867,-16416,39036,39411,21578,-19063,-6163,3962,0,-46838,69402,54439,-13937,-62278,65178,-6512,6030,0,0,0,0,-28447,0,67446,0,0,-7632,-139697,103837,-64367,-55686,-3534,-4771,0,0,0,-98795,-85741,-61743,25996,0,0,0,0,0,0,-14570,-5592,-4993,130,0,0,0,0,0,0,0,10836,31981,0,0,0,-12,-27,4252,0,0,8976,1752,10167,-30004,69149,9188,-28848,-82070,-16529,15959,0,0,0,0,29746,0,0,-78911,0,0,-64983,42899,-13569,-47635,-76214,-33408,23565,0,0,0,0,51424,0,0,0,0,0,0,209315,161819,180504,-70579,99141,-230032,31902,-133660,80481,59818,-159751,0,0,-44303,-65015,0,107504,45868,50496,81145,23484,-34646,0,12919,-29607,52217,-5751,0,0,0,0,0,-9465,0,0,0,-20806,-26812,50805,11510,58202,127244,84521,15338,-59643,-292731,204261,109912,-249658,0,0,0,0,-21929,19425,165130,0,0,-333344,56276,0,0,0,0,0,-47675,-51770,54232,-9373,6094,20450,-62343,-99905,205046,133257,7656,31148,2179,0,0,8521,-25509,0,-21068,39570,39327,-117571
-2726,-1777,0,-3941,17,0,0,0,908,0,-4246,0,0,0,-4548,552,4876,6588,-4041,3597,-1515,-1341,18082,-4319,5177,2118,-2014,-2902,-7976,-5217,7478,8943,-2453,6023,-3045,430,-225,-2561,1640,0,-848,2895,590,0,0,0,0,212,0,-3,1692,-1,0,0,-3,105,-556,-3,0,-365,0,0,-110,0,-1,0,-270,127,0,0,-1713,0,2381,-9,4065,0,0,0,-465,0,-268,0,0,0,-623,0,0,0,-4,1428,2942,0,0,-806,-2954,268,0,0,0,0,-31,4035,-112,2734,-5,-3,-6708,-5349,0,-7935,0,6856,0,5249,5304,3789,2443,10122,266,9474,503,-229,4284,-3333,7413,5755,20213,2553,-10935,-3474,9115,3189,-367,-78,-14297,-3068,2845,494,0,-30,4644,-2122,-1589,8617,5554,12128,-7493,3,-24413,-1856,-2560,0,0,-58,13856,7436,-868,-7003,-6357,15194,10970,-2433,-54,0,2065,22139,-22777,-125,-10099,-11901,-34261,12912,-3505,-36686,0,1001,5757,18964,-2069,-12615,0,0,6197,8840,-46092,-8511,42926,-40187,-27045,0,0,0,-18827,-361,0,12478,-89868,11153,-37955,-4307,-5862,7361,-30126,-6842,1000,0,-12987,-4415,-45552,-3980,0,-266,-8907,2241,533,-57602,-6965,36513,512,8942,-25201,13718,-17578,-8952,-66954,18129,-1091,-162,-2368,-7355,3286,0,13941,24888,11756,-30117,3442,-17475,0,0,10134,0,31155,37029,32091,64757,0,-56422,3319,0,-32386,-68758,-6303,-13775,0,0,197,33701,-10872,4265,9304,1307,-2313,0,0,41042,11524,-1628,-6161,0,0,0,59148,11790,-525,0,60,11456,48169,51051,29659,26462,-25567,-30744,-1922,26887,-50357,-104141,-22736,21036,18233,0,25536,-19650,-49527,25073,0,13041,66155,0,0,-43048,-34046,23786,-72178,45015,48415,-30087,-55161,0,-41989,-25861,-12292,-6190,-2774,-20103,58781,-23,1607,0,-46325,98557,-86234,-157303,0,0,0,23423,-180418,-20471,0,12271,-57319,-88086,-170092,60957,44933,0,0,0,653,42139,78094,-66051,30391,89484,25332,8739,10946,-342,-40556,61342,0,63992,0,0,-78805,-45249,117461,53615,-179000,-176962,67330,42124,-128348,61111,-44505,-69344,0,0,115473,1454,-91493,0,0,121614,62641,156509,-20659,-48278,-3440,80362,-37708,-69615,25739,41059,225973,67719,-151545,9411,-21757,-63586,-53986,6239,190340,0,0,-26382,8726,142511,-14364,-27004,2853,-12345,10355,-13607,24183,-26288,-118449,-79551,-100326,138372,0,0,0,3892,74,26728,0,22163,-8467,-13204,38070,-64958
0,8,0,-49,49,0,0,0,0,0,0,0,0,0,10007,11126,11126,4661,-6075,-1175,-18022,-5038,0,0,0,0,13060,209,18465,956,-915,14735,-987,6892,-1234,-504,-504,0,-1319,0,-1939,-1939,321,0,0,0,0,0,0,0,-1048,0,0,0,0,261,-261,0,0,-218,0,0,608,0,0,0,-290,290,0,0,404,0,0,-17,17,0,0,0,0,0,-439,0,0,0,0,0,0,0,-33,33,0,0,0,0,0,96,0,0,0,0,-41,321,-321,-190,0,0,18655,-21152,0,0,0,0,0,-20407,-2131,3364,-4643,0,-15665,-11017,-27237,2901,0,0,1871,0,0,0,0,-19139,-7733,-9339,0,0,2262,-10755,-10550,-9361,0,0,0,0,0,0,0,0,0,0,0,0,-35554,0,0,63194,-18945,19858,1283,9548,10532,-27666,8691,0,0,0,5938,-37126,5695,0,0,18874,0,0,0,0,0,0,-3412,1026,18271,-12017,0,0,0,0,0,0,0,0,0,0,0,0,0,0,0,-4998,0,0,0,141,80,-225,4,-2770,-1954,0,0,0,-22705,0,0,0,0,0,0,0,0,0,0,0,0,0,0,-71845,-109443,14941,-22251,0,0,0,0,0,-10996,12141,-47323,1580,9176,-8106,0,0,0,0,-5923,8447,9133,714,0,-52014,48165,0,0,0,0,-33916,0,0,0,0,61634,1807,-4280,8683,6157,0,0,0,0,0,88821,0,0,0,0,0,0,0,0,0,63585,24405,54418,-1413,0,0,0,0,0,0,0,3415,-22318,0,0,0,31494,70970,0,0,0,0,0,-7568,22334,-30753,1581,30381,36781,3498,-3377,0,0,0,0,-57778,0,0,-65014,0,0,0,-41245,25177,-95521,-90610,0,0,0,0,0,0,0,0,0,0,0,0,0,0,0,0,-47467,-23529,44510,-14483,16875,-88925,-66094,59567,0,0,-9054,-13287,0,2271,0,0,-29605,-8533,12588,0,88,241736,-22286,-30639,0,0,0,0,0,0,0,0,0,0,0,77963,17663,-35372,-43748,38381,69667,-52283,8443,65658,66336,-22881,0,0,0,0,-101664,90053,92028,0,0,0,0,0,0,0,0,0,-73494,42770,-44804,45468,-29561,33058,-41501,31054,13611,49400,0,0,0,0,0,-1867,0,0,-46551,87431,-8326,-6127
0,-13,0,0,2,0,0,0,4,0,0,0,0,0,-5402,0,11440,0,4393,-3195,3355,1785,595,-777,-1096,-742,1938,-861,1145,-1435,0,5870,-5755,8069,-7134,0,-505,1,706,0,-1976,0,0,0,0,0,0,4,0,0,562,0,0,0,-2,242,0,0,0,0,0,0,-329,0,0,0,0,318,0,0,-220,0,2,-16,0,0,0,0,-7,0,234,0,0,0,0,0,0,0,29,0,0,0,0,4,1,-49,0,0,0,0,0,0,-36,86,-16,-9,463,7379,0,8,0,0,0,6413,-4024,-5650,227,0,-2716,-11450,-4766,688,13144,-10225,0,14501,14869,1074,-4682,2671,-4612,-434,2876,612,-2773,815,1818,1260,0,0,0,0,-4642,25174,-12995,-29412,16859,11,0,0,-18103,0,0,0,-10831,255,2394,24242,10609,-10101,-9748,-6570,-145,0,0,-3032,4131,0,0,25171,-3182,-21252,47305,-14759,0,-32637,-7579,14098,-1532,7418,0,0,6523,9305,0,0,0,21598,14535,0,0,0,19976,383,0,0,0,0,-15557,23204,8270,-36267,-41995,20158,-3480,0,38380,13047,42489,36285,0,747,25002,0,0,-16665,-2015,0,0,9544,-28657,11269,-12655,-750,4790,-1654,-419,0,0,31586,-5415,0,-3211,159,1562,0,2594,-41912,0,0,0,0,1973,-807,-1068,1450,0,-644,16770,0,0,-44027,-4036,3150,0,0,-448,-76680,0,15535,58691,-19763,-29957,0,0,0,20312,-2870,20723,0,0,0,-24885,0,0,0,120,22884,7489,-3334,-7673,8081,0,0,0,39804,-30964,-101401,-33503,7486,0,0,0,38334,-4588,11908,0,0,0,0,0,-5379,2656,104894,-83174,-28520,-41195,-1685,96093,0,0,0,0,66557,0,0,0,-469,32853,0,29851,41428,87003,18446,0,0,0,-169404,-223384,-25346,0,54044,-8344,-122929,-46530,-32271,-23787,0,0,0,0,31623,84355,-64578,32697,-49657,7314,0,0,0,-14022,74004,0,88933,0,0,0,-18656,3582,0,-20048,-19893,7548,4727,148423,-77537,52044,84680,0,0,106348,220,-13825,0,0,-71297,44958,-129460,200123,-63911,-257582,138311,61709,-35864,-257809,-26246,-358096,51264,70421,64974,23641,-390346,-136877,-12777,-389812,0,0,73735,-25192,-411444,0,0,0,51007,-1185,-153,723,0,36107,9284,18198,-42414,0,0,0,72152,1364,-65429,0,-119240,74575,-22754,80568,-1415
0,-13,0,0,2,0,0,0,4,0,0,0,0,0,-5402,0,11440,0,-1503,3754,5218,611,1439,-204,691,347,351,898,2090,1602,0,11406,4598,11,5687,0,-505,1,706,0,-1976,0,0,0,0,0,0,-4,0,0,562,0,0,0,2,242,0,0,0,0,0,0,-329,0,0,0,0,318,0,0,-220,0,2,-16,0,0,0,0,7,0,234,0,0,0,0,0,0,0,29,0,0,0,0,-4,1,-49,0,0,0,0,0,0,-36,86,16,9,463,7379,0,-8,0,0,0,6388,5361,3540,2686,0,-5712,5523,-9889,873,-13144,10225,0,14514,-10390,-2681,11342,2671,-4612,-434,-2876,-612,2121,2281,1218,1435,0,0,0,0,4642,-25174,6100,-19787,-29818,570,0,0,-18103,0,0,0,-10831,255,-737,-11912,2991,-25624,-9748,6570,145,0,0,-3032,4131,0,0,25171,35483,-15060,7210,37142,0,-32637,-7579,14098,-1532,7418,0,0,-6523,-9305,0,0,0,-21598,-14535,0,0,0,-19976,-383,0,0,0,0,-15557,20489,16482,-33359,43376,20158,-3480,0,-38380,-13047,42489,36285,0,-747,-25002,0,0,16665,2015,0,0,-2573,16498,13775,-27035,4658,1163,841,1630,0,0,31586,5415,0,-3211,159,1562,0,2594,-41912,0,0,0,0,-279,-1609,-1544,-1654,0,-644,16770,0,0,44027,4036,3150,0,0,448,76680,0,-31053,-21932,-54804,-22918,0,0,0,-20312,2870,20723,0,0,0,-24885,0,0,0,-120,-22884,7489,-3334,-7673,8081,0,0,0,-59140,-88688,-12421,49298,7486,0,0,0,38334,-4588,11908,0,0,0,0,0,-5379,2656,4589,77546,-79638,-89746,-1685,96093,0,0,0,0,66557,0,0,0,469,-32853,0,12801,-67464,11776,75255,0,0,0,-169404,223384,25346,0,-40405,-48713,32243,-123377,32271,23787,0,0,0,0,-101492,47813,21572,17413,-49657,7314,0,0,0,-14022,74004,0,88933,0,0,0,-18656,3582,0,20033,-21482,-3733,517,108071,144657,20939,-69837,0,0,106348,-220,13825,0,0,-71297,44958,312613,26404,-134824,-103152,138311,-94976,-222856,-3582,116406,5328,240853,-259657,120753,23641,-390346,-136877,12777,389812,0,0,73735,25192,411444,0,0,0,51007,-1185,-153,723,0,11668,-45033,-33867,-14455,0,0,0,-72152,-1364,-65429,0,-119240,74575,-22754,80568,-1415
0,-7,0,0,0,-2,0,0,0,0,0,0,0,2,-5754,0,0,15307,5058,7818,-15413,-3573,0,0,0,0,1083,-1498,1380,1004,-2572,6630,6981,7898,-3537,0,0,0,757,0,0,0,1062,-4,0,0,0,0,0,0,603,0,0,0,0,0,0,0,0,-713,1,-11,-353,0,0,0,0,0,1,11,-235,0,0,0,0,0,0,0,0,0,255,-9,1,0,0,0,0,0,0,0,0,0,0,0,0,-55,0,1,0,0,-106,0,0,122,0,0,0,0,0,0,0,0,0,16388,-521,2907,-8710,0,3088,1808,3960,-6253,0,0,-12497,0,0,0,0,18031,0,0,0,0,2510,-6603,1360,-10225,0,0,0,0,0,0,0,0,0,0,0,0,-24717,-1899,-45572,-596,0,0,2802,349,1863,-2292,-6616,0,0,0,-2776,0,0,0,0,1422,0,0,0,0,0,0,0,0,0,0,5995,-10537,0,0,0,0,0,0,0,0,-63934,-74547,0,0,0,-13443,0,0,0,-1642,145,-8683,230,0,0,0,0,0,-55962,0,0,0,0,0,0,0,0,0,0,0,0,0,0,69030,49669,-38129,-47863,0,0,0,0,0,0,0,22989,-47286,0,0,44731,-28756,0,0,19782,131595,66444,-58541,0,0,0,0,0,0,0,-12002,0,0,0,0,-27876,-60638,1781,87764,55959,-24503,-33075,0,0,0,17723,0,-38086,16035,0,0,0,0,0,0,0,0,0,0,0,0,0,0,0,0,0,18788,-13547,0,0,0,0,0,0,0,0,838,164,0,0,219611,79177,63220,-258171,0,0,0,0,0,0,156718,0,0,77718,0,0,0,-48158,22217,-27884,-8793,-82255,58022,0,0,0,0,0,0,0,0,0,0,0,87536,67673,0,-141366,19910,-20101,24292,11577,0,0,22038,0,0,0,0,0,-140082,45543,50138,249592,0,0,0,-8181,30422,-34157,2165,0,0,0,0,0,0,0,0,0,-106544,-137297,0,0,-175641,-310402,-58399,126804,-153885,34239,-35274,-23914,33987,0,0,0,0,0,0,107906,0,0,428798,-72391,0,0,0,0,0,117358,0,0,0,0,150539,82567,30362,-143144,-135408,0,-60000,-4197,0,0,140868,0,0,0,0,-90319,32451
0,-7,0,0,0,2,0,0,0,0,0,0,0,-2,-5754,0,0,15307,-13061,-9366,-8327,-3063,0,0,0,0,970,1531,1522,-854,-2572,9875,-8086,-178,2154,0,0,0,757,0,0,0,1062,4,0,0,0,0,0,0,603,0,0,0,0,0,0,0,0,-713,-1,11,-353,0,0,0,0,0,-1,-11,-235,0,0,0,0,0,0,0,0,0,255,9,-1,0,0,0,0,0,0,0,0,0,0,0,0,-55,0,-1,0,0,-106,0,0,122,0,0,0,0,0,0,0,0,0,9069,3180,-7104,14502,0,2361,2024,5515,5244,0,0,-12497,0,0,0,0,18031,0,0,0,0,-273,-4032,-11791,969,0,0,0,0,0,0,0,0,0,0,0,0,-24717,1899,45572,-596,0,0,-2564,1424,92,-2844,-6616,0,0,0,-2776,0,0,0,0,1422,0,0,0,0,0,0,0,0,0,0,-5995,10537,0,0,0,0,0,0,0,0,63934,74547,0,0,0,-13443,0,0,0,8004,3459,-1456,-29,0,0,0,0,0,-55962,0,0,0,0,0,0,0,0,0,0,0,0,0,0,10629,71678,21563,72534,0,0,0,0,0,0,0,22989,-47286,0,0,-44731,28756,0,0,-116832,6809,83186,70244,0,0,0,0,0,0,0,-12002,0,0,0,0,-27876,87146,-64573,39612,34363,24503,33075,0,0,0,17723,0,38086,-16035,0,0,0,0,0,0,0,0,0,0,0,0,0,0,0,0,0,18788,-13547,0,0,0,0,0,0,0,0,-838,-164,0,0,51354,-93105,-330906,-65901,0,0,0,0,0,0,156718,0,0,77718,0,0,0,22971,-6842,-30448,-46540,82255,-58022,0,0,0,0,0,0,0,0,0,0,0,-87536,-67673,0,-141366,3696,-24555,-9762,-28508,0,0,22038,0,0,0,0,0,-140082,-45543,-50138,249592,0,0,0,8204,34569,28165,-10403,0,0,0,0,0,0,0,0,0,106544,137297,0,0,-21011,67180,271782,260516,-153885,-42206,-26684,-38685,-12395,0,0,0,0,0,0,107906,0,0,-428798,72391,0,0,0,0,0,117358,0,0,0,0,150539,91196,-160384,86154,-71431,0,60000,4197,0,0,140868,0,0,0,0,-90319,32451
2726,-1777,0,-17,3941,0,0,0,-908,-4246,0,0,0,0,-4548,4876,552,6588,89,644,1389,5568,14657,-7480,-8272,6140,29,-1714,9808,-2045,7478,-10790,119,-2407,3050,-225,430,2561,1640,0,2895,-848,590,0,0,0,212,0,0,3,1692,0,-1,-3,0,556,-105,0,-3,-365,0,0,-110,0,0,1,-127,270,0,0,-1713,0,-2381,-4065,9,0,0,0,0,-465,-268,0,0,-623,0,0,0,0,-1428,4,0,-2942,806,0,2954,268,0,0,0,0,-31,112,-4035,2734,3,-5,6145,5987,0,0,7935,0,-6856,-5812,4128,-3196,-3869,-10122,5850,-1173,-7256,1374,3333,4284,7413,-319,12642,-9881,17613,-3474,1433,9550,78,-367,-3230,9679,-5433,-9409,30,0,-2122,-4644,8617,1589,-8528,12352,-975,-2798,-1856,24413,-2560,0,0,-58,-8079,-13491,121,5045,7516,-15463,10970,54,-2433,0,2065,27948,15094,-10099,125,-11901,-10240,50409,-6444,-3363,0,-1001,-5657,-18994,10764,6896,0,0,-8840,6197,-8511,46092,-42926,27045,-40187,0,0,0,-361,18827,0,12478,11153,89868,37955,-6205,30554,-5835,-2938,-1352,-6782,0,4415,-12987,-45552,3980,0,8907,-266,-533,2241,6965,-57602,512,-36513,8456,-3736,30731,-13503,31835,58544,20552,-5449,2368,-162,7355,0,3286,-26144,-11414,11756,-30117,17766,-1261,0,0,-10134,0,42859,-63069,36532,-20396,0,-7638,56001,32386,0,6303,-68758,-13775,0,0,-33701,197,-10872,-264,-3575,7196,-6870,0,0,-41042,-1628,-11524,-6161,0,0,0,-59148,525,11790,0,-11456,60,69956,-5713,28246,-27965,25567,-1922,30744,31373,-110216,-38536,2065,21036,18233,-25536,0,19650,51822,-19902,0,66155,-13041,0,0,54878,-863,76304,44833,-37443,30193,54072,32002,0,-25861,41989,12292,-6190,-20103,2774,58781,1607,23,0,95518,11516,86470,165247,0,0,0,-23423,20471,-180418,0,11152,-56866,-91468,-168529,-44933,60957,0,0,0,653,7452,-106221,-27794,32400,50055,78381,8739,342,10946,71927,-15306,0,63992,0,0,-78805,-92350,85535,-53615,-27705,158579,-44482,-204379,-84331,-88616,-56480,-94036,0,0,-115473,91493,1454,0,0,136737,-4110,-45596,35042,-73814,136048,80362,31959,-14986,48445,-70877,-29429,-32816,-95218,-260183,60496,29272,-53986,-190340,6239,0,0,26382,142511,-8726,27004,-14364,2853,-9771,12813,-27624,2624,-26288,211148,-28127,-44482,47090,0,0,0,74,-3892,26728,0,-22163,15682,-346,38070,-64958
0,-1309,3407,-2660,2660,-5778,-14,-1157,0,0,0,-2116,406,1901,1770,-2375,-2375,4165,-13116,-11194,-405,-1044,0,0,0,0,7010,-6133,9287,4326,973,-12714,4647,-3495,-459,1473,1473,0,2773,1844,-453,-453,-1906,2454,157,-1832,0,0,-3837,0,976,0,0,0,0,-794,794,0,0,2378,-30,315,-62,0,0,0,2524,-2524,-627,-4657,1897,874,0,-1014,1014,0,71,642,0,0,-65,696,-96,0,0,0,0,0,1914,-1914,0,0,0,0,0,647,-769,2154,-884,0,-2719,-2944,2944,-3609,0,0,1934,-2192,5799,0,0,0,0,14369,2237,-4217,7369,0,-2735,-1501,-3118,7105,0,0,13916,0,0,0,0,-1768,10079,12172,0,0,-800,6070,9290,3376,0,0,0,0,0,0,0,0,0,0,0,0,-4953,30,711,-1098,-10085,10571,-26688,222,-14090,11781,14560,0,0,691,-8217,-21670,3324,0,0,16978,0,0,0,0,11044,0,-58162,17489,-23910,15726,-3110,5466,0,0,0,0,0,0,0,0,5855,6827,0,0,0,-1924,0,0,0,-31105,-12017,-9330,484,33195,23421,79653,0,0,17568,0,20726,0,0,0,0,0,0,0,0,0,0,0,0,-19007,-32547,2413,-10370,0,0,0,0,0,14867,-16416,39036,39411,21578,-19063,6163,-3962,0,46838,61748,65355,-2136,-61355,-65178,-6512,6030,0,0,0,0,-28447,0,-67446,0,0,-7632,-96865,2379,141446,90255,3534,4771,0,0,0,-98795,85741,61743,-25996,0,0,0,0,0,0,-14570,-5592,-4993,130,0,0,0,0,0,0,0,10836,31981,0,0,0,-12,-27,-4252,0,0,-8976,-1752,10167,-30004,-45449,15079,84363,54987,-16529,15959,0,0,0,0,29746,0,0,-78911,0,0,64983,82089,-37492,43128,9883,33408,-23565,0,0,0,0,-51424,0,0,0,0,0,0,-209315,-161819,-180504,-70579,-138367,219256,-114288,36682,80481,59818,-159751,0,0,-44303,-65015,0,107504,-45868,-50496,81145,23484,-34646,0,12943,36152,46155,-14086,0,0,0,0,0,9465,0,0,0,20806,26812,50805,11510,33511,96705,111313,63969,-59643,-336175,-133594,-231431,-131920,0,0,0,0,-21929,19425,165130,0,0,333344,-56276,0,0,0,0,0,-47675,-51770,54232,-9373,6094,20450,76068,-203475,159651,-31501,-7656,-31148,-2179,0,0,8521,25509,0,-21068,39570,39327,-117571
