0,0,0,0,0,0,0,0,0,0,0,0,0,0,0,0,0,0,0,0,0,0,0,0,0,0,0,0,0,0,0,0,0,0,0,0,0,0,0,-1536,1536,-576,576,10544,-10544,1848,-1848,0,0,0,0,0,0,0,0,0,0,0,0,0,0,0,-16981,16981,3805,-3805,-238,238,-5598,5598,0,0,0,0,0,0,0,0,0,0,0,0,0,0,0,0,17,-17,0,0,26,-26,0,0,0,0,0,0,0,0,0,0,0,0,0,-95,95,0,0,-88,88,0,0,0,0,0,0,0,0,0,0,0,0,0,0,0,18574,-18574,-5806,5806,280,-280,-3491,3491,0,0,0,0,0,0,0,0,0,0,0,0,0,0,0,-27,27,0,0,-15,15,0,0,0,0,0,0,0,0,0,0,0,0,125,-125,0,0,33,-33,0,0,0,0,0,0,0,0,0,0,0,0,0,0,0,128,-128,1838,-1838,-10592,10592,7456,-7456,0,0,0,0,0,0,0,0,0,0,0,0,0,-86,86,7665,-7665,9000,-9000,-2152,2152,0,0,0,0,0,0,0,0,0,0,0,0,0,-18622,18622,-3482,3482,1128,-1128,-1075,1075,0,0,0,0,0,0,0,0,0,0,0,0,27,-27,0,0,15,-15,0,0,0,0,0,0,0,0,0,-125,125,0,0,-33,33,0,0,0,0,0,0,0,0,0,0,0,0,0,17029,-17029,-1283,1283,-1170,1170,3795,-3795,0,0,0,0,0,0,0,0,0,0,0,-17,17,0,0,-26,26,0,0,0,0,0,0,0,0,95,-95,0,0,88,-88,0,0,0,0,0,0,0,0,0,0,0,0,0,1494,-1494,-2161,2161,-8951,8951,-784,784,-12167,0,15614,-15718,0,12272,0,-795,-1190,0,0,1178,806,12167,0,-15614,15718,0,-12272,0,1190,795,0,0,-806,-1178,-6140,0,-7670,11692,0,2118,0,-742,347,0,0,6140,0,7670,-11692,0,-2118,0,-347,742,0,0,9324,0,-9429,5983,0,-5878,0,359,731,-9324,0,9429,-5983,0,5878,0,-731,-359,-7507,0,11529,2281,0,-6303,0,7507,0,-11529,-2281,0,6303,0
0,0,0,0,0,0,0,0,0,0,0,0,0,0,0,0,1036,-1036,-840,840,-583,583,-46,46,0,0,0,0,0,0,0,0,0,0,0,0,0,0,0,-6622,6622,-8315,8315,-3236,3236,-2602,2602,0,0,0,0,0,0,0,0,0,0,0,0,0,0,0,8606,-8606,3485,-3485,5991,-5991,-2439,2439,0,0,0,0,0,0,0,0,0,0,0,0,0,0,7746,-7746,1236,-1236,-1509,1509,-526,526,0,0,0,0,0,0,0,0,0,0,0,0,0,-1072,1072,-8518,8518,1565,-1565,421,-421,0,0,0,0,0,0,0,0,0,0,0,0,0,5616,-5616,-2217,2217,10706,-10706,-5012,5012,0,0,0,0,0,0,0,0,0,0,0,0,0,1943,-1943,1170,-1170,-1307,1307,659,-659,0,0,0,0,0,0,0,0,0,0,0,0,-1894,1894,-1271,1271,104,-104,-4079,4079,0,0,0,0,0,0,0,0,0,0,0,0,0,-10843,10843,12093,-12093,105,-104,-4147,4147,0,0,0,0,0,0,0,0,0,0,0,0,0,-15558,15558,-510,510,-2886,2886,3597,-3597,0,0,0,0,0,0,0,0,0,0,0,0,0,2276,-2276,14503,-14503,6485,-6485,1951,-1951,0,0,0,0,0,0,0,0,0,0,12767,-12767,1170,-1170,-293,293,659,-659,0,0,0,0,0,0,0,0,0,-1894,1894,-8118,8118,104,-104,-565,565,0,0,0,0,0,0,0,0,0,0,0,5266,-5266,-6608,6608,1770,-1770,6007,-6007,0,0,0,0,0,0,0,0,0,1259,-1259,1236,-1236,-10232,10232,-526,526,0,0,0,0,0,0,0,0,-1072,1072,-1326,1326,1565,-1565,3159,-3159,0,0,0,0,0,0,0,0,0,0,0,-11337,11337,5895,-5895,-6226,6226,3658,-3658,1951,5421,5426,9309,11289,5833,-16104,-267,-2555,-554,-1978,-1347,-1474,-1951,-5421,-5426,-9309,-11289,-5833,16104,2555,267,1978,554,1474,1347,-29,-7010,-7118,-9103,-6542,-2014,13060,1938,351,1083,970,29,7010,7118,9103,6542,2014,-13060,-351,-1938,-970,-1083,-2963,516,-6846,-3370,-9915,513,9059,857,730,2963,-516,6846,3370,9915,-513,-9059,-730,-857,2299,-4605,4284,-2805,3855,-4789,722,-2300,4605,-4284,2805,-3855,4789,-722
0,0,0,0,0,0,0,0,0,0,0,0,0,0,0,0,408,-408,-13,13,646,-646,1239,-1239,0,0,0,0,0,0,0,0,0,0,0,0,0,0,0,-4298,4298,-1608,1608,8063,-8063,-9835,9835,0,0,0,0,0,0,0,0,0,0,0,0,0,0,0,2194,-2194,-2027,2027,-324,324,8944,-8944,0,0,0,0,0,0,0,0,0,0,0,0,0,0,6824,-6824,-855,855,759,-759,-1784,1784,0,0,0,0,0,0,0,0,0,0,0,0,0,-1040,1040,5207,-5207,-637,637,1924,-1924,0,0,0,0,0,0,0,0,0,0,0,0,0,-2526,2526,-2504,2504,-6845,6845,-15441,15441,0,0,0,0,0,0,0,0,0,0,0,0,0,252,-252,893,-893,8154,-8154,-1765,1765,0,0,0,0,0,0,0,0,0,0,0,0,-129,129,-748,748,-1213,1213,12215,-12215,0,0,0,0,0,0,0,0,0,0,0,0,0,-10962,10962,-3292,3292,3444,-3444,4973,-4973,0,0,0,0,0,0,0,0,0,0,0,0,0,-4441,4441,1467,-1467,-1277,1277,-16706,16706,0,0,0,0,0,0,0,0,0,0,0,0,0,2093,-2093,2314,-2314,-13509,13509,4077,-4077,0,0,0,0,0,0,0,0,0,0,1258,-1258,893,-893,1238,-1238,-1765,1765,0,0,0,0,0,0,0,0,0,-129,129,-5472,5472,-1213,1213,1908,-1908,0,0,0,0,0,0,0,0,0,0,0,6813,-6813,2363,-2363,-6988,6988,-11100,11100,0,0,0,0,0,0,0,0,0,1010,-1010,-855,855,4638,-4638,-1784,1784,0,0,0,0,0,0,0,0,-1040,1040,707,-707,-637,637,12331,-12331,0,0,0,0,0,0,0,0,0,0,0,2223,-2223,3580,-3580,3342,-3342,8048,-8048,2159,6544,7647,2277,39,-3211,-6344,-537,-574,-1288,291,-2244,1132,-2159,-6544,-7647,-2277,-39,3211,6344,574,537,-291,1288,-1132,2244,1714,6133,2756,-1860,-6349,-2902,209,-861,898,-1498,1531,-1714,-6133,-2756,1860,6349,2902,-209,-898,861,-1531,1498,-1918,7265,3452,8940,3156,3570,-10043,-2568,808,1918,-7265,-3452,-8940,-3156,-3570,10043,-808,2568,3908,9930,8524,9566,10065,4949,-19270,-3908,-9930,-8524,-9566,-10065,-4950,19270
0,0,0,0,0,0,0,0,0,0,0,0,0,0,0,0,-765,765,-1187,1187,347,-347,58,-58,0,0,0,0,0,0,0,0,0,0,0,0,0,0,0,14512,-14512,-3355,3355,2043,-2043,1222,-1222,0,0,0,0,0,0,0,0,0,0,0,0,0,0,0,454,-454,16787,-16787,-3406,3406,1614,-1614,0,0,0,0,0,0,0,0,0,0,0,0,0,0,-6084,6084,1660,-1660,986,-986,-921,921,0,0,0,0,0,0,0,0,0,0,0,0,0,851,-851,-11509,11509,-1037,1037,787,-787,0,0,0,0,0,0,0,0,0,0,0,0,0,-4240,4240,-7546,7546,2601,-2601,3447,-3447,0,0,0,0,0,0,0,0,0,0,0,0,0,-1387,1387,1742,-1742,140,-140,754,-754,0,0,0,0,0,0,0,0,0,0,0,0,1341,-1341,-1870,1870,43,-43,-4540,4540,0,0,0,0,0,0,0,0,0,0,0,0,0,7885,-7885,10870,-10870,6298,-6298,3190,-3190,0,0,0,0,0,0,0,0,0,0,0,0,0,1878,-1878,-9122,9122,1604,-1604,-2470,2470,0,0,0,0,0,0,0,0,0,0,0,0,0,-8495,8495,8645,-8645,-4026,4026,-1002,1002,0,0,0,0,0,0,0,0,0,0,-9074,9074,1742,-1742,87,-87,754,-754,0,0,0,0,0,0,0,0,0,1341,-1341,-12011,12011,43,-43,-607,607,0,0,0,0,0,0,0,0,0,0,0,-3801,3801,-4931,4931,-10033,10033,-4695,4695,0,0,0,0,0,0,0,0,0,-979,979,1660,-1660,6734,-6734,-921,921,0,0,0,0,0,0,0,0,851,-851,-1802,1802,-1037,1037,5693,-5693,0,0,0,0,0,0,0,0,0,0,0,8504,-8504,14562,-14562,-2652,2652,-2578,2578,-9362,-4426,-3905,1042,-7921,-4415,11899,2660,-575,511,1359,963,1122,9362,4426,3905,-1042,7921,4415,-11899,575,-2660,-1359,-511,-1122,-963,-9808,-9287,-4935,-3103,-9873,-7976,18465,1145,2090,1380,1522,9808,9287,4935,3103,9873,7976,-18465,-2090,-1145,-1522,-1380,1631,-1054,-3316,2142,6654,7088,-5396,-552,-393,-1631,1054,3316,-2142,-6654,-7088,5396,393,552,-1204,-5510,-3036,1837,6450,3669,-906,1204,5510,3036,-1837,-6450,-3669,906
0,0,0,0,0,0,0,0,0,0,0,0,0,0,0,0,543,-543,-62,61,1115,-1115,-760,760,0,0,0,0,0,0,0,0,0,0,0,0,0,0,0,-5488,5488,-2370,2370,2991,-2991,14073,-14073,0,0,0,0,0,0,0,0,0,0,0,0,0,0,0,3085,-3085,-2230,2230,-15982,15982,206,-206,0,0,0,0,0,0,0,0,0,0,0,0,0,0,10181,-10181,624,-624,1405,-1405,1046,-1046,0,0,0,0,0,0,0,0,0,0,0,0,0,-1564,1564,-3885,3885,-1214,1214,-1140,1140,0,0,0,0,0,0,0,0,0,0,0,0,0,5719,-5719,-4524,4524,-11610,11610,5254,-5254,0,0,0,0,0,0,0,0,0,0,0,0,0,185,-185,-448,448,13380,-13380,1132,-1132,0,0,0,0,0,0,0,0,0,0,0,0,8,-8,351,-351,-1979,1979,-7796,7796,0,0,0,0,0,0,0,0,0,0,0,0,0,-1770,1770,-5271,5271,6088,-6088,-6041,6041,0,0,0,0,0,0,0,0,0,0,0,0,0,-6142,6142,1723,-1723,8722,-8722,2213,-2213,0,0,0,0,0,0,0,0,0,0,0,0,0,2621,-2621,3547,-3547,-7892,7892,-8196,8196,0,0,0,0,0,0,0,0,0,0,575,-575,-448,448,2042,-2042,1132,-1132,0,0,0,0,0,0,0,0,0,8,-8,2667,-2667,-1979,1979,-1212,1212,0,0,0,0,0,0,0,0,0,0,0,-12,12,3878,-3878,-12264,12264,11032,-11032,0,0,0,0,0,0,0,0,0,1494,-1494,624,-624,8700,-8700,1046,-1046,0,0,0,0,0,0,0,0,-1564,1564,-542,542,-1214,1214,-7266,7266,0,0,0,0,0,0,0,0,0,0,0,-9860,9860,6589,-6589,5624,-5624,-1949,1949,2683,9995,-379,3222,-1233,6283,-8444,-656,-823,-2026,699,296,-1775,-2683,-9995,379,-3222,1233,-6283,8444,823,656,-699,2026,1775,-296,2045,-4326,4549,-2713,3333,-5217,956,-1435,1602,1004,-854,-2045,4326,-4549,2713,-3333,5217,-956,-1602,1435,854,-1004,9391,11728,5790,2729,6258,6329,-17333,-483,-2554,-9391,-11728,-5790,-2729,-6258,-6329,17333,2554,483,-9017,-6445,-1755,750,-5825,-6513,11824,9017,6445,1755,-749,5825,6513,-11824
0,0,365,-365,0,365,-365,0,0,0,365,-365,0,365,-365,0,5309,5309,-5309,-5309,5309,5309,-5309,-5309,0,0,2704,2179,-423,-2179,-2704,423,0,2704,2179,-423,-2179,-2704,423,4786,4786,5110,5110,-5110,-5110,-4786,-4786,0,0,-2179,-2704,423,2704,2179,-423,0,-2179,-2704,423,2704,2179,-423,-5110,-5110,-4786,-4786,4786,4786,5110,5110,803,196,0,-2179,472,0,803,803,-2179,0,-2179,1328,0,803,-2969,-2969,-7633,-7633,6902,6902,-7633,-7633,-803,-196,2179,0,-472,-803,2179,-803,0,2179,0,-1328,-803,7633,7633,2969,2969,7633,7633,-6902,-6902,-423,423,0,2704,-2704,0,-423,423,-2179,2179,2704,-2704,0,-5110,-5110,5110,5110,4786,4786,-4786,-4786,803,472,803,196,0,-2179,-2179,803,1328,0,803,0,-2179,6902,6902,-7633,-7633,-2969,-2969,-7633,-7633,-803,-472,-803,-196,2179,-803,2179,0,-1328,-803,0,2179,7633,7633,-6902,-6902,7633,7633,2969,2969,423,-423,2704,-2704,0,0,423,-423,2704,-2704,0,-2179,2179,4786,4786,-4786,-4786,-5110,-5110,5110,5110,0,2704,-423,-2704,423,0,0,2704,2179,-423,-2179,-2704,423,4786,4786,5110,5110,-5110,-5110,-4786,-4786,0,-2704,423,2704,-423,0,0,-2179,-2704,423,2704,2179,-423,-5110,-5110,-4786,-4786,4786,4786,5110,5110,803,1328,803,803,196,0,-2179,472,0,803,-2969,-2969,-7633,-7633,6902,6902,-7633,-7633,-803,-1328,-803,-803,-196,2179,0,-472,-803,7633,7633,2969,2969,7633,7633,-6902,-6902,-423,423,2704,-2704,0,-423,423,0,2704,-2704,0,-5110,-5110,5110,5110,4786,4786,-4786,-4786,803,1328,803,803,472,803,196,0,-2179,6902,6902,-7633,-7633,-2969,-2969,-7633,-7633,-803,-1328,-803,-803,-472,-803,-196,2179,7633,7633,-6903,-6902,7633,7633,2969,2969,423,-423,2704,-2704,0,423,-423,2704,-2704,0,0,4786,4786,-4786,-4786,-5110,-5110,5110,5110,-7478,-973,-7478,-7478,-973,-7478,915,0,0,2572,2572,0,0,-7478,-973,-7478,-7478,-973,-7478,915,0,0,2572,2572,0,0,7478,973,7478,7478,973,7478,-915,0,0,-2572,-2572,7478,973,7478,7478,973,7478,-915,0,0,-2572,-2572,-7478,-973,-7478,-7478,-973,-7478,915,0,0,-7478,-973,-7478,-7478,-973,-7478,915,0,0,7478,973,7478,7478,973,7478,-915,7478,973,7478,7478,973,7478,-915
0,0,0,0,0,0,0,0,0,0,0,0,0,0,0,0,-3360,3360,11266,-11266,-3610,3610,-2215,2215,0,0,0,0,0,0,0,0,0,0,0,0,0,0,0,-5122,5122,5314,-5314,-1306,1306,-2394,2394,0,0,0,0,0,0,0,0,0,0,0,0,0,0,0,1998,-1998,8316,-8316,-2958,2958,-15,15,0,0,0,0,0,0,0,0,0,0,0,0,0,0,-3603,3603,9815,-9815,-2078,2078,-2215,2215,0,0,0,0,0,0,0,0,0,0,0,0,0,-3031,3031,5507,-5507,-3081,3081,-6154,6154,0,0,0,0,0,0,0,0,0,0,0,0,0,-2707,2707,5227,-5227,-5288,5288,-600,600,0,0,0,0,0,0,0,0,0,0,0,0,0,-1757,1757,9923,-9923,-3633,3633,-1665,1665,0,0,0,0,0,0,0,0,0,0,0,0,-2855,2855,11134,-11134,-3245,3245,3891,-3891,0,0,0,0,0,0,0,0,0,0,0,0,0,-1652,1652,8380,-8380,1854,-1854,-2448,2448,0,0,0,0,0,0,0,0,0,0,0,0,0,678,-678,7660,-7660,-2852,2852,-535,535,0,0,0,0,0,0,0,0,0,0,0,0,0,-5867,5867,6586,-6586,-1818,1818,-2535,2535,0,0,0,0,0,0,0,0,0,0,-288,288,9923,-9923,-4538,4538,-1665,1665,0,0,0,0,0,0,0,0,0,-2855,2855,7541,-7541,-3245,3245,2096,-2096,0,0,0,0,0,0,0,0,0,0,0,-1161,1161,7747,-7747,512,-512,-2329,2329,0,0,0,0,0,0,0,0,0,-4400,4400,9815,-9815,-548,548,-2215,2215,0,0,0,0,0,0,0,0,-3031,3031,9512,-9512,-3081,3081,-6456,6456,0,0,0,0,0,0,0,0,0,0,0,-2792,2792,6522,-6522,-6011,6011,-102,102,-5938,-2192,-2365,33,-4896,-3539,-4394,6062,-11214,-5105,184,-4274,-878,5938,2192,2365,-33,4896,3539,4394,11214,-6062,-184,5105,878,4274,10790,12714,10857,9010,11056,8943,14735,5870,11406,6630,9875,-10790,-12714,-10857,-9010,-11056,-8943,-14735,-11406,-5870,-9875,-6630,-3759,-2551,-6158,-2586,-5067,-187,-4722,-4466,-1070,3759,2551,6158,2586,5067,187,4722,1070,4466,-2903,-6555,-1056,-989,1883,-2836,-2896,2903,6555,1056,989,-1883,2836,2896
0,0,0,0,0,0,0,0,0,0,0,0,0,0,0,0,-2054,2054,-755,755,-6752,6752,10285,-10285,0,0,0,0,0,0,0,0,0,0,0,0,0,0,0,-1164,1164,-1152,1152,-7478,7478,5064,-5064,0,0,0,0,0,0,0,0,0,0,0,0,0,0,0,-1446,1446,30,-30,-1818,1818,8278,-8278,0,0,0,0,0,0,0,0,0,0,0,0,0,0,-4290,4290,-410,410,-5434,5434,9028,-9028,0,0,0,0,0,0,0,0,0,0,0,0,0,-1964,1964,4286,-4286,-5865,5865,9700,-9700,0,0,0,0,0,0,0,0,0,0,0,0,0,2407,-2407,-2791,2791,-4271,4271,7331,-7331,0,0,0,0,0,0,0,0,0,0,0,0,0,590,-590,-912,912,-4853,4853,8991,-8991,0,0,0,0,0,0,0,0,0,0,0,0,-1635,1635,-4457,4457,-5965,5965,5609,-5609,0,0,0,0,0,0,0,0,0,0,0,0,0,-4006,4006,1239,-1239,-4151,4151,5205,-5205,0,0,0,0,0,0,0,0,0,0,0,0,0,-1553,1553,283,-283,-298,298,8540,-8540,0,0,0,0,0,0,0,0,0,0,0,0,0,-919,919,-1028,1028,-7113,7113,3565,-3565,0,0,0,0,0,0,0,0,0,0,1911,-1911,-912,912,-6939,6939,8991,-8991,0,0,0,0,0,0,0,0,0,-1635,1635,-5160,5160,-5965,5965,9147,-9147,0,0,0,0,0,0,0,0,0,0,0,-4773,4773,1922,-1922,-4660,4660,6273,-6273,0,0,0,0,0,0,0,0,0,-4354,4354,-410,410,-2966,2966,9028,-9028,0,0,0,0,0,0,0,0,-1964,1964,3074,-3074,-5865,5865,6302,-6302,0,0,0,0,0,0,0,0,0,0,0,1289,-1289,-2237,2237,-3624,3624,6639,-6639,-1605,361,-4531,-2005,-4696,920,-2687,-2154,-996,-6451,3441,6310,-9460,1605,-361,4531,2005,4696,-920,2687,996,2154,-3441,6451,9460,-6310,-119,-4647,1126,-1208,3055,-2453,-987,-5755,4598,6981,-8086,119,4647,-1126,1208,-3055,2453,987,-4598,5755,8086,-6981,-3208,-6354,-5733,-8659,-7892,-6133,-8831,2708,-13062,3208,6354,5733,8659,7892,6133,8831,13062,-2708,7248,11132,9582,10827,10567,8493,13451,-7248,-11132,-9582,-10827,-10567,-8493,-13451
0,0,0,0,0,0,0,0,0,0,0,0,0,0,0,0,8390,-8390,5269,-5269,5255,-5255,5513,-5513,0,0,0,0,0,0,0,0,0,0,0,0,0,0,0,4192,-4192,5962,-5962,1101,-1101,4998,-4998,0,0,0,0,0,0,0,0,0,0,0,0,0,0,0,6670,-6670,1325,-1325,4894,-4894,1340,-1340,0,0,0,0,0,0,0,0,0,0,0,0,0,0,7271,-7271,4751,-4751,1743,-1743,4700,-4700,0,0,0,0,0,0,0,0,0,0,0,0,0,7478,-7478,5582,-5582,4398,-4398,3122,-3122,0,0,0,0,0,0,0,0,0,0,0,0,0,6755,-6755,4868,-4868,2119,-2119,1486,-1486,0,0,0,0,0,0,0,0,0,0,0,0,0,5763,-5763,4481,-4481,6895,-6895,4958,-4958,0,0,0,0,0,0,0,0,0,0,0,0,7221,-7221,2810,-2810,4808,-4808,5612,-5612,0,0,0,0,0,0,0,0,0,0,0,0,0,4130,-4130,2132,-2132,4865,-4865,6102,-6102,0,0,0,0,0,0,0,0,0,0,0,0,0,6905,-6905,105,-105,4950,-4950,2293,-2293,0,0,0,0,0,0,0,0,0,0,0,0,0,2991,-2991,5645,-5645,2056,-2056,5008,-5008,0,0,0,0,0,0,0,0,0,0,2445,-2445,4481,-4481,7886,-7886,4958,-4958,0,0,0,0,0,0,0,0,0,7221,-7221,520,-520,4808,-4808,6980,-6980,0,0,0,0,0,0,0,0,0,0,0,2907,-2907,1200,-1200,4832,-4832,5805,-5805,0,0,0,0,0,0,0,0,0,9611,-9611,4751,-4751,-810,810,4700,-4700,0,0,0,0,0,0,0,0,7478,-7478,6846,-6846,4398,-4398,772,-772,0,0,0,0,0,0,0,0,0,0,0,6968,-6968,4838,-4838,1186,-1186,245,-245,5976,6883,5912,8769,10818,8833,10973,10472,2392,9995,2297,10659,2206,-5976,-6883,-5912,-8769,-10818,-8833,-10973,-2392,-10472,-2297,-9995,-2206,-10659,2407,3495,3238,6854,7623,6023,6892,8069,11,7898,-178,-2407,-3495,-3238,-6854,-7623,-6023,-6892,-11,-8069,178,-7898,6078,2402,3221,3157,8685,6014,6873,8255,-198,-6078,-2402,-3221,-3157,-8685,-6014,-6873,198,-8255,6236,3842,2621,3451,7788,7067,7210,-6236,-3842,-2621,-3451,-7788,-7067,-7210
0,0,0,0,0,0,0,0,0,0,0,0,0,0,0,0,8382,-8382,-944,944,-8362,8362,-3885,3885,0,0,0,0,0,0,0,0,0,0,0,0,0,0,0,5786,-5786,2382,-2382,-3459,3459,-4721,4721,0,0,0,0,0,0,0,0,0,0,0,0,0,0,0,4497,-4497,-2782,2782,-6530,6530,682,-682,0,0,0,0,0,0,0,0,0,0,0,0,0,0,1014,-1014,-921,921,-10730,10730,-3380,3380,0,0,0,0,0,0,0,0,0,0,0,0,0,7138,-7138,-2330,2330,-7529,7529,-3214,3214,0,0,0,0,0,0,0,0,0,0,0,0,0,3470,-3470,-3462,3462,-5287,5287,-4727,4727,0,0,0,0,0,0,0,0,0,0,0,0,0,10741,-10741,-732,732,-993,993,-3426,3426,0,0,0,0,0,0,0,0,0,0,0,0,7547,-7547,558,-558,-7120,7120,-2683,2683,0,0,0,0,0,0,0,0,0,0,0,0,0,6543,-6543,1528,-1528,-5144,5144,689,-689,0,0,0,0,0,0,0,0,0,0,0,0,0,5301,-5301,-3469,3469,-6170,6170,-417,417,0,0,0,0,0,0,0,0,0,0,0,0,0,5155,-5155,1534,-1534,-4530,4530,-5155,5155,0,0,0,0,0,0,0,0,0,0,8693,-8693,-732,732,-4593,4593,-3426,3426,0,0,0,0,0,0,0,0,0,7547,-7547,1237,-1237,-7120,7120,-3905,3905,0,0,0,0,0,0,0,0,0,0,0,6182,-6182,2375,-2375,-5773,5773,-411,411,0,0,0,0,0,0,0,0,0,4619,-4619,-921,921,-8691,8691,-3380,3380,0,0,0,0,0,0,0,0,7138,-7138,-2287,2287,-7529,7529,-1816,1816,0,0,0,0,0,0,0,0,0,0,0,4543,-4543,-2776,2776,-4485,4485,-5162,5162,7616,11973,8395,7115,5711,6336,10963,5703,7150,15,12265,3448,9405,-7616,-11973,-8395,-7115,-5711,-6336,-10963,-7150,-5703,-12265,-15,-9405,-3448,-3050,459,1387,1392,-2450,-3045,-1234,-7134,5687,-3537,2154,3050,-459,-1387,-1392,2450,3045,1234,-5687,7134,-2154,3537,-8377,-11960,-7098,-6318,-5682,-7598,-10936,-9389,-3433,8377,11960,7098,6318,5682,7598,10936,3433,9389,-5629,-3745,-5635,-1198,-4451,-1192,-5081,5629,3745,5635,1198,4451,1192,5081
0,0,1334,1334,463,-1334,-1334,-463,0,0,1334,1334,463,-1334,-1334,-463,-180,-180,-180,-180,180,180,180,180,0,0,-4606,-2095,-1802,2095,4606,1802,0,-4606,-2095,-1802,2095,4606,1802,-37,-37,-521,-521,521,521,37,37,0,0,-2095,-4606,-1802,4606,2095,1802,0,-2095,-4606,-1802,4606,2095,1802,-521,-521,-37,-37,37,37,521,521,6230,-7860,6801,8026,-6268,0,1059,6230,-2095,5240,8026,2716,0,1059,1247,1247,1392,1392,1409,1409,1287,1287,6230,-7860,8026,0,-6268,1059,-2095,6230,5240,8026,0,2716,1059,1392,1392,1247,1247,1287,1287,1409,1409,-7928,-7928,-1913,-1003,-1003,8573,-7928,-7928,8026,8026,-1003,-1003,22637,545,545,545,545,567,567,567,567,-6230,6268,-1059,7860,-6801,-8026,2095,-6230,-2716,0,-1059,-5240,-8026,-1409,-1409,-1287,-1287,-1247,-1247,-1392,-1392,-6230,6268,-1059,7860,-8026,-6230,2095,0,-2716,-1059,-5240,-8026,-1287,-1287,-1409,-1409,-1392,-1392,-1247,-1247,7928,7928,1003,1003,-8573,1913,7928,7928,1003,1003,-22637,-8026,-8026,-567,-567,-567,-567,-545,-545,-545,-545,0,-4606,-1802,4606,1802,0,0,-4606,-2095,-1802,2095,4606,1802,-37,-37,-521,-521,521,521,37,37,0,-4606,-1802,4606,1802,0,0,-2095,-4606,-1802,4606,2095,1802,-521,-521,-37,-37,37,37,521,521,6230,2716,1059,6230,-7860,6801,8026,-6268,0,1059,1247,1247,1392,1392,1409,1409,1287,1287,6230,2716,1059,6230,-7860,8026,0,-6268,1059,1392,1392,1247,1247,1287,1287,1409,1409,-7928,-7928,-1003,-1003,22637,-7928,-7928,-1913,-1003,-1003,8573,545,545,545,545,567,567,567,567,-6230,-2716,-1059,-6230,6268,-1059,7860,-6801,-8026,-1409,-1409,-1287,-1287,-1247,-1247,-1392,-1392,-6230,-2716,-1059,-6230,6268,-1059,7860,-8026,-1287,-1287,-1409,-1409,-1392,-1392,-1247,-1247,7928,7928,1003,1003,-22637,7928,7928,1003,1003,-8573,1913,-567,-567,-567,-567,-545,-545,-545,-545,-225,1473,430,-225,1473,430,-504,-505,-505,0,0,0,0,-225,1473,430,-225,1473,430,-504,-505,-505,0,0,0,0,-225,1473,430,-225,1473,430,-504,0,0,0,0,-225,1473,430,-225,1473,430,-504,0,0,0,0,225,-1473,-430,225,-1473,-430,504,505,505,225,-1473,-430,225,-1473,-430,504,505,505,225,-1473,-430,225,-1473,-430,504,225,-1473,-430,225,-1473,-430,504
463,-463,-1334,1334,0,1334,-1334,0,463,-463,-1334,1334,0,1334,-1334,0,180,180,-180,-180,-180,-180,180,180,-1913,8573,-1003,8026,-7928,8026,-1003,-7928,22637,-1003,8026,-7928,8026,-1003,-7928,567,567,545,545,545,545,567,567,-8573,1913,-8026,1003,7928,1003,-8026,7928,-22637,-8026,1003,7928,1003,-8026,7928,-545,-545,-567,-567,-567,-567,-545,-545,-1059,7860,0,2095,6268,-5240,-6230,-1059,-8026,0,2095,-2716,-6801,-6230,-1247,-1247,-1287,-1287,-1409,-1409,-1392,-1392,1059,-7860,-2095,5240,-6268,6230,8026,1059,0,-2095,6801,2716,6230,1287,1287,1247,1247,1392,1392,1409,1409,-1802,1802,0,-4606,4606,0,-1802,1802,2095,-2095,-4606,4606,0,521,521,-521,-521,-37,-37,37,37,1059,-6268,6230,-7860,0,-2095,8026,1059,2716,6801,6230,0,-2095,1409,1409,1392,1392,1247,1247,1287,1287,-1059,6268,-6230,7860,2095,-1059,-8026,-6801,-2716,-6230,0,2095,-1392,-1392,-1409,-1409,-1287,-1287,-1247,-1247,-1802,1802,4606,-4606,0,0,-1802,1802,4606,-4606,0,-2095,2095,37,37,-37,-37,-521,-521,521,521,22637,-1003,-7928,-1003,-7928,-1913,8573,-1003,8026,-7928,8026,-1003,-7928,567,567,545,545,545,545,567,567,-22637,1003,7928,1003,7928,-8573,1913,-8026,1003,7928,1003,-8026,7928,-545,-545,-567,-567,-567,-567,-545,-545,-1059,-2716,-6230,-1059,7860,0,2095,6268,-5240,-6230,-1247,-1247,-1287,-1287,-1409,-1409,-1392,-1392,1059,2716,6230,1059,-7860,-2095,5240,-6268,6230,1287,1287,1247,1247,1392,1392,1409,1409,-1802,1802,-4606,4606,0,-1802,1802,0,-4606,4606,0,521,521,-521,-521,-37,-37,37,37,1059,2716,6230,1059,-6268,6230,-7860,0,-2095,1409,1409,1392,1392,1247,1247,1287,1287,-1059,-2716,-6230,-1059,6268,-6230,7860,2095,-1392,-1392,-1409,-1409,-1287,-1287,-1247,-1247,-1802,1802,4606,-4606,0,-1802,1802,4606,-4606,0,0,37,37,-37,-37,-521,-521,521,521,-430,-1473,225,-430,-1473,225,504,0,0,0,0,505,505,-430,-1473,225,-430,-1473,225,504,0,0,0,0,505,505,430,1473,-225,430,1473,-225,-504,-505,-505,0,0,430,1473,-225,430,1473,-225,-504,-505,-505,0,0,430,1473,-225,430,1473,-225,-504,0,0,430,1473,-225,430,1473,-225,-504,0,0,-430,-1473,225,-430,-1473,225,504,-430,-1473,225,-430,-1473,225,504
2545,2545,0,0,-2545,0,0,-2545,2545,2545,0,0,-2545,0,0,-2545,0,0,0,0,0,0,0,0,5829,-1383,-3495,-2885,-5309,-2885,-3495,-5309,9846,-3495,-2885,-5309,-2885,-3495,-5309,2557,2557,2536,2536,2536,2536,2557,2557,-1383,5829,-2885,-3495,-5309,-3495,-2885,-5309,9846,-2885,-3495,-5309,-3495,-2885,-5309,2536,2536,2557,2557,2557,2557,2536,2536,-1111,0,20442,2885,0,-4728,1111,-1111,-2885,4728,2885,0,-20442,1111,0,0,1,1,0,0,-1,-1,-1111,0,2885,-4728,0,1111,-2885,-1111,4728,2885,-20442,0,1111,1,1,0,0,-1,-1,0,0,5309,5309,-5829,3495,3495,1383,5309,5309,2885,2885,3495,3495,-9846,-2536,-2536,-2536,-2536,-2557,-2557,-2557,-2557,-1111,0,1111,0,20442,2885,-2885,-1111,0,-20442,1111,4728,2885,0,0,-1,-1,0,0,1,1,-1111,0,1111,0,2885,-1111,-2885,-20442,0,1111,4728,2885,-1,-1,0,0,1,1,0,0,5309,5309,3495,3495,1383,-5829,5309,5309,3495,3495,-9846,2885,2885,-2557,-2557,-2557,-2557,-2536,-2536,-2536,-2536,9846,-3495,-5309,-3495,-5309,5829,-1383,-3495,-2885,-5309,-2885,-3495,-5309,2557,2557,2536,2536,2536,2536,2557,2557,9846,-3495,-5309,-3495,-5309,-1383,5829,-2885,-3495,-5309,-3495,-2885,-5309,2536,2536,2557,2557,2557,2557,2536,2536,-1111,0,1111,-1111,0,20442,2885,0,-4728,1111,0,0,1,1,0,0,-1,-1,-1111,0,1111,-1111,0,2885,-4728,0,1111,1,1,0,0,-1,-1,0,0,5309,5309,3495,3495,-9846,5309,5309,-5829,3495,3495,1383,-2536,-2536,-2536,-2536,-2557,-2557,-2557,-2557,-1111,0,1111,-1111,0,1111,0,20442,2885,0,0,-1,-1,0,0,1,1,-1111,0,1111,-1111,0,1111,0,2885,-1,-1,0,0,1,1,0,0,5309,5309,3495,3495,-9846,5309,5309,3495,3495,1383,-5829,-2557,-2557,-2557,-2557,-2536,-2536,-2536,-2536,2561,0,-2561,2561,0,-2561,0,-1,-1,0,0,1,1,2561,0,-2561,2561,0,-2561,0,-1,-1,0,0,1,1,2561,0,-2561,2561,0,-2561,0,1,1,0,0,2561,0,-2561,2561,0,-2561,0,1,1,0,0,2561,0,-2561,2561,0,-2561,0,-1,-1,2561,0,-2561,2561,0,-2561,0,-1,-1,2561,0,-2561,2561,0,-2561,0,2561,0,-2561,2561,0,-2561,0
802,802,2950,2950,802,2950,2950,802,802,802,2950,2950,802,2950,2950,802,512,512,512,512,512,512,512,512,-10749,-5661,-3001,8778,-2428,8778,-3001,-2428,5142,-3001,8778,-2428,8778,-3001,-2428,1481,1481,2125,2125,2125,2125,1481,1481,-5661,-10749,8778,-3001,-2428,-3001,8778,-2428,5142,8778,-3001,-2428,-3001,8778,-2428,2125,2125,1481,1481,1481,1481,2125,2125,242,1563,231,8778,-11753,-6045,242,242,8778,-6045,8778,1589,231,242,2624,2624,3069,3069,3050,3050,3069,3069,242,1563,8778,-6045,-11753,242,8778,242,-6045,8778,231,1589,242,3069,3069,2624,2624,3069,3069,3050,3050,-2428,-2428,-10749,-3001,-3001,-5661,-2428,-2428,8778,8778,-3001,-3001,5142,2125,2125,2125,2125,1481,1481,1481,1481,242,-11753,242,1563,231,8778,8778,242,1589,231,242,-6045,8778,3050,3050,3069,3069,2624,2624,3069,3069,242,-11753,242,1563,8778,242,8778,231,1589,242,-6045,8778,3069,3069,3050,3050,3069,3069,2624,2624,-2428,-2428,-3001,-3001,-5661,-10749,-2428,-2428,-3001,-3001,5142,8778,8778,1481,1481,1481,1481,2125,2125,2125,2125,5142,-3001,-2428,-3001,-2428,-10749,-5661,-3001,8778,-2428,8778,-3001,-2428,1481,1481,2125,2125,2125,2125,1481,1481,5142,-3001,-2428,-3001,-2428,-5661,-10749,8778,-3001,-2428,-3001,8778,-2428,2125,2125,1481,1481,1481,1481,2125,2125,242,1589,242,242,1563,231,8778,-11753,-6045,242,2624,2624,3069,3069,3050,3050,3069,3069,242,1589,242,242,1563,8778,-6045,-11753,242,3069,3069,2624,2624,3069,3069,3050,3050,-2428,-2428,-3001,-3001,5142,-2428,-2428,-10749,-3001,-3001,-5661,2125,2125,2125,2125,1481,1481,1481,1481,242,1589,242,242,-11753,242,1563,231,8778,3050,3050,3069,3069,2624,2624,3069,3069,242,1589,242,242,-11753,242,1563,8778,3069,3069,3050,3050,3069,3069,2624,2624,-2428,-2428,-3001,-3001,5142,-2428,-2428,-3001,-3001,-5661,-10749,1481,1481,1481,1481,2125,2125,2125,2125,1640,2773,1640,1640,2773,1640,-1319,706,706,757,757,706,706,1640,2773,1640,1640,2773,1640,-1319,706,706,757,757,706,706,1640,2773,1640,1640,2773,1640,-1319,706,706,757,757,1640,2773,1640,1640,2773,1640,-1319,706,706,757,757,1640,2773,1640,1640,2773,1640,-1319,706,706,1640,2773,1640,1640,2773,1640,-1319,706,706,1640,2773,1640,1640,2773,1640,-1319,1640,2773,1640,1640,2773,1640,-1319
0,0,1854,1854,0,-1854,-1854,0,0,0,-1854,-1854,0,1854,1854,0,0,0,0,0,0,0,0,0,0,0,-4007,2549,11854,-2549,4007,11854,0,4007,-2549,-11854,2549,-4007,-11854,0,0,0,0,0,0,0,0,0,0,2549,-4007,11854,4007,-2549,11854,0,-2549,4007,-11854,-4007,2549,-11854,0,0,0,0,0,0,0,0,-3884,8200,2261,2549,3395,0,-3884,-3884,2549,0,2549,4845,2261,-3884,1859,1859,1854,1854,1851,1851,1854,1854,-3884,8200,2549,0,3395,-3884,2549,-3884,0,2549,2261,4845,-3884,1854,1854,1859,1859,1854,1854,1851,1851,-11854,-11854,0,4007,4007,0,11854,11854,-2549,-2549,-4007,-4007,0,0,0,0,0,0,0,0,0,3884,-3395,3884,-8200,-2261,-2549,-2549,3884,-4845,-2261,3884,0,-2549,-1851,-1851,-1854,-1854,-1859,-1859,-1854,-1854,3884,-3395,3884,-8200,-2549,3884,-2549,-2261,-4845,3884,0,-2549,-1854,-1854,-1851,-1851,-1854,-1854,-1859,-1859,-11854,-11854,-4007,-4007,0,0,11854,11854,4007,4007,0,2549,2549,0,0,0,0,0,0,0,0,0,-4007,-11854,4007,-11854,0,0,4007,-2549,11854,2549,-4007,11854,0,0,0,0,0,0,0,0,0,-4007,-11854,4007,-11854,0,0,-2549,4007,11854,-4007,2549,11854,0,0,0,0,0,0,0,0,3884,-4845,3884,3884,-8200,-2261,-2549,-3395,0,3884,-1859,-1859,-1854,-1854,-1851,-1851,-1854,-1854,3884,-4845,3884,3884,-8200,-2549,0,-3395,3884,-1854,-1854,-1859,-1859,-1854,-1854,-1851,-1851,11854,11854,4007,4007,0,-11854,-11854,0,-4007,-4007,0,0,0,0,0,0,0,0,0,-3884,4845,-3884,-3884,3395,-3884,8200,2261,2549,1851,1851,1854,1854,1859,1859,1854,1854,-3884,4845,-3884,-3884,3395,-3884,8200,2549,1854,1854,1851,1851,1854,1854,1859,1859,11854,11854,-4007,-4007,0,-11854,-11854,4007,4007,0,0,0,0,0,0,0,0,0,0,0,1844,0,0,-1844,0,0,0,0,0,0,0,0,0,1844,0,0,-1844,0,0,0,0,0,0,0,0,0,1844,0,0,-1844,0,0,0,0,0,0,0,1844,0,0,-1844,0,0,0,0,0,0,0,-1844,0,0,1844,0,0,0,0,0,-1844,0,0,1844,0,0,0,0,0,-1844,0,0,1844,0,0,0,-1844,0,0,1844,0,0
2937,-2937,1019,-1019,0,-1019,1019,0,2937,-2937,1019,-1019,0,-1019,1019,0,699,699,-699,-699,-699,-699,699,699,17406,-20990,-2918,-791,3654,-791,-2918,3654,16237,-2918,-791,3654,-791,-2918,3654,3429,3429,3385,3385,3385,3385,3429,3429,20990,-17406,791,2918,-3654,2918,791,-3654,-16237,791,2918,-3654,2918,791,-3654,-3385,-3385,-3429,-3429,-3429,-3429,-3385,-3385,-2215,8609,0,-922,-3316,1836,2505,-2215,791,0,-922,6033,5340,2505,1341,1341,1193,1193,715,715,772,772,2215,-8609,922,-1836,3316,-2505,-791,2215,0,922,-5340,-6033,-2505,-1193,-1193,-1341,-1341,-772,-772,-715,-715,4378,-4378,0,-2624,2624,0,4378,-4378,-922,922,-2624,2624,0,2044,2044,-2044,-2044,-143,-143,143,143,2215,3316,-2505,-8609,0,922,-791,2215,-6033,-5340,-2505,0,922,-715,-715,-772,-772,-1341,-1341,-1193,-1193,-2215,-3316,2505,8609,-922,-2215,791,5340,6033,2505,0,-922,772,772,715,715,1193,1193,1341,1341,4378,-4378,2624,-2624,0,0,4378,-4378,2624,-2624,0,922,-922,143,143,-143,-143,-2044,-2044,2044,2044,16237,-2918,3654,-2918,3654,17406,-20990,-2918,-791,3654,-791,-2918,3654,3429,3429,3385,3385,3385,3385,3429,3429,-16237,2918,-3654,2918,-3654,20990,-17406,791,2918,-3654,2918,791,-3654,-3385,-3385,-3429,-3429,-3429,-3429,-3385,-3385,-2215,6033,2505,-2215,8609,0,-922,-3316,1836,2505,1341,1341,1193,1193,715,715,772,772,2215,-6033,-2505,2215,-8609,922,-1836,3316,-2505,-1193,-1193,-1341,-1341,-772,-772,-715,-715,4378,-4378,-2624,2624,0,4378,-4378,0,-2624,2624,0,2044,2044,-2044,-2044,-143,-143,143,143,2215,-6033,-2505,2215,3316,-2505,-8609,0,922,-715,-715,-772,-772,-1341,-1341,-1193,-1193,-2215,6033,2505,-2215,-3316,2505,8609,-922,772,772,715,715,1193,1193,1341,1341,4378,-4378,2624,-2624,0,4378,-4378,2624,-2624,0,0,143,143,-143,-143,-2044,-2044,2044,2044,-2895,453,848,-2895,453,848,1939,0,0,0,0,1976,1976,-2895,453,848,-2895,453,848,1939,0,0,0,0,1976,1976,2895,-453,-848,2895,-453,-848,-1939,-1976,-1976,0,0,2895,-453,-848,2895,-453,-848,-1939,-1976,-1976,0,0,2895,-453,-848,2895,-453,-848,-1939,0,0,2895,-453,-848,2895,-453,-848,-1939,0,0,-2895,453,848,-2895,453,848,1939,-2895,453,848,-2895,453,848,1939
0,0,-1019,-1019,2937,1019,1019,-2937,0,0,-1019,-1019,2937,1019,1019,-2937,-699,-699,-699,-699,699,699,699,699,0,0,-2624,922,4378,-922,2624,-4378,0,-2624,922,4378,-922,2624,-4378,-143,-143,-2044,-2044,2044,2044,143,143,0,0,922,-2624,4378,2624,-922,-4378,0,922,-2624,4378,2624,-922,-4378,-2044,-2044,-143,-143,143,143,2044,2044,-2505,-8609,-5340,-791,3316,0,2215,-2505,922,-1836,-791,-6033,0,2215,-1341,-1341,-772,-772,-715,-715,-1193,-1193,-2505,-8609,-791,0,3316,2215,922,-2505,-1836,-791,0,-6033,2215,-772,-772,-1341,-1341,-1193,-1193,-715,-715,3654,3654,17406,-2918,-2918,-20990,3654,3654,-791,-791,-2918,-2918,16237,3385,3385,3385,3385,3429,3429,3429,3429,2505,-3316,-2215,8609,5340,791,-922,2505,6033,0,-2215,1836,791,715,715,1193,1193,1341,1341,772,772,2505,-3316,-2215,8609,791,2505,-922,0,6033,-2215,1836,791,1193,1193,715,715,772,772,1341,1341,-3654,-3654,2918,2918,20990,-17406,-3654,-3654,2918,2918,-16237,791,791,-3429,-3429,-3429,-3429,-3385,-3385,-3385,-3385,0,-2624,4378,2624,-4378,0,0,-2624,922,4378,-922,2624,-4378,-143,-143,-2044,-2044,2044,2044,143,143,0,-2624,4378,2624,-4378,0,0,922,-2624,4378,2624,-922,-4378,-2044,-2044,-143,-143,143,143,2044,2044,-2505,-6033,2215,-2505,-8609,-5340,-791,3316,0,2215,-1341,-1341,-772,-772,-715,-715,-1193,-1193,-2505,-6033,2215,-2505,-8609,-791,0,3316,2215,-772,-772,-1341,-1341,-1193,-1193,-715,-715,3654,3654,-2918,-2918,16237,3654,3654,17406,-2918,-2918,-20990,3385,3385,3385,3385,3429,3429,3429,3429,2505,6033,-2215,2505,-3316,-2215,8609,5340,791,715,715,1193,1193,1341,1341,772,772,2505,6033,-2215,2505,-3316,-2215,8609,791,1193,1193,715,715,772,772,1341,1341,-3654,-3654,2918,2918,-16237,-3654,-3654,2918,2918,20990,-17406,-3429,-3429,-3429,-3429,-3385,-3385,-3385,-3385,-848,-453,2895,-848,-453,2895,-1939,-1976,-1976,0,0,0,0,-848,-453,2895,-848,-453,2895,-1939,-1976,-1976,0,0,0,0,-848,-453,2895,-848,-453,2895,-1939,0,0,0,0,-848,-453,2895,-848,-453,2895,-1939,0,0,0,0,848,453,-2895,848,453,-2895,1939,1976,1976,848,453,-2895,848,453,-2895,1939,1976,1976,848,453,-2895,848,453,-2895,1939,848,453,-2895,848,453,-2895,1939
0,0,2095,-2095,0,2095,-2095,0,0,0,2095,-2095,0,2095,-2095,0,-359,-359,359,359,-359,-359,359,359,0,0,713,1566,-2771,-1566,-713,2771,0,713,1566,-2771,-1566,-713,2771,-62,-62,204,204,-204,-204,62,62,0,0,-1566,-713,2771,713,1566,-2771,0,-1566,-713,2771,713,1566,-2771,-204,-204,62,62,-62,-62,204,204,4058,-3021,0,-1566,-23657,0,4058,4058,-1566,0,-1566,11413,0,4058,1518,1518,2431,2431,2028,2028,2431,2431,-4058,3021,1566,0,23657,-4058,1566,-4058,0,1566,0,-11413,-4058,-2431,-2431,-1518,-1518,-2431,-2431,-2028,-2028,-2771,2771,0,713,-713,0,-2771,2771,-1566,1566,713,-713,0,-204,-204,204,204,-62,-62,62,62,4058,-23657,4058,-3021,0,-1566,-1566,4058,11413,0,4058,0,-1566,2028,2028,2431,2431,1518,1518,2431,2431,-4058,23657,-4058,3021,1566,-4058,1566,0,-11413,-4058,0,1566,-2431,-2431,-2028,-2028,-2431,-2431,-1518,-1518,2771,-2771,713,-713,0,0,2771,-2771,713,-713,0,-1566,1566,-62,-62,62,62,-204,-204,204,204,0,713,-2771,-713,2771,0,0,713,1566,-2771,-1566,-713,2771,-62,-62,204,204,-204,-204,62,62,0,-713,2771,713,-2771,0,0,-1566,-713,2771,713,1566,-2771,-204,-204,62,62,-62,-62,204,204,4058,11413,4058,4058,-3021,0,-1566,-23657,0,4058,1518,1518,2431,2431,2028,2028,2431,2431,-4058,-11413,-4058,-4058,3021,1566,0,23657,-4058,-2431,-2431,-1518,-1518,-2431,-2431,-2028,-2028,-2771,2771,713,-713,0,-2771,2771,0,713,-713,0,-204,-204,204,204,-62,-62,62,62,4058,11413,4058,4058,-23657,4058,-3021,0,-1566,2028,2028,2431,2431,1518,1518,2431,2431,-4058,-11413,-4058,-4058,23657,-4058,3021,1566,-2431,-2431,-2028,-2028,-2431,-2431,-1518,-1518,2771,-2771,713,-713,0,2771,-2771,713,-713,0,0,-62,-62,62,62,-204,-204,204,204,-590,1906,-590,-590,1906,-590,-321,0,0,-1062,-1062,0,0,-590,1906,-590,-590,1906,-590,-321,0,0,-1062,-1062,0,0,590,-1906,590,590,-1906,590,321,0,0,1062,1062,590,-1906,590,590,-1906,590,321,0,0,1062,1062,-590,1906,-590,-590,1906,-590,-321,0,0,-590,1906,-590,-590,1906,-590,-321,0,0,590,-1906,590,590,-1906,590,321,590,-1906,590,590,-1906,590,321
0,0,155,2413,0,155,2413,0,0,0,-155,-2413,0,-155,-2413,0,0,0,0,0,0,0,0,0,0,0,4919,-7001,-5922,4666,-7343,7558,0,-4919,7001,5922,-4666,7343,-7558,0,0,0,0,0,0,0,0,0,0,4666,-7343,-7558,4919,-7001,5922,0,-4666,7343,7558,-4919,7001,-5922,0,0,0,0,0,0,0,0,-9446,350,7378,-5607,-301,-6298,9872,-9446,4666,5538,-5607,175,-6488,9872,158,158,164,164,157,157,152,152,2700,5453,-7660,-6298,-4684,3940,-7001,2700,-5538,-7660,6488,2724,3940,2462,2462,2464,2464,2461,2461,2451,2451,4997,-6857,0,-5906,-8037,0,-4997,6857,5607,7660,5906,8037,0,0,0,0,0,0,0,0,0,-9446,-301,9872,350,7378,-5607,4666,-9446,175,-6488,9872,5538,-5607,157,157,152,152,158,158,164,164,2700,-4684,3940,5453,-7660,2700,-7001,6488,2724,3940,-5538,-7660,2461,2461,2451,2451,2462,2462,2464,2464,6857,-4997,-5906,-8037,0,0,-6857,4997,5906,8037,0,5607,7660,0,0,0,0,0,0,0,0,0,4919,5922,-7343,-7558,0,0,-4919,7001,-5922,-4666,7343,7558,0,0,0,0,0,0,0,0,0,-7343,7558,4919,-5922,0,0,-4666,7343,-7558,-4919,7001,5922,0,0,0,0,0,0,0,0,9446,-175,-9872,9446,-350,-7378,5607,301,6298,-9872,-158,-158,-164,-164,-157,-157,-152,-152,-2700,-2724,-3940,-2700,-5453,7660,6298,4684,-3940,-2462,-2462,-2464,-2464,-2461,-2461,-2451,-2451,-4997,6857,-5906,-8037,0,4997,-6857,0,5906,8037,0,0,0,0,0,0,0,0,0,9446,-175,-9872,9446,301,-9872,-350,-7378,5607,-157,-157,-152,-152,-158,-158,-164,-164,-2700,-2724,-3940,-2700,4684,-3940,-5453,7660,-2461,-2461,-2451,-2451,-2462,-2462,-2464,-2464,-6857,4997,-5906,-8037,0,6857,-4997,5906,8037,0,0,0,0,0,0,0,0,0,0,0,157,0,0,-157,0,0,0,0,0,0,0,0,0,157,0,0,-157,0,0,0,0,0,0,0,0,0,2454,0,0,-2454,0,0,0,0,-4,4,0,2454,0,0,-2454,0,0,0,0,4,-4,0,157,0,0,-157,0,0,0,0,0,157,0,0,-157,0,0,0,0,0,2454,0,0,-2454,0,0,0,2454,0,0,-2454,0,0
0,0,-2413,155,0,-2413,155,0,0,0,2413,-155,0,2413,-155,0,0,0,0,0,0,0,0,0,0,0,8037,-5607,6857,7660,-5906,-4997,0,-8037,5607,-6857,-7660,5906,4997,0,0,0,0,0,0,0,0,0,0,7660,-5906,4997,8037,-5607,-6857,0,-7660,5906,-4997,-8037,5607,6857,0,0,0,0,0,0,0,0,-3940,-5453,-6488,7001,4684,5538,-2700,-3940,7660,6298,7001,-2724,-7378,-2700,-2464,-2464,-2461,-2461,-2451,-2451,-2462,-2462,9872,350,4666,5538,-301,-9446,-5607,9872,-6298,4666,7378,175,-9446,152,152,158,158,164,164,157,157,7558,-5922,0,7343,4919,0,-7558,5922,-7001,-4666,-7343,-4919,0,0,0,0,0,0,0,0,0,-3940,4684,-2700,-5453,-6488,7001,7660,-3940,-2724,-7378,-2700,6298,7001,-2451,-2451,-2462,-2462,-2464,-2464,-2461,-2461,9872,-301,-9446,350,4666,9872,-5607,7378,175,-9446,-6298,4666,164,164,157,157,152,152,158,158,5922,-7558,7343,4919,0,0,-5922,7558,-7343,-4919,0,-7001,-4666,0,0,0,0,0,0,0,0,0,8037,-6857,-5906,4997,0,0,-8037,5607,6857,-7660,5906,-4997,0,0,0,0,0,0,0,0,0,-5906,-4997,8037,6857,0,0,-7660,5906,4997,-8037,5607,-6857,0,0,0,0,0,0,0,0,3940,2724,2700,3940,5453,6488,-7001,-4684,-5538,2700,2464,2464,2461,2461,2451,2451,2462,2462,-9872,-175,9446,-9872,-350,-4666,-5538,301,9446,-152,-152,-158,-158,-164,-164,-157,-157,-7558,5922,7343,4919,0,7558,-5922,0,-7343,-4919,0,0,0,0,0,0,0,0,0,3940,2724,2700,3940,-4684,2700,5453,6488,-7001,2451,2451,2462,2462,2464,2464,2461,2461,-9872,-175,9446,-9872,301,9446,-350,-4666,-164,-164,-157,-157,-152,-152,-158,-158,-5922,7558,7343,4919,0,5922,-7558,-7343,-4919,0,0,0,0,0,0,0,0,0,0,0,-2454,0,0,2454,0,0,0,0,4,-4,0,0,0,-2454,0,0,2454,0,0,0,0,-4,4,0,0,0,157,0,0,-157,0,0,0,0,0,0,0,157,0,0,-157,0,0,0,0,0,0,0,-2454,0,0,2454,0,0,0,0,0,-2454,0,0,2454,0,0,0,0,0,157,0,0,-157,0,0,0,157,0,0,-157,0,0
0,0,1835,-1835,0,-1835,1835,0,0,0,-1835,1835,0,1835,-1835,0,0,0,0,0,0,0,0,0,0,0,-3882,5420,-3844,5420,-3882,3844,0,3882,-5420,3844,-5420,3882,-3844,0,0,0,0,0,0,0,0,0,0,-5420,3882,3844,3882,-5420,-3844,0,5420,-3882,-3844,-3882,5420,3844,0,0,0,0,0,0,0,0,9111,7865,0,-5420,-12677,-4835,9111,9111,-5420,-4835,-5420,2688,0,9111,1829,1829,1830,1830,1830,1830,1830,1830,-9111,-7865,5420,4835,12677,-9111,5420,-9111,4835,5420,0,-2688,-9111,-1830,-1830,-1829,-1829,-1830,-1830,-1830,-1830,3844,-3844,0,3882,-3882,0,-3844,3844,5420,-5420,-3882,3882,0,0,0,0,0,0,0,0,0,-9111,12677,-9111,-7865,0,5420,5420,-9111,-2688,0,-9111,4835,5420,-1830,-1830,-1830,-1830,-1829,-1829,-1830,-1830,9111,-12677,9111,7865,-5420,9111,-5420,0,2688,9111,-4835,-5420,1830,1830,1830,1830,1830,1830,1829,1829,-3844,3844,-3882,3882,0,0,3844,-3844,3882,-3882,0,-5420,5420,0,0,0,0,0,0,0,0,0,-3882,3844,-3882,-3844,0,0,3882,-5420,-3844,-5420,3882,3844,0,0,0,0,0,0,0,0,0,3882,-3844,3882,3844,0,0,5420,-3882,3844,-3882,5420,-3844,0,0,0,0,0,0,0,0,-9111,-2688,-9111,-9111,-7865,0,5420,12677,4835,-9111,-1829,-1829,-1830,-1830,-1830,-1830,-1830,-1830,9111,2688,9111,9111,7865,-5420,-4835,-12677,9111,1830,1830,1829,1829,1830,1830,1830,1830,-3844,3844,3882,-3882,0,3844,-3844,0,-3882,3882,0,0,0,0,0,0,0,0,0,9111,2688,9111,9111,-12677,9111,7865,0,-5420,1830,1830,1830,1830,1829,1829,1830,1830,-9111,-2688,-9111,-9111,12677,-9111,-7865,5420,-1830,-1830,-1830,-1830,-1830,-1830,-1829,-1829,3844,-3844,-3882,3882,0,-3844,3844,3882,-3882,0,0,0,0,0,0,0,0,0,0,0,1832,0,0,-1832,0,0,0,0,0,0,0,0,0,1832,0,0,-1832,0,0,0,0,0,0,0,0,0,-1832,0,0,1832,0,0,0,0,0,0,0,-1832,0,0,1832,0,0,0,0,0,0,0,-1832,0,0,1832,0,0,0,0,0,-1832,0,0,1832,0,0,0,0,0,1832,0,0,-1832,0,0,0,1832,0,0,-1832,0,0
224,224,0,0,0,0,0,0,-224,-224,0,0,0,0,0,0,0,0,0,0,0,0,0,0,17329,-25340,-802,2832,8614,2832,-802,8614,-12116,-802,2832,8614,2832,-802,8614,212,212,207,207,207,207,212,212,-25340,17329,2832,-802,8614,-802,2832,8614,-12116,2832,-802,8614,-802,2832,8614,207,207,212,212,212,212,207,207,4777,0,0,3303,0,0,-68,-4777,-2832,0,-3303,0,0,68,0,0,0,0,0,0,0,0,4777,0,3303,0,0,-68,-2832,-4777,0,-3303,0,0,68,0,0,0,0,0,0,0,0,5966,5966,0,2221,2221,0,-5966,-5966,-3303,-3303,-2221,-2221,0,0,0,0,0,0,0,0,0,4777,0,68,0,0,-3303,-2832,-4777,0,0,-68,0,3303,0,0,0,0,0,0,0,0,4777,0,68,0,-3303,-4777,-2832,0,0,-68,0,3303,0,0,0,0,0,0,0,0,5966,5966,-2221,-2221,0,0,-5966,-5966,2221,2221,0,3303,3303,0,0,0,0,0,0,0,0,12116,802,-8614,802,-8614,-17329,25340,802,-2832,-8614,-2832,802,-8614,-212,-212,-207,-207,-207,-207,-212,-212,12116,802,-8614,802,-8614,25340,-17329,-2832,802,-8614,802,-2832,-8614,-207,-207,-212,-212,-212,-212,-207,-207,4777,0,68,-4777,0,0,3303,0,0,-68,0,0,0,0,0,0,0,0,4777,0,68,-4777,0,3303,0,0,-68,0,0,0,0,0,0,0,0,5966,5966,-2221,-2221,0,-5966,-5966,0,2221,2221,0,0,0,0,0,0,0,0,0,4777,0,-68,-4777,0,68,0,0,-3303,0,0,0,0,0,0,0,0,4777,0,-68,-4777,0,68,0,-3303,0,0,0,0,0,0,0,0,5966,5966,2221,2221,0,-5966,-5966,-2221,-2221,0,0,0,0,0,0,0,0,0,0,212,0,0,-212,0,0,0,-4,4,0,0,0,0,212,0,0,-212,0,0,0,4,-4,0,0,0,0,212,0,0,-212,0,0,0,0,0,0,0,212,0,0,-212,0,0,0,0,0,0,0,212,0,0,-212,0,0,0,4,-4,212,0,0,-212,0,0,0,-4,4,212,0,0,-212,0,0,0,212,0,0,-212,0,0,0
0,0,0,0,-224,0,0,-224,0,0,0,0,224,0,0,224,0,0,0,0,0,0,0,0,0,0,-2221,3303,-5966,-3303,2221,-5966,0,2221,-3303,5966,3303,-2221,5966,0,0,0,0,0,0,0,0,0,0,3303,-2221,-5966,2221,-3303,-5966,0,-3303,2221,5966,-2221,3303,5966,0,0,0,0,0,0,0,0,-68,0,0,-2832,0,0,-4777,68,-3303,0,2832,0,0,4777,0,0,0,0,0,0,0,0,-68,0,-2832,0,0,-4777,-3303,68,0,2832,0,0,4777,0,0,0,0,0,0,0,0,-8614,-8614,-17329,802,802,25340,-8614,-8614,-2832,-2832,802,802,12116,-207,-207,-207,-207,-212,-212,-212,-212,68,0,-4777,0,0,-2832,3303,-68,0,0,4777,0,2832,0,0,0,0,0,0,0,0,68,0,-4777,0,-2832,-68,3303,0,0,4777,0,2832,0,0,0,0,0,0,0,0,-8614,-8614,802,802,25340,-17329,-8614,-8614,802,802,12116,-2832,-2832,-212,-212,-212,-212,-207,-207,-207,-207,0,2221,-5966,-2221,-5966,0,0,-2221,3303,5966,-3303,2221,5966,0,0,0,0,0,0,0,0,0,2221,-5966,-2221,-5966,0,0,3303,-2221,5966,2221,-3303,5966,0,0,0,0,0,0,0,0,68,0,-4777,-68,0,0,2832,0,0,4777,0,0,0,0,0,0,0,0,68,0,-4777,-68,0,2832,0,0,4777,0,0,0,0,0,0,0,0,8614,8614,-802,-802,-12116,8614,8614,17329,-802,-802,-25340,207,207,207,207,212,212,212,212,-68,0,-4777,68,0,4777,0,0,2832,0,0,0,0,0,0,0,0,-68,0,-4777,68,0,4777,0,2832,0,0,0,0,0,0,0,0,8614,8614,-802,-802,-12116,8614,8614,-802,-802,-25340,17329,212,212,212,212,207,207,207,207,0,0,-212,0,0,212,0,0,0,0,0,4,-4,0,0,-212,0,0,212,0,0,0,0,0,-4,4,0,0,-212,0,0,212,0,4,-4,0,0,0,0,-212,0,0,212,0,-4,4,0,0,0,0,-212,0,0,212,0,0,0,0,0,-212,0,0,212,0,0,0,0,0,-212,0,0,212,0,0,0,-212,0,0,212,0
0,0,3832,-3832,0,-3832,3832,0,0,0,-3832,3832,0,3832,-3832,0,0,0,0,0,0,0,0,0,0,0,-60,-5449,-7795,-5449,-60,7795,0,60,5449,7795,5449,60,-7795,0,0,0,0,0,0,0,0,0,0,5449,60,7795,60,5449,-7795,0,-5449,-60,-7795,-60,-5449,7795,0,0,0,0,0,0,0,0,-477,-15062,0,5449,-740,-4415,-477,-477,5449,-4415,5449,9367,0,-477,3839,3839,3837,3837,3837,3837,3837,3837,477,15062,-5449,4415,740,477,-5449,477,4415,-5449,0,-9367,477,-3837,-3837,-3839,-3839,-3837,-3837,-3837,-3837,7795,-7795,0,60,-60,0,-7795,7795,-5449,5449,-60,60,0,0,0,0,0,0,0,0,0,477,740,477,15062,0,-5449,-5449,477,-9367,0,477,4415,-5449,-3837,-3837,-3837,-3837,-3839,-3839,-3837,-3837,-477,-740,-477,-15062,5449,-477,5449,0,9367,-477,-4415,5449,3837,3837,3837,3837,3837,3837,3839,3839,-7795,7795,-60,60,0,0,7795,-7795,60,-60,0,5449,-5449,0,0,0,0,0,0,0,0,0,-60,7795,-60,-7795,0,0,60,5449,-7795,5449,60,7795,0,0,0,0,0,0,0,0,0,60,-7795,60,7795,0,0,-5449,-60,7795,-60,-5449,-7795,0,0,0,0,0,0,0,0,477,-9367,477,477,15062,0,-5449,740,4415,477,-3839,-3839,-3837,-3837,-3837,-3837,-3837,-3837,-477,9367,-477,-477,-15062,5449,-4415,-740,-477,3837,3837,3839,3839,3837,3837,3837,3837,-7795,7795,60,-60,0,7795,-7795,0,-60,60,0,0,0,0,0,0,0,0,0,-477,9367,-477,-477,-740,-477,-15062,0,5449,3837,3837,3837,3837,3839,3839,3837,3837,477,-9367,477,477,740,477,15062,-5449,-3837,-3837,-3837,-3837,-3837,-3837,-3839,-3839,7795,-7795,-60,60,0,-7795,7795,60,-60,0,0,0,0,0,0,0,0,0,0,0,3837,0,0,-3837,0,0,0,0,0,0,0,0,0,3837,0,0,-3837,0,0,0,0,0,0,0,0,0,-3837,0,0,3837,0,0,0,0,0,0,0,-3837,0,0,3837,0,0,0,0,0,0,0,-3837,0,0,3837,0,0,0,0,0,-3837,0,0,3837,0,0,0,0,0,3837,0,0,-3837,0,0,0,3837,0,0,-3837,0,0
0,0,0,0,0,0,0,0,0,0,0,0,0,0,0,0,0,0,0,0,0,0,0,0,0,0,-1710,-13566,-4952,13566,1710,4952,0,-1710,-13566,-4952,13566,1710,4952,-2,-2,-8,-8,8,8,2,2,0,0,13566,1710,4952,-1710,-13566,-4952,0,13566,1710,4952,-1710,-13566,-4952,8,8,2,2,-2,-2,-8,-8,-1835,0,0,-13566,0,0,1835,-1835,13566,0,-13566,0,0,1835,0,0,2,2,0,0,-2,-2,1835,0,13566,0,0,-1835,-13566,1835,0,13566,0,0,-1835,-2,-2,0,0,2,2,0,0,4952,-4952,0,1710,-1710,0,4952,-4952,-13566,13566,1710,-1710,0,-8,-8,8,8,2,2,-2,-2,-1835,0,1835,0,0,-13566,13566,-1835,0,0,1835,0,-13566,0,0,-2,-2,0,0,2,2,1835,0,-1835,0,13566,1835,-13566,0,0,-1835,0,13566,2,2,0,0,-2,-2,0,0,-4952,4952,1710,-1710,0,0,-4952,4952,1710,-1710,0,-13566,13566,2,2,-2,-2,-8,-8,8,8,0,-1710,-4952,1710,4952,0,0,-1710,-13566,-4952,13566,1710,4952,-2,-2,-8,-8,8,8,2,2,0,1710,4952,-1710,-4952,0,0,13566,1710,4952,-1710,-13566,-4952,8,8,2,2,-2,-2,-8,-8,-1835,0,1835,-1835,0,0,-13566,0,0,1835,0,0,2,2,0,0,-2,-2,1835,0,-1835,1835,0,13566,0,0,-1835,-2,-2,0,0,2,2,0,0,4952,-4952,1710,-1710,0,4952,-4952,0,1710,-1710,0,-8,-8,8,8,2,2,-2,-2,-1835,0,1835,-1835,0,1835,0,0,-13566,0,0,-2,-2,0,0,2,2,1835,0,-1835,1835,0,-1835,0,13566,2,2,0,0,-2,-2,0,0,-4952,4952,1710,-1710,0,-4952,4952,1710,-1710,0,0,2,2,-2,-2,-8,-8,8,8,-3,0,3,-3,0,3,0,0,0,0,0,0,0,-3,0,3,-3,0,3,0,0,0,0,0,0,0,3,0,-3,3,0,-3,0,0,0,0,0,3,0,-3,3,0,-3,0,0,0,0,0,-3,0,3,-3,0,3,0,0,0,-3,0,3,-3,0,3,0,0,0,3,0,-3,3,0,-3,0,3,0,-3,3,0,-3,0
