0,0,0,0,0,0,0,0,0,0,0,0,0,0,0,0,-20547,20547,-6473,6473,2148,-2148,5952,-5952,0,0,0,0,0,0,0,0,0,0,0,0,0,0,0,11739,-11739,-27342,27342,-7585,7585,1148,-1148,0,0,0,0,0,0,0,0,0,0,0,0,0,0,0,-10156,10156,24627,-24627,6268,-6268,-2305,2305,0,0,0,0,0,0,0,0,0,0,0,0,0,0,101862,-101862,6341,-6341,75966,-75966,23095,-23095,0,0,0,0,0,0,0,0,0,0,0,0,0,-20418,20418,52887,-52887,52434,-52434,20935,-20935,0,0,0,0,0,0,0,0,0,0,0,0,0,6051,-6051,2262,-2262,6858,-6858,21955,-21955,0,0,0,0,0,0,0,0,0,0,0,0,0,3604,-3604,-22483,22483,-90772,90772,-8254,8254,0,0,0,0,0,0,0,0,0,0,0,0,-30819,30819,-18680,18680,-47079,47079,-52573,52573,0,0,0,0,0,0,0,0,0,0,0,0,0,-2311,2311,-1036,1036,-8265,8265,-26307,26307,0,0,0,0,0,0,0,0,0,0,0,0,0,-2900,2900,26263,-26263,7942,-7942,-3709,3709,0,0,0,0,0,0,0,0,0,0,0,0,0,6731,-6731,-21843,21843,-7192,7192,3297,-3297,0,0,0,0,0,0,0,0,0,0,84928,-84928,-22483,22483,-78405,78405,-8254,8254,0,0,0,0,0,0,0,0,0,-30819,30819,5957,-5957,-47079,47079,-27697,27697,0,0,0,0,0,0,0,0,0,0,0,-9476,9476,-3341,3341,-7782,7782,-24515,24515,0,0,0,0,0,0,0,0,0,19739,-19739,6341,-6341,71249,-71249,23095,-23095,0,0,0,0,0,0,0,0,-20418,20418,26034,-26034,52434,-52434,-1531,1531,0,0,0,0,0,0,0,0,0,0,0,11150,-11150,3821,-3821,8623,-8623,27299,-27299,-18145,13842,-1471,-772,7608,-17445,254,51662,26909,5123,6319,27906,50665,18145,-13842,1471,772,-7608,17445,-254,-26909,-51662,-6319,-5123,-50665,-27906,-30554,12017,-98,24594,-5259,-5862,80,8270,16482,145,3459,30554,-12017,98,-24594,5259,5862,-80,-16482,-8270,-3459,-145,-6998,-30942,-7698,8975,28700,9675,-27,-15485,7273,6998,30942,7698,-8975,-28700,-9675,27,-7273,15485,-142,-12501,-24834,5622,6288,30313,-74,142,12501,24834,-5622,-6288,-30313,74
0,0,0,0,0,0,0,0,0,0,0,0,0,0,0,0,-1898,1898,18208,-18208,761,-761,12977,-12977,0,0,0,0,0,0,0,0,0,0,0,0,0,0,0,-20181,20181,-958,958,-16865,16865,-1931,1931,0,0,0,0,0,0,0,0,0,0,0,0,0,0,0,23593,-23593,-1770,1770,14511,-14511,89,-89,0,0,0,0,0,0,0,0,0,0,0,0,0,0,11625,-11625,54128,-54128,6697,-6697,-27912,27912,0,0,0,0,0,0,0,0,0,0,0,0,0,-524,524,-31598,31598,5544,-5544,-75770,75770,0,0,0,0,0,0,0,0,0,0,0,0,0,16770,-16770,2510,-2510,-20753,20753,-645,645,0,0,0,0,0,0,0,0,0,0,0,0,0,-1779,1779,-8723,8723,-10939,10939,60272,-60272,0,0,0,0,0,0,0,0,0,0,0,0,-4208,4208,-59092,59092,-3647,3647,12801,-12801,0,0,0,0,0,0,0,0,0,0,0,0,0,-14267,14267,-4776,4776,23815,-23815,-1394,1394,0,0,0,0,0,0,0,0,0,0,0,0,0,20998,-20998,3993,-3993,16992,-16992,-3651,3651,0,0,0,0,0,0,0,0,0,0,0,0,0,-23910,23910,-6062,6062,-14838,14838,2074,-2074,0,0,0,0,0,0,0,0,0,0,5627,-5627,-8723,8723,-7561,7561,60272,-60272,0,0,0,0,0,0,0,0,0,-4208,4208,-133927,133927,-3647,3647,61027,-61027,0,0,0,0,0,0,0,0,0,0,0,-17086,17086,525,-525,20426,-20426,-4937,4937,0,0,0,0,0,0,0,0,0,3935,-3935,54128,-54128,4024,-4024,-27912,27912,0,0,0,0,0,0,0,0,-524,524,38406,-38406,5544,-5544,-130774,130774,0,0,0,0,0,0,0,0,0,0,0,15083,-15083,-3056,3056,-23688,23688,3557,-3557,23561,2095,16542,-25308,-113,-18289,23,-31185,38441,317,740,-21184,28440,-23561,-2095,-16542,25308,113,18289,-23,-38441,31185,-740,-317,-28440,21184,5835,9330,9402,10928,-28339,7361,-225,-36267,-33359,-8683,-1456,-5835,-9330,-9402,-10928,28339,-7361,225,33359,36267,1456,8683,-17065,-3151,24785,17765,2357,-24085,-9,-26266,23358,17065,3151,-24785,-17765,-2357,24085,9,-23358,26266,4953,19652,3427,6994,-33200,8520,-161,-4953,-19652,-3427,-6994,33200,-8520,161
0,0,0,0,0,0,0,0,0,0,0,0,0,0,0,0,2313,-2313,-361,361,22326,-22326,-464,464,0,0,0,0,0,0,0,0,0,0,0,0,0,0,0,-89,89,2987,-2987,2465,-2465,25345,-25345,0,0,0,0,0,0,0,0,0,0,0,0,0,0,0,-278,278,-2538,2538,-5326,5326,-29161,29161,0,0,0,0,0,0,0,0,0,0,0,0,0,0,77508,-77508,-1573,1573,-21370,21370,297,-297,0,0,0,0,0,0,0,0,0,0,0,0,0,56947,-56947,-186,186,22235,-22235,1620,-1620,0,0,0,0,0,0,0,0,0,0,0,0,0,-412,412,29092,-29092,-4394,4394,-2516,2516,0,0,0,0,0,0,0,0,0,0,0,0,0,-85179,85179,672,-672,-92359,92359,-1453,1453,0,0,0,0,0,0,0,0,0,0,0,0,-51179,51179,1947,-1947,33437,-33437,683,-683,0,0,0,0,0,0,0,0,0,0,0,0,0,27,-27,-25168,25168,1390,-1390,2979,-2979,0,0,0,0,0,0,0,0,0,0,0,0,0,-906,906,-3047,3047,1256,-1256,-25146,25146,0,0,0,0,0,0,0,0,0,0,0,0,0,664,-664,2693,-2693,-4278,4278,29084,-29084,0,0,0,0,0,0,0,0,0,0,-98535,98535,672,-672,-3993,3993,-1453,1453,0,0,0,0,0,0,0,0,0,-51179,51179,3469,-3469,33437,-33437,-1094,1094,0,0,0,0,0,0,0,0,0,0,0,797,-797,-29152,29152,-5210,5210,2715,-2715,0,0,0,0,0,0,0,0,0,82552,-82552,-1573,1573,-110597,110597,297,-297,0,0,0,0,0,0,0,0,56947,-56947,-1536,1536,22235,-22235,3531,-3531,0,0,0,0,0,0,0,0,0,0,0,-1022,1022,25323,-25323,2332,-2332,-3056,3056,580,31194,443,1549,-33609,1687,-29,-3732,-5113,-6860,5572,-3536,-5309,-580,-31194,-443,-1549,33609,-1687,29,5113,3732,-5572,6860,5309,3536,2938,-484,29794,-3270,861,-30126,4,-41995,43376,230,-29,-2938,484,-29794,3270,-861,30126,-4,-43376,41995,29,-230,10899,-8297,9792,9655,-15010,10762,-276,-41799,-43572,-10899,8297,-9792,-9655,15010,-10762,276,43572,41799,-30174,-282,2891,29747,766,-3317,6,30174,282,-2891,-29747,-766,3317,-6
-16841,16841,6110,-8660,-2907,-6110,8660,2907,-16841,16841,6110,-8660,-2907,-6110,8660,2907,2971,2971,-4211,-4211,-2971,-2971,4211,4211,-17441,-36457,9919,-15999,-4816,-5165,21879,-14650,-4245,9919,-15999,-4816,-5165,21879,-14650,13423,13423,50,50,-3355,-3355,13326,13326,36457,17441,5165,-21879,14650,-9919,15999,4816,4245,5165,-21879,14650,-9919,15999,4816,3355,3355,-13326,-13326,-13423,-13423,-50,-50,-25088,-41923,-3590,29550,37577,28771,8081,-25088,5165,-4967,29550,13984,20797,8081,-22032,-22032,-26456,-26456,-14000,-14000,22679,22679,23754,59419,-33204,-28771,-53259,351,-15999,23754,-4967,-33204,-20797,-19820,351,20010,20010,31227,31227,-14657,-14657,19843,19843,26801,-30161,-3011,-31891,37381,-6294,26801,-30161,29550,-33204,-31891,37381,-733,-10147,-10147,9577,9577,2591,2591,2027,2027,25088,-37577,-8081,41923,3590,-29550,-5165,25088,-13984,-20797,-8081,4967,-29550,14000,14000,-22679,-22679,22032,22032,26456,26456,-23754,53259,-351,-59419,33204,-23754,15999,20797,19820,-351,4967,33204,14657,14657,-19843,-19843,-20010,-20010,-31227,-31227,30161,-26801,31891,-37381,6294,3011,30161,-26801,31891,-37381,733,-29550,33204,-2591,-2591,-2027,-2027,10147,10147,-9577,-9577,-4245,9919,-4816,21879,-14650,-17441,-36457,9919,-15999,-4816,-5165,21879,-14650,13423,13423,50,50,-3355,-3355,13326,13326,4245,-21879,14650,-9919,4816,36457,17441,5165,-21879,14650,-9919,15999,4816,3355,3355,-13326,-13326,-13423,-13423,-50,-50,-25088,13984,8081,-25088,-41923,-3590,29550,37577,28771,8081,-22032,-22032,-26456,-26456,-14000,-14000,22679,22679,23754,-19820,351,23754,59419,-33204,-28771,-53259,351,20010,20010,31227,31227,-14657,-14657,19843,19843,26801,-30161,-31891,37381,-733,26801,-30161,-3011,-31891,37381,-6294,-10147,-10147,9577,9577,2591,2591,2027,2027,25088,-13984,-8081,25088,-37577,-8081,41923,3590,-29550,14000,14000,-22679,-22679,22032,22032,26456,26456,-23754,19820,-351,-23754,53259,-351,-59419,33204,14657,14657,-19843,-19843,-20010,-20010,-31227,-31227,30161,-26801,31891,-37381,733,30161,-26801,31891,-37381,6294,3011,-2591,-2591,-2027,-2027,10147,10147,-9577,-9577,-1000,-23421,6782,-1000,-23421,6782,1954,3480,3480,0,0,-20158,-20158,-1000,-23421,6782,-1000,-23421,6782,1954,3480,3480,0,0,-20158,-20158,-1352,33195,-6842,-1352,33195,-6842,-2770,20158,20158,0,0,-1352,33195,-6842,-1352,33195,-6842,-2770,20158,20158,0,0,1000,23421,-6782,1000,23421,-6782,-1954,-3480,-3480,1000,23421,-6782,1000,23421,-6782,-1954,-3480,-3480,1352,-33195,6842,1352,-33195,6842,2770,1352,-33195,6842,1352,-33195,6842,2770
2907,-2907,-8660,-6110,-16841,8660,6110,16841,2907,-2907,-8660,-6110,-16841,8660,6110,16841,-4211,-4211,-2971,-2971,4211,4211,2971,2971,3011,6294,-37381,-29550,30161,33204,31891,-26801,733,-37381,-29550,30161,33204,31891,-26801,-2027,-2027,10147,10147,-9577,-9577,-2591,-2591,-6294,-3011,-33204,-31891,26801,37381,29550,-30161,-733,-33204,-31891,26801,37381,29550,-30161,9577,9577,2591,2591,2027,2027,-10147,-10147,351,59419,-20797,-15999,-53259,-4967,23754,351,-33204,-28771,-15999,-19820,-3590,23754,31227,31227,-14657,-14657,19843,19843,20010,20010,-8081,41923,-5165,4967,-37577,25088,-29550,-8081,-28771,-5165,3590,-13984,25088,-22679,-22679,22032,22032,26456,26456,14000,14000,-14650,-4816,-17441,21879,9919,-36457,-14650,-4816,-15999,-5165,21879,9919,-4245,50,50,-3355,-3355,13326,13326,13423,13423,-351,53259,-23754,-59419,20797,15999,33204,-351,19820,3590,-23754,28771,15999,-19843,-19843,-20010,-20010,-31227,-31227,14657,14657,8081,37577,-25088,-41923,5165,8081,29550,-3590,13984,-25088,28771,5165,-26456,-26456,-14000,-14000,22679,22679,-22032,-22032,4816,14650,-21879,-9919,36457,17441,4816,14650,-21879,-9919,4245,15999,5165,-13326,-13326,-13423,-13423,-50,-50,3355,3355,733,-37381,30161,31891,-26801,3011,6294,-37381,-29550,30161,33204,31891,-26801,-2027,-2027,10147,10147,-9577,-9577,-2591,-2591,-733,-31891,26801,37381,-30161,-6294,-3011,-33204,-31891,26801,37381,29550,-30161,9577,9577,2591,2591,2027,2027,-10147,-10147,351,-19820,23754,351,59419,-20797,-15999,-53259,-4967,23754,31227,31227,-14657,-14657,19843,19843,20010,20010,-8081,-13984,25088,-8081,41923,-5165,4967,-37577,25088,-22679,-22679,22032,22032,26456,26456,14000,14000,-14650,-4816,21879,9919,-4245,-14650,-4816,-17441,21879,9919,-36457,50,50,-3355,-3355,13326,13326,13423,13423,-351,19820,-23754,-351,53259,-23754,-59419,20797,15999,-19843,-19843,-20010,-20010,-31227,-31227,14657,14657,8081,13984,-25088,8081,37577,-25088,-41923,5165,-26456,-26456,-14000,-14000,22679,22679,-22032,-22032,4816,14650,-21879,-9919,4245,4816,14650,-21879,-9919,36457,17441,-13326,-13326,-13423,-13423,-50,-50,3355,3355,-6842,33195,-1352,-6842,33195,-1352,-2770,20158,20158,0,0,3480,3480,-6842,33195,-1352,-6842,33195,-1352,-2770,20158,20158,0,0,3480,3480,-6782,23421,1000,-6782,23421,1000,-1954,-3480,-3480,0,0,-6782,23421,1000,-6782,23421,1000,-1954,-3480,-3480,0,0,6842,-33195,1352,6842,-33195,1352,2770,-20158,-20158,6842,-33195,1352,6842,-33195,1352,2770,-20158,-20158,6782,-23421,-1000,6782,-23421,-1000,1954,6782,-23421,-1000,6782,-23421,-1000,1954
0,0,23760,-23760,0,-23760,23760,0,0,0,-23760,23760,0,23760,-23760,0,0,0,0,0,0,0,0,0,0,0,-1811,-5890,-12130,-5890,-1811,12130,0,1811,5890,12130,5890,1811,-12130,0,0,0,0,0,0,0,0,0,0,5890,1811,12130,1811,5890,-12130,0,-5890,-1811,-12130,-1811,-5890,12130,0,0,0,0,0,0,0,0,702,37876,0,5890,31881,-13770,702,702,5890,-13770,5890,48268,0,702,-31050,-31050,21227,21227,1071,1071,21227,21227,-702,-37876,-5890,13770,-31881,-702,-5890,-702,13770,-5890,0,-48268,-702,-21227,-21227,31050,31050,-21227,-21227,-1071,-1071,12130,-12130,0,1811,-1811,0,-12130,12130,-5890,5890,-1811,1811,0,0,0,0,0,0,0,0,0,-702,-31881,-702,-37876,0,-5890,-5890,-702,-48268,0,-702,13770,-5890,-1071,-1071,-21227,-21227,31050,31050,-21227,-21227,702,31881,702,37876,5890,702,5890,0,48268,702,-13770,5890,21227,21227,1071,1071,21227,21227,-31050,-31050,-12130,12130,-1811,1811,0,0,12130,-12130,1811,-1811,0,5890,-5890,0,0,0,0,0,0,0,0,0,-1811,12130,-1811,-12130,0,0,1811,5890,-12130,5890,1811,12130,0,0,0,0,0,0,0,0,0,1811,-12130,1811,12130,0,0,-5890,-1811,12130,-1811,-5890,-12130,0,0,0,0,0,0,0,0,-702,-48268,-702,-702,-37876,0,-5890,-31881,13770,-702,31050,31050,-21227,-21227,-1071,-1071,-21227,-21227,702,48268,702,702,37876,5890,-13770,31881,702,21227,21227,-31050,-31050,21227,21227,1071,1071,-12130,12130,1811,-1811,0,12130,-12130,0,-1811,1811,0,0,0,0,0,0,0,0,0,702,48268,702,702,31881,702,37876,0,5890,1071,1071,21227,21227,-31050,-31050,21227,21227,-702,-48268,-702,-702,-31881,-702,-37876,-5890,-21227,-21227,-1071,-1071,-21227,-21227,31050,31050,12130,-12130,-1811,1811,0,-12130,12130,1811,-1811,0,0,0,0,0,0,0,0,0,0,0,-79653,0,0,79653,0,0,0,0,0,0,0,0,0,-79653,0,0,79653,0,0,0,0,0,0,0,0,0,79653,0,0,-79653,0,0,0,0,0,0,0,79653,0,0,-79653,0,0,0,0,0,0,0,79653,0,0,-79653,0,0,0,0,0,79653,0,0,-79653,0,0,0,0,0,-79653,0,0,79653,0,0,0,-79653,0,0,79653,0,0
0,0,0,0,0,0,0,0,0,0,0,0,0,0,0,0,0,0,0,0,0,0,0,0,0,0,-76563,-5737,17721,5737,76563,9600,0,43779,-18043,-9600,18043,-43779,-17721,14397,14397,3710,3710,-3710,-3710,-14397,-14397,0,0,-18043,43779,-9600,-43779,18043,-17721,0,-5737,-76563,17721,76563,5737,9600,3710,3710,14397,14397,-14397,-14397,-3710,-3710,4585,0,0,32885,0,0,-19156,-4585,18043,0,-32885,0,0,19156,0,0,0,0,0,0,0,0,8040,0,-37068,0,0,17982,5737,-8040,0,37068,0,0,-17982,0,0,0,0,0,0,0,0,16589,-7302,0,-68675,27766,0,7302,-16589,37068,-32885,-27766,68675,0,-10913,-10913,10913,10913,42353,42353,-42353,-42353,-8040,0,17982,0,0,-37068,-5737,8040,0,0,-17982,0,37068,0,0,0,0,0,0,0,0,-4585,0,-19156,0,32885,4585,-18043,0,0,19156,0,-32885,0,0,0,0,0,0,0,0,7302,-16589,27766,-68675,0,0,16589,-7302,68675,-27766,0,-32885,37068,-42353,-42353,42353,42353,10913,10913,-10913,-10913,0,76563,9600,-76563,17721,0,0,-43779,18043,-17721,-18043,43779,-9600,-14397,-14397,-3710,-3710,3710,3710,14397,14397,0,-43779,-17721,43779,-9600,0,0,5737,76563,9600,-76563,-5737,17721,-3710,-3710,-14397,-14397,14397,14397,3710,3710,8040,0,-17982,-8040,0,0,-37068,0,0,17982,0,0,0,0,0,0,0,0,4585,0,19156,-4585,0,32885,0,0,-19156,0,0,0,0,0,0,0,0,-7302,16589,68675,-27766,0,-16589,7302,0,27766,-68675,0,10913,10913,-10913,-10913,-42353,-42353,42353,42353,-4585,0,19156,4585,0,-19156,0,0,32885,0,0,0,0,0,0,0,0,-8040,0,-17982,8040,0,17982,0,-37068,0,0,0,0,0,0,0,0,-16589,7302,-27766,68675,0,-7302,16589,-68675,27766,0,0,42353,42353,-42353,-42353,-10913,-10913,10913,10913,4415,0,-12987,-4415,0,12987,0,13047,-13047,0,0,-38380,38380,4415,0,-12987,-4415,0,12987,0,-13047,13047,0,0,38380,-38380,4415,0,12987,-4415,0,-12987,0,38380,-38380,0,0,4415,0,12987,-4415,0,-12987,0,-38380,38380,0,0,-4415,0,12987,4415,0,-12987,0,13047,-13047,-4415,0,12987,4415,0,-12987,0,-13047,13047,-4415,0,-12987,4415,0,12987,0,-4415,0,-12987,4415,0,12987,0
0,0,0,0,0,0,0,0,0,0,0,0,0,0,0,0,0,0,0,0,0,0,0,0,0,0,27766,37068,-7302,-37068,-27766,16589,0,68675,32885,-16589,-32885,-68675,7302,-42353,-42353,-10913,-10913,10913,10913,42353,42353,0,0,32885,68675,-16589,-68675,-32885,7302,0,37068,27766,-7302,-27766,-37068,16589,-10913,-10913,-42353,-42353,42353,42353,10913,10913,-19156,0,0,18043,0,0,-4585,19156,-32885,0,-18043,0,0,4585,0,0,0,0,0,0,0,0,-17982,0,-5737,0,0,8040,-37068,17982,0,5737,0,0,-8040,0,0,0,0,0,0,0,0,-9600,-17721,0,43779,76563,0,17721,9600,5737,-18043,-76563,-43779,0,-3710,-3710,3710,3710,14397,14397,-14397,-14397,17982,0,8040,0,0,-5737,37068,-17982,0,0,-8040,0,5737,0,0,0,0,0,0,0,0,19156,0,-4585,0,18043,-19156,32885,0,0,4585,0,-18043,0,0,0,0,0,0,0,0,17721,9600,76563,43779,0,0,-9600,-17721,-43779,-76563,0,-18043,5737,-14397,-14397,14397,14397,3710,3710,-3710,-3710,0,-27766,16589,27766,-7302,0,0,-68675,-32885,7302,32885,68675,-16589,42353,42353,10913,10913,-10913,-10913,-42353,-42353,0,-68675,7302,68675,-16589,0,0,-37068,-27766,16589,27766,37068,-7302,10913,10913,42353,42353,-42353,-42353,-10913,-10913,-17982,0,-8040,17982,0,0,-5737,0,0,8040,0,0,0,0,0,0,0,0,-19156,0,4585,19156,0,18043,0,0,-4585,0,0,0,0,0,0,0,0,-17721,-9600,-43779,-76563,0,9600,17721,0,76563,43779,0,3710,3710,-3710,-3710,-14397,-14397,14397,14397,19156,0,4585,-19156,0,-4585,0,0,18043,0,0,0,0,0,0,0,0,17982,0,-8040,-17982,0,8040,0,-5737,0,0,0,0,0,0,0,0,9600,17721,-76563,-43779,0,-17721,-9600,43779,76563,0,0,14397,14397,-14397,-14397,-3710,-3710,3710,3710,-12987,0,-4415,12987,0,4415,0,-38380,38380,0,0,-13047,13047,-12987,0,-4415,12987,0,4415,0,38380,-38380,0,0,13047,-13047,-12987,0,4415,12987,0,-4415,0,13047,-13047,0,0,-12987,0,4415,12987,0,-4415,0,-13047,13047,0,0,12987,0,4415,-12987,0,-4415,0,-38380,38380,12987,0,4415,-12987,0,-4415,0,38380,-38380,12987,0,-4415,-12987,0,4415,0,12987,0,-4415,-12987,0,4415,0
14544,14544,-15162,-15162,14544,-15162,-15162,14544,14544,14544,-15162,-15162,14544,-15162,-15162,14544,260,260,260,260,260,260,260,260,12559,900,4103,-10115,-55,-10115,4103,-55,46658,4103,-10115,-55,-10115,4103,-55,-1267,-1267,29453,29453,29453,29453,-1267,-1267,900,12559,-10115,4103,-55,4103,-10115,-55,46658,-10115,4103,-55,4103,-10115,-55,29453,29453,-1267,-1267,-1267,-1267,29453,29453,-6452,-1505,939,-10115,-7768,-1272,-6452,-6452,-10115,-1272,-10115,10223,939,-6452,26281,26281,3237,3237,-6009,-6009,3237,3237,-6452,-1505,-10115,-1272,-7768,-6452,-10115,-6452,-1272,-10115,939,10223,-6452,3237,3237,26281,26281,3237,3237,-6009,-6009,-55,-55,12559,4103,4103,900,-55,-55,-10115,-10115,4103,4103,46658,29453,29453,29453,29453,-1267,-1267,-1267,-1267,-6452,-7768,-6452,-1505,939,-10115,-10115,-6452,10223,939,-6452,-1272,-10115,-6009,-6009,3237,3237,26281,26281,3237,3237,-6452,-7768,-6452,-1505,-10115,-6452,-10115,939,10223,-6452,-1272,-10115,3237,3237,-6009,-6009,3237,3237,26281,26281,-55,-55,4103,4103,900,12559,-55,-55,4103,4103,46658,-10115,-10115,-1267,-1267,-1267,-1267,29453,29453,29453,29453,46658,4103,-55,4103,-55,12559,900,4103,-10115,-55,-10115,4103,-55,-1267,-1267,29453,29453,29453,29453,-1267,-1267,46658,4103,-55,4103,-55,900,12559,-10115,4103,-55,4103,-10115,-55,29453,29453,-1267,-1267,-1267,-1267,29453,29453,-6452,10223,-6452,-6452,-1505,939,-10115,-7768,-1272,-6452,26281,26281,3237,3237,-6009,-6009,3237,3237,-6452,10223,-6452,-6452,-1505,-10115,-1272,-7768,-6452,3237,3237,26281,26281,3237,3237,-6009,-6009,-55,-55,4103,4103,46658,-55,-55,12559,4103,4103,900,29453,29453,29453,29453,-1267,-1267,-1267,-1267,-6452,10223,-6452,-6452,-7768,-6452,-1505,939,-10115,-6009,-6009,3237,3237,26281,26281,3237,3237,-6452,10223,-6452,-6452,-7768,-6452,-1505,-10115,3237,3237,-6009,-6009,3237,3237,26281,26281,-55,-55,4103,4103,46658,-55,-55,4103,4103,900,12559,-1267,-1267,-1267,-1267,29453,29453,29453,29453,-45552,17568,-45552,-45552,17568,-45552,-22705,42489,42489,-55962,-55962,42489,42489,-45552,17568,-45552,-45552,17568,-45552,-22705,42489,42489,-55962,-55962,42489,42489,-45552,17568,-45552,-45552,17568,-45552,-22705,42489,42489,-55962,-55962,-45552,17568,-45552,-45552,17568,-45552,-22705,42489,42489,-55962,-55962,-45552,17568,-45552,-45552,17568,-45552,-22705,42489,42489,-45552,17568,-45552,-45552,17568,-45552,-22705,42489,42489,-45552,17568,-45552,-45552,17568,-45552,-22705,-45552,17568,-45552,-45552,17568,-45552,-22705
-9670,-9670,0,0,9670,0,0,9670,-9670,-9670,0,0,9670,0,0,9670,0,0,0,0,0,0,0,0,-26059,15647,-260,-2593,-4698,-2593,-260,-4698,-106704,-260,-2593,-4698,-2593,-260,-4698,12967,12967,12908,12908,12908,12908,12967,12967,15647,-26059,-2593,-260,-4698,-260,-2593,-4698,-106704,-2593,-260,-4698,-260,-2593,-4698,12908,12908,12967,12967,12967,12967,12908,12908,3115,0,34180,2593,0,-26630,-3115,3115,-2593,26630,2593,0,-34180,-3115,0,0,42716,42716,0,0,-42716,-42716,3115,0,2593,-26630,0,-3115,-2593,3115,26630,2593,-34180,0,-3115,42716,42716,0,0,-42716,-42716,0,0,4698,4698,26059,260,260,-15647,4698,4698,2593,2593,260,260,106704,-12908,-12908,-12908,-12908,-12967,-12967,-12967,-12967,3115,0,-3115,0,34180,2593,-2593,3115,0,-34180,-3115,26630,2593,0,0,-42716,-42716,0,0,42716,42716,3115,0,-3115,0,2593,3115,-2593,-34180,0,-3115,26630,2593,-42716,-42716,0,0,42716,42716,0,0,4698,4698,260,260,-15647,26059,4698,4698,260,260,106704,2593,2593,-12967,-12967,-12967,-12967,-12908,-12908,-12908,-12908,-106704,-260,-4698,-260,-4698,-26059,15647,-260,-2593,-4698,-2593,-260,-4698,12967,12967,12908,12908,12908,12908,12967,12967,-106704,-260,-4698,-260,-4698,15647,-26059,-2593,-260,-4698,-260,-2593,-4698,12908,12908,12967,12967,12967,12967,12908,12908,3115,0,-3115,3115,0,34180,2593,0,-26630,-3115,0,0,42716,42716,0,0,-42716,-42716,3115,0,-3115,3115,0,2593,-26630,0,-3115,42716,42716,0,0,-42716,-42716,0,0,4698,4698,260,260,106704,4698,4698,26059,260,260,-15647,-12908,-12908,-12908,-12908,-12967,-12967,-12967,-12967,3115,0,-3115,3115,0,-3115,0,34180,2593,0,0,-42716,-42716,0,0,42716,42716,3115,0,-3115,3115,0,-3115,0,2593,-42716,-42716,0,0,42716,42716,0,0,4698,4698,260,260,106704,4698,4698,260,260,-15647,26059,-12967,-12967,-12967,-12967,-12908,-12908,-12908,-12908,3980,0,-3980,3980,0,-3980,0,-36285,-36285,0,0,36285,36285,3980,0,-3980,3980,0,-3980,0,-36285,-36285,0,0,36285,36285,3980,0,-3980,3980,0,-3980,0,36285,36285,0,0,3980,0,-3980,3980,0,-3980,0,36285,36285,0,0,3980,0,-3980,3980,0,-3980,0,-36285,-36285,3980,0,-3980,3980,0,-3980,0,-36285,-36285,3980,0,-3980,3980,0,-3980,0,3980,0,-3980,3980,0,-3980,0
0,0,21126,-21126,0,-21126,21126,0,0,0,-21126,21126,0,21126,-21126,0,0,0,0,0,0,0,0,0,0,0,-8220,-2721,43743,-2721,-8220,-43743,0,8220,2721,-43743,2721,8220,43743,0,0,0,0,0,0,0,0,0,0,2721,8220,-43743,8220,2721,43743,0,-2721,-8220,43743,-8220,-2721,-43743,0,0,0,0,0,0,0,0,39468,-99860,0,2721,-13462,43122,39468,39468,2721,43122,2721,20938,0,39468,-23669,-23669,4663,4663,6050,6050,4663,4663,-39468,99860,-2721,-43122,13462,-39468,-2721,-39468,-43122,-2721,0,-20938,-39468,-4663,-4663,23669,23669,-4663,-4663,-6050,-6050,-43743,43743,0,8220,-8220,0,43743,-43743,-2721,2721,-8220,8220,0,0,0,0,0,0,0,0,0,-39468,13462,-39468,99860,0,-2721,-2721,-39468,-20938,0,-39468,-43122,-2721,-6050,-6050,-4663,-4663,23669,23669,-4663,-4663,39468,-13462,39468,-99860,2721,39468,2721,0,20938,39468,43122,2721,4663,4663,6050,6050,4663,4663,-23669,-23669,43743,-43743,-8220,8220,0,0,-43743,43743,8220,-8220,0,2721,-2721,0,0,0,0,0,0,0,0,0,-8220,-43743,-8220,43743,0,0,8220,2721,43743,2721,8220,-43743,0,0,0,0,0,0,0,0,0,8220,43743,8220,-43743,0,0,-2721,-8220,-43743,-8220,-2721,43743,0,0,0,0,0,0,0,0,-39468,-20938,-39468,-39468,99860,0,-2721,13462,-43122,-39468,23669,23669,-4663,-4663,-6050,-6050,-4663,-4663,39468,20938,39468,39468,-99860,2721,43122,-13462,39468,4663,4663,-23669,-23669,4663,4663,6050,6050,43743,-43743,8220,-8220,0,-43743,43743,0,-8220,8220,0,0,0,0,0,0,0,0,0,39468,20938,39468,39468,-13462,39468,-99860,0,2721,6050,6050,4663,4663,-23669,-23669,4663,4663,-39468,-20938,-39468,-39468,13462,-39468,99860,-2721,-4663,-4663,-6050,-6050,-4663,-4663,23669,23669,-43743,43743,-8220,8220,0,43743,-43743,8220,-8220,0,0,0,0,0,0,0,0,0,0,0,-20726,0,0,20726,0,0,0,0,0,0,0,0,0,-20726,0,0,20726,0,0,0,0,0,0,0,0,0,20726,0,0,-20726,0,0,0,0,0,0,0,20726,0,0,-20726,0,0,0,0,0,0,0,20726,0,0,-20726,0,0,0,0,0,20726,0,0,-20726,0,0,0,0,0,-20726,0,0,20726,0,0,0,-20726,0,0,20726,0,0
8201,8201,0,0,245,0,0,245,-8201,-8201,0,0,-245,0,0,-245,0,0,0,0,0,0,0,0,50566,-26357,67628,-33250,-18578,-33678,68459,-18578,-105272,68459,-33678,-16502,-33250,67628,-16502,-27703,-27703,37850,37850,37850,37850,-27703,-27703,-26357,50566,-33250,67628,-18578,68459,-33678,-18578,-105272,-33678,68459,-16502,67628,-33250,-16502,37850,37850,-27703,-27703,-27703,-27703,37850,37850,-30849,0,0,-8159,0,0,5046,30849,33250,0,8159,0,0,-5046,0,0,0,0,0,0,0,0,-30849,0,-8159,0,0,5046,33250,30849,0,8159,0,0,-5046,0,0,0,0,0,0,0,0,-35272,-35272,1510,-11866,-11866,-787,34225,34225,6160,6160,15931,15931,-3144,1131,1131,1131,1131,-827,-827,-827,-827,-30493,0,-6878,0,0,6160,33678,30493,0,0,6878,0,-6160,0,0,0,0,0,0,0,0,-30493,0,-6878,0,6160,30493,33678,0,0,6878,0,-6160,0,0,0,0,0,0,0,0,-35272,-35272,15931,15931,-787,1510,34225,34225,-11866,-11866,-3144,-8159,-8159,-827,-827,-827,-827,1131,1131,1131,1131,105272,-67628,16502,-68459,16502,-50566,26357,-68459,33678,18578,33250,-67628,18578,27703,27703,-37850,-37850,-37850,-37850,27703,27703,105272,-67628,16502,-68459,16502,26357,-50566,33678,-68459,18578,-67628,33250,18578,-37850,-37850,27703,27703,27703,27703,-37850,-37850,-30493,0,-6878,30493,0,0,-6160,0,0,6878,0,0,0,0,0,0,0,0,-30493,0,-6878,30493,0,-6160,0,0,6878,0,0,0,0,0,0,0,0,-34225,-34225,11866,11866,3144,35272,35272,-1510,-15931,-15931,787,-1131,-1131,-1131,-1131,827,827,827,827,-30849,0,5046,30849,0,-5046,0,0,8159,0,0,0,0,0,0,0,0,-30849,0,5046,30849,0,-5046,0,8159,0,0,0,0,0,0,0,0,-34225,-34225,-15931,-15931,3144,35272,35272,11866,11866,787,-1510,827,827,827,827,-1131,-1131,-1131,-1131,8907,0,266,-8907,0,-266,0,25002,-25002,0,0,747,-747,8907,0,266,-8907,0,-266,0,-25002,25002,0,0,-747,747,8907,0,266,-8907,0,-266,0,747,-747,0,0,8907,0,266,-8907,0,-266,0,-747,747,0,0,8907,0,266,-8907,0,-266,0,-25002,25002,8907,0,266,-8907,0,-266,0,25002,-25002,8907,0,266,-8907,0,-266,0,8907,0,266,-8907,0,-266,0
-245,-245,0,0,8201,0,0,8201,245,245,0,0,-8201,0,0,-8201,0,0,0,0,0,0,0,0,-1510,787,-15931,8159,-34225,-6160,11866,-34225,3144,11866,-6160,35272,8159,-15931,35272,827,827,-1131,-1131,-1131,-1131,827,827,787,-1510,8159,-15931,-34225,11866,-6160,-34225,3144,-6160,11866,35272,-15931,8159,35272,-1131,-1131,827,827,827,827,-1131,-1131,-5046,0,0,-33250,0,0,-30849,5046,-8159,0,33250,0,0,30849,0,0,0,0,0,0,0,0,-5046,0,-33250,0,0,-30849,-8159,5046,0,33250,0,0,30849,0,0,0,0,0,0,0,0,-16502,-16502,50566,68459,68459,-26357,-18578,-18578,-33678,-33678,67628,67628,-105272,37850,37850,37850,37850,-27703,-27703,-27703,-27703,6878,0,-30493,0,0,-33678,6160,-6878,0,0,30493,0,33678,0,0,0,0,0,0,0,0,6878,0,-30493,0,-33678,-6878,6160,0,0,30493,0,33678,0,0,0,0,0,0,0,0,-16502,-16502,67628,67628,-26357,50566,-18578,-18578,68459,68459,-105272,-33250,-33250,-27703,-27703,-27703,-27703,37850,37850,37850,37850,-3144,15931,-35272,-11866,-35272,1510,-787,-11866,6160,34225,-8159,15931,34225,-827,-827,1131,1131,1131,1131,-827,-827,-3144,15931,-35272,-11866,-35272,-787,1510,6160,-11866,34225,15931,-8159,34225,1131,1131,-827,-827,-827,-827,1131,1131,6878,0,-30493,-6878,0,0,33678,0,0,30493,0,0,0,0,0,0,0,0,6878,0,-30493,-6878,0,33678,0,0,30493,0,0,0,0,0,0,0,0,18578,18578,-68459,-68459,105272,16502,16502,-50566,-67628,-67628,26357,-37850,-37850,-37850,-37850,27703,27703,27703,27703,-5046,0,-30849,5046,0,30849,0,0,33250,0,0,0,0,0,0,0,0,-5046,0,-30849,5046,0,30849,0,33250,0,0,0,0,0,0,0,0,18578,18578,-67628,-67628,105272,16502,16502,-68459,-68459,26357,-50566,27703,27703,27703,27703,-37850,-37850,-37850,-37850,-266,0,8907,266,0,-8907,0,-747,747,0,0,25002,-25002,-266,0,8907,266,0,-8907,0,747,-747,0,0,-25002,25002,-266,0,8907,266,0,-8907,0,25002,-25002,0,0,-266,0,8907,266,0,-8907,0,-25002,25002,0,0,-266,0,8907,266,0,-8907,0,747,-747,-266,0,8907,266,0,-8907,0,-747,747,-266,0,8907,266,0,-8907,0,-266,0,8907,266,0,-8907,0
871,-871,0,0,3662,0,0,-3662,-871,871,0,0,-3662,0,0,3662,0,0,0,0,0,0,0,0,14235,6771,-27798,3907,-53638,3907,-27798,59412,12134,23335,-25062,59412,-25062,23335,-53638,2125,2125,298,298,298,298,2125,2125,-6771,-14235,25062,-23335,-59412,-23335,25062,53638,-12134,-3907,27798,53638,27798,-3907,-59412,-298,-298,-2125,-2125,-2125,-2125,-298,-298,53857,0,0,-41001,0,0,61621,-53857,-25062,0,41001,0,0,-61621,0,0,0,0,0,0,0,0,75841,0,-47895,0,0,30756,-3907,-75841,0,47895,0,0,-30756,0,0,0,0,0,0,0,0,-1320,25583,59817,-15462,-3294,28451,25583,-1320,-47895,-41001,-3294,-15462,50987,1251,1251,1251,1251,8931,8931,8931,8931,75841,0,-30756,0,0,47895,-3907,-75841,0,0,30756,0,-47895,0,0,0,0,0,0,0,0,53857,0,-61621,0,41001,-53857,-25062,0,0,61621,0,-41001,0,0,0,0,0,0,0,0,-25583,1320,3294,15462,-28451,-59817,1320,-25583,15462,3294,-50987,41001,47895,-8931,-8931,-8931,-8931,-1251,-1251,-1251,-1251,-12134,27798,-59412,27798,53638,-14235,-6771,-23335,25062,53638,25062,-23335,-59412,-2125,-2125,-298,-298,-298,-298,-2125,-2125,12134,23335,-53638,23335,59412,6771,14235,3907,-27798,59412,-27798,3907,-53638,298,298,2125,2125,2125,2125,298,298,-75841,0,30756,75841,0,0,47895,0,0,-30756,0,0,0,0,0,0,0,0,-53857,0,61621,53857,0,41001,0,0,-61621,0,0,0,0,0,0,0,0,-25583,1320,15462,3294,-50987,1320,-25583,-59817,3294,15462,-28451,-1251,-1251,-1251,-1251,-8931,-8931,-8931,-8931,-53857,0,-61621,53857,0,61621,0,0,-41001,0,0,0,0,0,0,0,0,-75841,0,-30756,75841,0,30756,0,-47895,0,0,0,0,0,0,0,0,-1320,25583,-3294,-15462,50987,25583,-1320,-15462,-3294,28451,59817,8931,8931,8931,8931,1251,1251,1251,1251,533,0,-2241,-533,0,2241,0,0,0,0,0,0,0,533,0,-2241,-533,0,2241,0,0,0,0,0,0,0,-533,0,-2241,533,0,2241,0,0,0,0,0,-533,0,-2241,533,0,2241,0,0,0,0,0,-533,0,2241,533,0,-2241,0,0,0,-533,0,2241,533,0,-2241,0,0,0,533,0,2241,-533,0,-2241,0,533,0,2241,-533,0,-2241,0
-3662,3662,0,0,871,0,0,-871,3662,-3662,0,0,-871,0,0,871,0,0,0,0,0,0,0,0,-59817,-28451,3294,47895,-25583,47895,3294,1320,-50987,15462,41001,1320,41001,15462,-25583,-8931,-8931,-1251,-1251,-1251,-1251,-8931,-8931,28451,59817,-41001,-15462,-1320,-15462,-41001,25583,50987,-47895,-3294,25583,-3294,-47895,-1320,1251,1251,8931,8931,8931,8931,1251,1251,61621,0,0,-25062,0,0,-53857,-61621,41001,0,25062,0,0,53857,0,0,0,0,0,0,0,0,-30756,0,3907,0,0,75841,-47895,30756,0,-3907,0,0,-75841,0,0,0,0,0,0,0,0,59412,-53638,14235,23335,-27798,6771,-53638,59412,3907,-25062,-27798,23335,12134,298,298,298,298,2125,2125,2125,2125,-30756,0,-75841,0,0,-3907,-47895,30756,0,0,75841,0,3907,0,0,0,0,0,0,0,0,61621,0,53857,0,25062,-61621,41001,0,0,-53857,0,-25062,0,0,0,0,0,0,0,0,53638,-59412,27798,-23335,-6771,-14235,-59412,53638,-23335,27798,-12134,25062,-3907,-2125,-2125,-2125,-2125,-298,-298,-298,-298,50987,-3294,-1320,-3294,25583,59817,28451,-15462,-41001,25583,-41001,-15462,-1320,8931,8931,1251,1251,1251,1251,8931,8931,-50987,15462,-25583,15462,1320,-28451,-59817,47895,3294,1320,3294,47895,-25583,-1251,-1251,-8931,-8931,-8931,-8931,-1251,-1251,30756,0,75841,-30756,0,0,-3907,0,0,-75841,0,0,0,0,0,0,0,0,-61621,0,-53857,61621,0,25062,0,0,53857,0,0,0,0,0,0,0,0,53638,-59412,-23335,27798,-12134,-59412,53638,-14235,27798,-23335,-6771,-298,-298,-298,-298,-2125,-2125,-2125,-2125,-61621,0,53857,61621,0,-53857,0,0,-25062,0,0,0,0,0,0,0,0,30756,0,-75841,-30756,0,75841,0,3907,0,0,0,0,0,0,0,0,59412,-53638,-27798,23335,12134,-53638,59412,23335,-27798,6771,14235,2125,2125,2125,2125,298,298,298,298,-2241,0,-533,2241,0,533,0,0,0,0,0,0,0,-2241,0,-533,2241,0,533,0,0,0,0,0,0,0,2241,0,-533,-2241,0,533,0,0,0,0,0,2241,0,-533,-2241,0,533,0,0,0,0,0,2241,0,533,-2241,0,-533,0,0,0,2241,0,533,-2241,0,-533,0,0,0,-2241,0,533,2241,0,-533,0,-2241,0,533,2241,0,-533,0
0,0,0,0,0,0,0,0,0,0,0,0,0,0,0,0,0,0,0,0,0,0,0,0,0,0,-9983,30844,-10894,-30844,9983,-8457,0,10285,-31083,8457,31083,-10285,10894,-621,-621,3274,3274,-3274,-3274,621,621,0,0,-31083,10285,8457,-10285,31083,10894,0,30844,-9983,-10894,9983,-30844,-8457,3274,3274,-621,-621,621,621,-3274,-3274,80926,0,0,-2757,0,0,57793,-80926,31083,0,2757,0,0,-57793,0,0,0,0,0,0,0,0,-92368,0,-4731,0,0,-36841,-30844,92368,0,4731,0,0,36841,0,0,0,0,0,0,0,0,-11250,8911,0,24,-2475,0,-8911,11250,4731,2757,2475,-24,0,-27078,-27078,27078,27078,-5134,-5134,5134,5134,92368,0,-36841,0,0,-4731,30844,-92368,0,0,36841,0,4731,0,0,0,0,0,0,0,0,-80926,0,57793,0,-2757,80926,-31083,0,0,-57793,0,2757,0,0,0,0,0,0,0,0,-8911,11250,-2475,24,0,0,-11250,8911,-24,2475,0,2757,4731,5134,5134,-5134,-5134,27078,27078,-27078,-27078,0,9983,-8457,-9983,-10894,0,0,-10285,31083,10894,-31083,10285,8457,621,621,-3274,-3274,3274,3274,-621,-621,0,-10285,10894,10285,8457,0,0,-30844,9983,-8457,-9983,30844,-10894,-3274,-3274,621,621,-621,-621,3274,3274,-92368,0,36841,92368,0,0,-4731,0,0,-36841,0,0,0,0,0,0,0,0,80926,0,-57793,-80926,0,-2757,0,0,57793,0,0,0,0,0,0,0,0,8911,-11250,-24,2475,0,11250,-8911,0,-2475,24,0,27078,27078,-27078,-27078,5134,5134,-5134,-5134,-80926,0,-57793,80926,0,57793,0,0,-2757,0,0,0,0,0,0,0,0,92368,0,36841,-92368,0,-36841,0,-4731,0,0,0,0,0,0,0,0,11250,-8911,2475,-24,0,8911,-11250,24,-2475,0,0,-5134,-5134,5134,5134,-27078,-27078,27078,27078,6965,0,-57602,-6965,0,57602,0,-2015,2015,0,0,16665,-16665,6965,0,-57602,-6965,0,57602,0,2015,-2015,0,0,-16665,16665,6965,0,57602,-6965,0,-57602,0,-16665,16665,0,0,6965,0,57602,-6965,0,-57602,0,16665,-16665,0,0,-6965,0,57602,6965,0,-57602,0,-2015,2015,-6965,0,57602,6965,0,-57602,0,2015,-2015,-6965,0,-57602,6965,0,57602,0,-6965,0,-57602,6965,0,57602,0
0,0,0,0,0,0,0,0,0,0,0,0,0,0,0,0,0,0,0,0,0,0,0,0,0,0,-2475,4731,8911,-4731,2475,-11250,0,-24,-2757,11250,2757,24,-8911,5134,5134,-27078,-27078,27078,27078,-5134,-5134,0,0,-2757,-24,11250,24,2757,-8911,0,4731,-2475,8911,2475,-4731,-11250,-27078,-27078,5134,5134,-5134,-5134,27078,27078,57793,0,0,31083,0,0,-80926,-57793,2757,0,-31083,0,0,80926,0,0,0,0,0,0,0,0,36841,0,30844,0,0,-92368,-4731,-36841,0,-30844,0,0,92368,0,0,0,0,0,0,0,0,8457,10894,0,10285,9983,0,-10894,-8457,-30844,-31083,-9983,-10285,0,-3274,-3274,3274,3274,-621,-621,621,621,-36841,0,-92368,0,0,30844,4731,36841,0,0,92368,0,-30844,0,0,0,0,0,0,0,0,-57793,0,-80926,0,31083,57793,-2757,0,0,80926,0,-31083,0,0,0,0,0,0,0,0,-10894,-8457,9983,10285,0,0,8457,10894,-10285,-9983,0,-31083,-30844,621,621,-621,-621,3274,3274,-3274,-3274,0,2475,-11250,-2475,8911,0,0,24,2757,-8911,-2757,-24,11250,-5134,-5134,27078,27078,-27078,-27078,5134,5134,0,24,-8911,-24,11250,0,0,-4731,2475,-11250,-2475,4731,8911,27078,27078,-5134,-5134,5134,5134,-27078,-27078,36841,0,92368,-36841,0,0,30844,0,0,-92368,0,0,0,0,0,0,0,0,57793,0,80926,-57793,0,31083,0,0,-80926,0,0,0,0,0,0,0,0,10894,8457,-10285,-9983,0,-8457,-10894,0,9983,10285,0,3274,3274,-3274,-3274,621,621,-621,-621,-57793,0,80926,57793,0,-80926,0,0,31083,0,0,0,0,0,0,0,0,-36841,0,92368,36841,0,-92368,0,30844,0,0,0,0,0,0,0,0,-8457,-10894,-9983,-10285,0,10894,8457,10285,9983,0,0,-621,-621,621,621,-3274,-3274,3274,3274,-57602,0,-6965,57602,0,6965,0,16665,-16665,0,0,2015,-2015,-57602,0,-6965,57602,0,6965,0,-16665,16665,0,0,-2015,2015,-57602,0,6965,57602,0,-6965,0,-2015,2015,0,0,-57602,0,6965,57602,0,-6965,0,2015,-2015,0,0,57602,0,6965,-57602,0,-6965,0,16665,-16665,57602,0,6965,-57602,0,-6965,0,-16665,16665,57602,0,-6965,-57602,0,6965,0,57602,0,-6965,-57602,0,6965,0
-572,572,0,0,40848,0,0,-40848,572,-572,0,0,-40848,0,0,40848,0,0,0,0,0,0,0,0,-684,770,17244,20648,-13025,20648,17244,12658,985,-17487,-18761,12658,-18761,-17487,-13025,-756,-756,-309,-309,-309,-309,-756,-756,-770,684,18761,17487,-12658,17487,18761,13025,-985,-20648,-17244,13025,-17244,-20648,-12658,309,309,756,756,756,756,309,309,-52107,0,0,-67634,0,0,-6588,52107,-18761,0,67634,0,0,6588,0,0,0,0,0,0,0,0,-51902,0,-67082,0,0,-8045,-20648,51902,0,67082,0,0,8045,0,0,0,0,0,0,0,0,13296,12937,48810,8442,8929,-54975,12937,13296,-67082,-67634,8929,8442,-70282,22045,22045,22045,22045,53929,53929,53929,53929,-51902,0,8045,0,0,67082,-20648,51902,0,0,-8045,0,-67082,0,0,0,0,0,0,0,0,-52107,0,6588,0,67634,52107,-18761,0,0,-6588,0,-67634,0,0,0,0,0,0,0,0,-12937,-13296,-8929,-8442,54975,-48810,-13296,-12937,-8442,-8929,70282,67634,67082,-53929,-53929,-53929,-53929,-22045,-22045,-22045,-22045,-985,-17244,-12658,-17244,13025,684,-770,17487,18761,13025,18761,17487,-12658,756,756,309,309,309,309,756,756,985,-17487,-13025,-17487,12658,770,-684,20648,17244,12658,17244,20648,-13025,-309,-309,-756,-756,-756,-756,-309,-309,51902,0,-8045,-51902,0,0,67082,0,0,8045,0,0,0,0,0,0,0,0,52107,0,-6588,-52107,0,67634,0,0,6588,0,0,0,0,0,0,0,0,-12937,-13296,-8442,-8929,70282,-13296,-12937,-48810,-8929,-8442,54975,-22045,-22045,-22045,-22045,-53929,-53929,-53929,-53929,52107,0,6588,-52107,0,-6588,0,0,-67634,0,0,0,0,0,0,0,0,51902,0,8045,-51902,0,-8045,0,-67082,0,0,0,0,0,0,0,0,13296,12937,8929,8442,-70282,12937,13296,8442,8929,-54975,48810,53929,53929,53929,53929,22045,22045,22045,22045,-512,0,-36513,512,0,36513,0,0,0,0,0,0,0,-512,0,-36513,512,0,36513,0,0,0,0,0,0,0,512,0,-36513,-512,0,36513,0,0,0,0,0,512,0,-36513,-512,0,36513,0,0,0,0,0,512,0,36513,-512,0,-36513,0,0,0,512,0,36513,-512,0,-36513,0,0,0,-512,0,36513,512,0,-36513,0,-512,0,36513,512,0,-36513,0
40848,-40848,0,0,572,0,0,-572,-40848,40848,0,0,-572,0,0,572,0,0,0,0,0,0,0,0,48810,-54975,8929,-67082,12937,-67082,8929,13296,-70282,8442,-67634,13296,-67634,8442,12937,53929,53929,22045,22045,22045,22045,53929,53929,54975,-48810,67634,-8442,-13296,-8442,67634,-12937,70282,67082,-8929,-12937,-8929,67082,-13296,-22045,-22045,-53929,-53929,-53929,-53929,-22045,-22045,6588,0,0,18761,0,0,-52107,-6588,-67634,0,-18761,0,0,52107,0,0,0,0,0,0,0,0,-8045,0,-20648,0,0,51902,67082,8045,0,20648,0,0,-51902,0,0,0,0,0,0,0,0,-12658,13025,684,17487,-17244,-770,13025,-12658,-20648,18761,-17244,17487,-985,309,309,309,309,756,756,756,756,-8045,0,-51902,0,0,20648,67082,8045,0,0,51902,0,-20648,0,0,0,0,0,0,0,0,6588,0,52107,0,-18761,-6588,-67634,0,0,-52107,0,18761,0,0,0,0,0,0,0,0,-13025,12658,17244,-17487,770,-684,12658,-13025,-17487,17244,985,-18761,20648,-756,-756,-756,-756,-309,-309,-309,-309,70282,-8929,-13296,-8929,-12937,-48810,54975,-8442,67634,-12937,67634,-8442,-13296,-53929,-53929,-22045,-22045,-22045,-22045,-53929,-53929,-70282,8442,12937,8442,13296,-54975,48810,-67082,8929,13296,8929,-67082,12937,22045,22045,53929,53929,53929,53929,22045,22045,8045,0,51902,-8045,0,0,20648,0,0,-51902,0,0,0,0,0,0,0,0,-6588,0,-52107,6588,0,-18761,0,0,52107,0,0,0,0,0,0,0,0,-13025,12658,-17487,17244,985,12658,-13025,-684,17244,-17487,770,-309,-309,-309,-309,-756,-756,-756,-756,-6588,0,52107,6588,0,-52107,0,0,18761,0,0,0,0,0,0,0,0,8045,0,-51902,-8045,0,51902,0,-20648,0,0,0,0,0,0,0,0,-12658,13025,-17244,17487,-985,13025,-12658,17487,-17244,-770,684,756,756,756,756,309,309,309,309,36513,0,-512,-36513,0,512,0,0,0,0,0,0,0,36513,0,-512,-36513,0,512,0,0,0,0,0,0,0,-36513,0,-512,36513,0,512,0,0,0,0,0,-36513,0,-512,36513,0,512,0,0,0,0,0,-36513,0,512,36513,0,-512,0,0,0,-36513,0,512,36513,0,-512,0,0,0,36513,0,512,-36513,0,-512,0,36513,0,512,-36513,0,-512,0
0,0,0,0,0,0,0,0,0,0,0,0,0,0,0,0,0,0,0,0,0,0,0,0,0,0,0,0,0,0,0,0,0,0,0,0,0,0,0,13637,-13637,33628,-33628,-94241,94241,4097,-4097,0,0,0,0,0,0,0,0,0,0,0,0,0,0,0,-28769,28769,-16991,16991,53377,-53377,-22846,22846,0,0,0,0,0,0,0,0,0,0,0,0,0,0,0,0,-52334,52334,0,0,-81070,81070,0,0,0,0,0,0,0,0,0,0,0,0,0,31146,-31146,0,0,13774,-13774,0,0,0,0,0,0,0,0,0,0,0,0,0,0,0,-95611,95611,20778,-20778,-3731,3731,-5655,5655,0,0,0,0,0,0,0,0,0,0,0,0,0,0,0,-25760,25760,0,0,92993,-92993,0,0,0,0,0,0,0,0,0,0,0,0,-10420,10420,0,0,-32423,32423,0,0,0,0,0,0,0,0,0,0,0,0,0,0,0,53899,-53899,-12551,12551,2810,-2810,25717,-25717,0,0,0,0,0,0,0,0,0,0,0,0,0,-4254,4254,-17907,17907,121570,-121570,35197,-35197,0,0,0,0,0,0,0,0,0,0,0,0,0,4180,-4180,10992,-10992,-63805,63805,-80123,80123,0,0,0,0,0,0,0,0,0,0,0,0,25760,-25760,0,0,-92993,92993,0,0,0,0,0,0,0,0,0,10420,-10420,0,0,32423,-32423,0,0,0,0,0,0,0,0,0,0,0,0,0,120200,-120200,-36499,36499,14160,-14160,-33638,33638,0,0,0,0,0,0,0,0,0,0,0,52334,-52334,0,0,81070,-81070,0,0,0,0,0,0,0,0,-31146,31146,0,0,-13774,13774,0,0,0,0,0,0,0,0,0,0,0,0,0,-63283,63283,18550,-18550,-30138,30138,77253,-77253,9195,0,11847,3621,0,-24664,0,1966,8937,0,0,-28280,17377,-9195,0,-11847,-3621,0,24664,0,-8937,-1966,0,0,-17377,28280,-8456,0,-748,262,0,8942,0,9544,-2573,0,0,8456,0,748,-262,0,-8942,0,2573,-9544,0,0,11133,0,4335,-25377,0,9909,0,16770,-28888,-11133,0,-4335,25377,0,-9909,0,28888,-16770,21990,0,-22476,31680,0,-31194,0,-21990,0,22476,-31680,0,31194,0
0,0,0,0,0,0,0,0,0,0,0,0,0,0,0,0,0,0,0,0,0,0,0,0,0,0,0,0,0,0,0,0,0,0,0,0,0,0,0,-11933,11933,6446,-6446,-78815,78815,63026,-63026,0,0,0,0,0,0,0,0,0,0,0,0,0,0,0,19118,-19118,-5713,5713,34578,-34578,-120029,120029,0,0,0,0,0,0,0,0,0,0,0,0,0,0,0,0,13082,-13082,0,0,-32899,32899,0,0,0,0,0,0,0,0,0,0,0,0,0,-22360,22360,0,0,-93368,93368,0,0,0,0,0,0,0,0,0,0,0,0,0,0,0,-18280,18280,-93008,93008,-3828,3828,5866,-5866,0,0,0,0,0,0,0,0,0,0,0,0,0,0,0,-33272,33272,0,0,12102,-12102,0,0,0,0,0,0,0,0,0,0,0,0,-54875,54875,0,0,78780,-78780,0,0,0,0,0,0,0,0,0,0,0,0,0,0,0,11478,-11478,52714,-52714,22183,-22183,-6847,6847,0,0,0,0,0,0,0,0,0,0,0,0,0,19273,-19273,-33868,33868,-23021,23021,-52867,52867,0,0,0,0,0,0,0,0,0,0,0,0,0,-38353,38353,16177,-16177,4283,-4283,93408,-93408,0,0,0,0,0,0,0,0,0,0,0,0,33272,-33272,0,0,-12102,12102,0,0,0,0,0,0,0,0,0,54875,-54875,0,0,-78780,78780,0,0,0,0,0,0,0,0,0,0,0,0,0,37515,-37515,120429,-120429,-35034,35034,-16024,16024,0,0,0,0,0,0,0,0,0,0,0,-13082,13082,0,0,32899,-32899,0,0,0,0,0,0,0,0,22360,-22360,0,0,93368,-93368,0,0,0,0,0,0,0,0,0,0,0,0,0,-18818,18818,-63178,63178,79654,-79654,33468,-33468,151,0,-293,9874,0,-9732,0,10344,-1815,0,0,-10166,1637,-151,0,293,-9874,0,9732,0,1815,-10344,0,0,-1637,10166,3736,0,10908,10556,0,-25201,0,-28657,16498,0,0,-3736,0,-10908,-10556,0,25201,0,-16498,28657,0,0,31259,0,-21678,21820,0,-31401,0,28480,16676,-31259,0,21678,-21820,0,31401,0,-16676,-28480,24992,0,-3528,-11117,0,-10348,0,-24992,0,3528,11117,0,10348,0
0,0,0,0,0,0,0,0,0,0,0,0,0,0,0,0,0,0,0,0,0,0,0,0,0,0,0,0,0,0,0,0,0,0,0,0,0,0,0,49370,-49370,122881,-122881,27240,-27240,-2259,2259,0,0,0,0,0,0,0,0,0,0,0,0,0,0,0,-104345,104345,-62165,62165,-15247,15247,8424,-8424,0,0,0,0,0,0,0,0,0,0,0,0,0,0,0,0,-36859,36859,0,0,45667,-45667,0,0,0,0,0,0,0,0,0,0,0,0,0,74190,-74190,0,0,-39022,39022,0,0,0,0,0,0,0,0,0,0,0,0,0,0,0,75221,-75221,-34162,34162,-33217,33217,56862,-56862,0,0,0,0,0,0,0,0,0,0,0,0,0,0,0,58618,-58618,0,0,-2831,2831,0,0,0,0,0,0,0,0,0,0,0,0,-78475,78475,0,0,-29471,29471,0,0,0,0,0,0,0,0,0,0,0,0,0,0,0,-33557,33557,13992,-13992,62014,-62014,-108986,108986,0,0,0,0,0,0,0,0,0,0,0,0,0,-14907,14907,-66400,66400,-32890,32890,-8689,8689,0,0,0,0,0,0,0,0,0,0,0,0,0,14033,-14033,40612,-40612,17403,-17403,20266,-20266,0,0,0,0,0,0,0,0,0,0,0,0,-58618,58618,0,0,2831,-2831,0,0,0,0,0,0,0,0,0,78475,-78475,0,0,29471,-29471,0,0,0,0,0,0,0,0,0,0,0,0,0,15091,-15091,-22320,22320,31060,-31060,-45914,45914,0,0,0,0,0,0,0,0,0,0,0,36859,-36859,0,0,-45667,45667,0,0,0,0,0,0,0,0,-74190,74190,0,0,39022,-39022,0,0,0,0,0,0,0,0,0,0,0,0,0,-907,907,7562,-7562,-56364,56364,80296,-80296,33550,0,-28622,13523,0,-18450,0,7500,32544,0,0,-13662,-26383,-33550,0,28622,-13523,0,18450,0,-32544,-7500,0,0,26383,13662,-30731,0,15721,1292,0,13718,0,11269,13775,0,0,30731,0,-15721,-1292,0,-13718,0,-13775,-11269,0,0,-3614,0,-11486,6559,0,8541,0,-5108,7613,3614,0,11486,-6559,0,-8541,0,-7613,5108,-6475,0,23488,-8479,0,-8534,0,6475,0,-23488,8479,0,8534,0
0,0,0,0,0,0,0,0,0,0,0,0,0,0,0,0,0,0,0,0,0,0,0,0,0,0,0,0,0,0,0,0,0,0,0,0,0,0,0,-40360,40360,13314,-13314,24782,-24782,-20014,20014,0,0,0,0,0,0,0,0,0,0,0,0,0,0,0,66095,-66095,-14452,14452,-10839,10839,38074,-38074,0,0,0,0,0,0,0,0,0,0,0,0,0,0,0,0,78755,-78755,0,0,-27034,27034,0,0,0,0,0,0,0,0,0,0,0,0,0,59134,-59134,0,0,6399,-6399,0,0,0,0,0,0,0,0,0,0,0,0,0,0,0,36272,-36272,78742,-78742,57121,-57121,33090,-33090,0,0,0,0,0,0,0,0,0,0,0,0,0,0,0,-72556,72556,0,0,-40852,40852,0,0,0,0,0,0,0,0,0,0,0,0,-34537,34537,0,0,-48425,48425,0,0,0,0,0,0,0,0,0,0,0,0,0,0,0,-15224,15224,-35533,35533,-110017,110017,-62156,62156,0,0,0,0,0,0,0,0,0,0,0,0,0,61505,-61505,-102824,102824,7650,-7650,16894,-16894,0,0,0,0,0,0,0,0,0,0,0,0,0,-121508,121508,48609,-48609,-1537,1537,-29899,29899,0,0,0,0,0,0,0,0,0,0,0,0,72556,-72556,0,0,40852,-40852,0,0,0,0,0,0,0,0,0,34537,-34537,0,0,48425,-48425,0,0,0,0,0,0,0,0,0,0,0,0,0,19140,-19140,10769,-10769,-44744,44744,-29971,29971,0,0,0,0,0,0,0,0,0,0,0,-78755,78755,0,0,27034,-27034,0,0,0,0,0,0,0,0,-59134,59134,0,0,-6399,6399,0,0,0,0,0,0,0,0,0,0,0,0,0,-5922,5922,1375,-1375,77585,-77585,53982,-53982,-1428,0,-15890,30310,0,-12992,0,32130,-7560,0,0,-10473,-14097,1428,0,15890,-30310,0,12992,0,7560,-32130,0,0,14097,10473,13503,0,-29077,33151,0,-17578,0,-12655,-27035,0,0,-13503,0,29077,-33151,0,17578,0,27035,12655,0,0,-9901,0,24321,-7003,0,-7417,0,-9003,-5378,9901,0,-24321,7003,0,7417,0,5378,9003,-7880,0,11954,3620,0,-7694,0,7880,0,-11954,-3620,0,7694,0
0,0,0,0,0,0,0,0,0,0,0,0,0,0,0,0,-975,975,-12052,12052,16681,-16681,-8836,8836,0,0,0,0,0,0,0,0,0,0,0,0,0,0,0,15868,-15868,-40041,40041,39628,-39628,23349,-23349,0,0,0,0,0,0,0,0,0,0,0,0,0,0,0,22017,-22017,3502,-3502,-14591,14591,4324,-4324,0,0,0,0,0,0,0,0,0,0,0,0,0,0,-64895,64895,-5947,5947,-59649,59649,47253,-47253,0,0,0,0,0,0,0,0,0,0,0,0,0,47973,-47973,48534,-48534,-23116,23116,27837,-27837,0,0,0,0,0,0,0,0,0,0,0,0,0,15232,-15232,-77284,77284,12597,-12597,2906,-2906,0,0,0,0,0,0,0,0,0,0,0,0,0,8459,-8459,43275,-43275,-14935,14935,-19887,19887,0,0,0,0,0,0,0,0,0,0,0,0,-44953,44953,40243,-40243,-28548,28548,57635,-57635,0,0,0,0,0,0,0,0,0,0,0,0,0,11681,-11681,-19479,19479,83688,-83688,-28806,28806,0,0,0,0,0,0,0,0,0,0,0,0,0,-15506,15506,-44154,44154,76904,-76904,-20075,20075,0,0,0,0,0,0,0,0,0,0,0,0,0,-28828,28828,964,-964,8410,-8410,-66050,66050,0,0,0,0,0,0,0,0,0,0,67092,-67092,43275,-43275,-59066,59066,-19887,19887,0,0,0,0,0,0,0,0,0,-44953,44953,-21379,21379,-28548,28548,35046,-35046,0,0,0,0,0,0,0,0,0,0,0,-22044,22044,-6911,6911,-18777,18777,368,-368,0,0,0,0,0,0,0,0,0,-1520,1520,-5947,5947,-22650,22650,47253,-47253,0,0,0,0,0,0,0,0,47973,-47973,45529,-45529,-23116,23116,-37727,37727,0,0,0,0,0,0,0,0,0,0,0,-11320,11320,23944,-23944,32843,-32843,-32920,32920,14869,5260,10183,-20250,-1879,-15564,-5812,2112,-1796,-51905,58349,1591,-1274,-14869,-5260,-10183,20250,1879,15564,5812,1796,-2112,-58349,51905,1274,-1591,-31835,19007,-57559,-34676,22789,-8952,-71845,-750,4658,69030,10629,31835,-19007,57559,34676,-22789,8952,71845,-4658,750,-10629,-69030,33155,-29133,63587,58902,-28716,28469,99439,-1272,-4137,-33155,29133,-63587,-58902,28716,-28469,-99439,4137,1272,-78,12742,-22960,-48684,17900,-25801,-52672,78,-12742,22960,48684,-17900,25801,52672
0,0,0,0,0,0,0,0,0,0,0,0,0,0,0,0,5412,-5412,-18360,18360,-11185,11185,3330,-3330,0,0,0,0,0,0,0,0,0,0,0,0,0,0,0,22894,-22894,-75543,75543,-32043,32043,-15175,15175,0,0,0,0,0,0,0,0,0,0,0,0,0,0,0,57629,-57629,-3642,3642,6406,-6406,-11962,11962,0,0,0,0,0,0,0,0,0,0,0,0,0,0,38152,-38152,37706,-37706,41418,-41418,45981,-45981,0,0,0,0,0,0,0,0,0,0,0,0,0,-39534,39534,7509,-7509,2247,-2247,-17340,17340,0,0,0,0,0,0,0,0,0,0,0,0,0,11878,-11878,-40535,40535,25968,-25968,-7660,7660,0,0,0,0,0,0,0,0,0,0,0,0,0,-22602,22602,19156,-19156,-8809,8809,-56294,56294,0,0,0,0,0,0,0,0,0,0,0,0,22773,-22773,66326,-66326,32394,-32394,68882,-68882,0,0,0,0,0,0,0,0,0,0,0,0,0,-5337,5337,17959,-17959,-340,340,216,-216,0,0,0,0,0,0,0,0,0,0,0,0,0,-24899,24899,-52713,52713,-46091,46091,13941,-13941,0,0,0,0,0,0,0,0,0,0,0,0,0,-19825,19825,10445,-10445,-2262,2262,35224,-35224,0,0,0,0,0,0,0,0,0,0,-50345,50345,19156,-19156,38181,-38181,-56294,56294,0,0,0,0,0,0,0,0,0,22773,-22773,33857,-33857,32394,-32394,-6357,6357,0,0,0,0,0,0,0,0,0,0,0,25926,-25926,-87721,87721,-21824,21824,6427,-6427,0,0,0,0,0,0,0,0,0,-15911,15911,37706,-37706,34009,-34009,45981,-45981,0,0,0,0,0,0,0,0,-39534,39534,64334,-64334,2247,-2247,-76385,76385,0,0,0,0,0,0,0,0,0,0,0,3332,-3332,-11157,11157,-77794,77794,23046,-23046,41680,-11777,10081,-11816,-6990,19783,32259,2099,-3854,19079,-54846,-1417,-337,-41680,11777,-10081,11816,6990,-19783,-32259,3854,-2099,54846,-19079,337,1417,-58544,32547,-34364,-42775,31122,-66954,-109443,4790,1163,49669,71678,58544,-32547,34364,42775,-31122,66954,109443,-1163,-4790,-71678,-49669,-26010,20552,-4114,-35713,18236,-57610,-66673,1273,2353,26010,-20552,4114,35713,-18236,57610,66673,-2353,-1273,-7107,-9703,1304,25483,-1845,17072,19850,7107,9703,-1304,-25483,1845,-17072,-19850
