0,0,0,0,0,0,0,0,0,0,0,0,0,0,0,0,18854,-18854,2506,-2506,7697,-7697,9031,-9031,0,0,0,0,0,0,0,0,0,0,0,0,0,0,0,-6755,6755,-31015,31015,45934,-45934,8345,-8345,0,0,0,0,0,0,0,0,0,0,0,0,0,0,0,60567,-60567,-25004,25004,10329,-10329,47780,-47780,0,0,0,0,0,0,0,0,0,0,0,0,0,0,-51689,51689,21274,-21274,-21748,21748,-20967,20967,0,0,0,0,0,0,0,0,0,0,0,0,0,-7758,7758,-38552,38552,-64433,64433,-31387,31387,0,0,0,0,0,0,0,0,0,0,0,0,0,46804,-46804,-7481,7481,-4688,4688,-26212,26212,0,0,0,0,0,0,0,0,0,0,0,0,0,-64786,64786,-29036,29036,-83259,83259,-7004,7004,0,0,0,0,0,0,0,0,0,0,0,0,-50634,50634,-6217,6217,40595,-40595,-20090,20090,0,0,0,0,0,0,0,0,0,0,0,0,0,-15247,15247,-10482,10482,21597,-21597,-8224,8224,0,0,0,0,0,0,0,0,0,0,0,0,0,-230,230,48524,-48524,7834,-7834,-11691,11691,0,0,0,0,0,0,0,0,0,0,0,0,0,71141,-71141,24075,-24075,-13181,13181,15310,-15310,0,0,0,0,0,0,0,0,0,0,9210,-9210,-29036,29036,-33027,33027,-7004,7004,0,0,0,0,0,0,0,0,0,-50634,50634,32905,-32905,40595,-40595,-32886,32886,0,0,0,0,0,0,0,0,0,0,0,84904,-84904,24990,-24990,1836,-1836,22866,-22866,0,0,0,0,0,0,0,0,0,-69390,69390,21274,-21274,65918,-65918,-20967,20967,0,0,0,0,0,0,0,0,-7758,7758,-11620,11620,-64433,64433,-258,258,0,0,0,0,0,0,0,0,0,0,0,8262,-8262,9553,-9553,32171,-32171,71314,-71314,48371,-31045,38865,55674,-34339,65180,112389,-3463,-2650,-87742,-36871,-4521,-1592,-48371,31045,-38865,-55674,34339,-65180,-112389,2650,3463,36871,87742,1592,4521,-20552,-2413,-4298,34384,-6279,18129,14941,-1654,841,-38129,21563,20552,2413,4298,-34384,6279,-18129,-14941,-841,1654,-21563,38129,34395,-9311,17586,8080,-17380,24889,45881,-2712,216,-34395,9311,-17586,-8080,17380,-24889,-45881,-216,2712,36133,-15123,-2549,13706,-16196,52388,53836,-36133,15123,2549,-13706,16196,-52388,-53836
0,0,0,0,0,0,0,0,0,0,0,0,0,0,0,0,-10810,10810,-3733,3733,6320,-6320,18216,-18216,0,0,0,0,0,0,0,0,0,0,0,0,0,0,0,6861,-6861,9764,-9764,60500,-60500,4852,-4852,0,0,0,0,0,0,0,0,0,0,0,0,0,0,0,-29883,29883,14761,-14761,22539,-22539,76958,-76958,0,0,0,0,0,0,0,0,0,0,0,0,0,0,-12826,12826,56518,-56518,-25723,25723,-17812,17812,0,0,0,0,0,0,0,0,0,0,0,0,0,34343,-34343,-67860,67860,20321,-20321,-65935,65935,0,0,0,0,0,0,0,0,0,0,0,0,0,-76181,76181,-26369,26369,3687,-3687,10695,-10695,0,0,0,0,0,0,0,0,0,0,0,0,0,40355,-40355,-44958,44958,35644,-35644,-38605,38605,0,0,0,0,0,0,0,0,0,0,0,0,-865,865,18731,-18731,-39896,39896,-5754,5754,0,0,0,0,0,0,0,0,0,0,0,0,0,-21707,21707,-7535,7535,29949,-29949,86428,-86428,0,0,0,0,0,0,0,0,0,0,0,0,0,-2856,2856,-35839,35839,-16348,16348,-11601,11601,0,0,0,0,0,0,0,0,0,0,0,0,0,-45630,45630,-13378,13378,-24880,24880,50295,-50295,0,0,0,0,0,0,0,0,0,0,37181,-37181,-44958,44958,-19256,19256,-38605,38605,0,0,0,0,0,0,0,0,0,-865,865,76270,-76270,-39896,39896,-63702,63702,0,0,0,0,0,0,0,0,0,0,0,667,-667,294,-294,-6029,6029,-17444,17444,0,0,0,0,0,0,0,0,0,36574,-36574,56518,-56518,-49884,49884,-17812,17812,0,0,0,0,0,0,0,0,34343,-34343,7833,-7833,20321,-20321,-35288,35288,0,0,0,0,0,0,0,0,0,0,0,25712,-25712,8918,-8918,14202,-14202,40825,-40825,-24389,20096,-56366,-35265,17391,-3288,-64437,2358,1147,14836,56609,-1201,4706,24389,-20096,56366,35265,-17391,3288,64437,-1147,-2358,-56609,-14836,-4706,1201,5449,10370,-19507,-26048,2574,-1091,-22251,-419,1630,-47863,72534,-5449,-10370,19507,26048,-2574,1091,22251,-1630,419,-72534,47863,43978,-13272,22877,-9100,-8646,12001,37675,-3978,1929,-43978,13272,-22877,9100,8646,-12001,-37675,-1929,3978,59471,-32385,66012,41055,-30787,34514,108587,-59471,32385,-66012,-41055,30787,-34514,-108587
0,0,0,0,0,0,0,0,0,0,0,0,0,0,0,0,0,0,0,0,0,0,0,0,0,0,-33021,13139,30932,-15160,44119,-30932,0,-44119,15160,28943,-13139,33021,-28943,-15983,-15983,5430,5430,-5430,-5430,15983,15983,0,0,-13139,33021,-30932,-44119,15160,30932,0,-15160,44119,-28943,-33021,13139,28943,-5430,-5430,15983,15983,-15983,-15983,5430,5430,40946,0,0,-15768,0,0,81241,-40946,13139,0,15768,0,0,-81241,0,0,0,0,0,0,0,0,-40946,0,15768,0,0,-81241,-13139,40946,0,-15768,0,0,81241,0,0,0,0,0,0,0,0,16612,-16612,0,78665,-78665,0,-12525,12525,13836,-13836,-83930,83930,0,-371,-371,371,371,-1091,-1091,1091,1091,51605,0,-74924,0,0,13836,15160,-51605,0,0,74924,0,-13836,0,0,0,0,0,0,0,0,-51605,0,74924,0,-13836,51605,-15160,0,0,-74924,0,13836,0,0,0,0,0,0,0,0,-16612,16612,-83930,83930,0,0,12525,-12525,78665,-78665,0,-15768,15768,-1091,-1091,1091,1091,-371,-371,371,371,0,33021,-28943,-44119,28943,0,0,44119,-15160,-30932,13139,-33021,30932,15983,15983,-5430,-5430,5430,5430,-15983,-15983,0,-33021,28943,44119,-28943,0,0,15160,-44119,30932,33021,-13139,-30932,5430,5430,-15983,-15983,15983,15983,-5430,-5430,51605,0,-74924,-51605,0,0,-13836,0,0,74924,0,0,0,0,0,0,0,0,-51605,0,74924,51605,0,13836,0,0,-74924,0,0,0,0,0,0,0,0,12525,-12525,-78665,78665,0,-16612,16612,0,83930,-83930,0,371,371,-371,-371,1091,1091,-1091,-1091,40946,0,81241,-40946,0,-81241,0,0,15768,0,0,0,0,0,0,0,0,-40946,0,-81241,40946,0,81241,0,-15768,0,0,0,0,0,0,0,0,-12525,12525,83930,-83930,0,16612,-16612,-78665,78665,0,0,1091,1091,-1091,-1091,371,371,-371,-371,-2368,0,-162,2368,0,162,0,0,0,0,0,0,0,-2368,0,-162,2368,0,162,0,0,0,0,0,0,0,2368,0,162,-2368,0,-162,0,0,0,0,0,2368,0,162,-2368,0,-162,0,0,0,0,0,-2368,0,-162,2368,0,162,0,0,0,-2368,0,-162,2368,0,162,0,0,0,2368,0,162,-2368,0,-162,0,2368,0,162,-2368,0,-162,0
0,0,0,0,0,0,0,0,0,0,0,0,0,0,0,0,0,0,0,0,0,0,0,0,0,0,83930,-15768,12525,-13836,78665,-12525,0,-78665,13836,-16612,15768,-83930,16612,1091,1091,-371,-371,371,371,-1091,-1091,0,0,15768,-83930,-12525,-78665,13836,12525,0,-13836,78665,16612,83930,-15768,-16612,371,371,-1091,-1091,1091,1091,-371,-371,-81241,0,0,-13139,0,0,40946,81241,-15768,0,13139,0,0,-40946,0,0,0,0,0,0,0,0,81241,0,13139,0,0,-40946,15768,-81241,0,-13139,0,0,40946,0,0,0,0,0,0,0,0,28943,-28943,0,-44119,44119,0,30932,-30932,-15160,15160,-33021,33021,0,-5430,-5430,5430,5430,-15983,-15983,15983,15983,74924,0,51605,0,0,-15160,13836,-74924,0,0,-51605,0,15160,0,0,0,0,0,0,0,0,-74924,0,-51605,0,15160,74924,-13836,0,0,51605,0,-15160,0,0,0,0,0,0,0,0,-28943,28943,-33021,33021,0,0,-30932,30932,-44119,44119,0,-13139,13139,-15983,-15983,15983,15983,-5430,-5430,5430,5430,0,-83930,16612,-78665,-16612,0,0,78665,-13836,-12525,-15768,83930,12525,-1091,-1091,371,371,-371,-371,1091,1091,0,83930,-16612,78665,16612,0,0,13836,-78665,12525,-83930,15768,-12525,-371,-371,1091,1091,-1091,-1091,371,371,74924,0,51605,-74924,0,0,15160,0,0,-51605,0,0,0,0,0,0,0,0,-74924,0,-51605,74924,0,-15160,0,0,51605,0,0,0,0,0,0,0,0,-30932,30932,44119,-44119,0,-28943,28943,0,33021,-33021,0,5430,5430,-5430,-5430,15983,15983,-15983,-15983,-81241,0,40946,81241,0,-40946,0,0,13139,0,0,0,0,0,0,0,0,81241,0,-40946,-81241,0,40946,0,-13139,0,0,0,0,0,0,0,0,30932,-30932,33021,-33021,0,28943,-28943,44119,-44119,0,0,15983,15983,-15983,-15983,5430,5430,-5430,-5430,162,0,-2368,-162,0,2368,0,0,0,0,0,0,0,162,0,-2368,-162,0,2368,0,0,0,0,0,0,0,-162,0,2368,162,0,-2368,0,0,0,0,0,-162,0,2368,162,0,-2368,0,0,0,0,0,162,0,-2368,-162,0,2368,0,0,0,162,0,-2368,-162,0,2368,0,0,0,-162,0,2368,162,0,-2368,0,-162,0,2368,162,0,-2368,0
4021,4021,0,0,-4021,0,0,-4021,4021,4021,0,0,-4021,0,0,-4021,0,0,0,0,0,0,0,0,-62521,8589,-2225,53556,-31074,53556,-2225,-31074,34010,-2225,53556,-31074,53556,-2225,-31074,26062,26062,-40581,-40581,-40581,-40581,26062,26062,8589,-62521,53556,-2225,-31074,-2225,53556,-31074,34010,53556,-2225,-31074,-2225,53556,-31074,-40581,-40581,26062,26062,26062,26062,-40581,-40581,31986,0,-1162,-53556,0,-41061,-31986,31986,53556,41061,-53556,0,1162,-31986,0,0,-7283,-7283,0,0,7283,7283,31986,0,-53556,-41061,0,-31986,53556,31986,41061,-53556,1162,0,-31986,-7283,-7283,0,0,7283,7283,0,0,31074,31074,62521,2225,2225,-8589,31074,31074,-53556,-53556,2225,2225,-34010,40581,40581,40581,40581,-26062,-26062,-26062,-26062,31986,0,-31986,0,-1162,-53556,53556,31986,0,1162,-31986,41061,-53556,0,0,7283,7283,0,0,-7283,-7283,31986,0,-31986,0,-53556,31986,53556,1162,0,-31986,41061,-53556,7283,7283,0,0,-7283,-7283,0,0,31074,31074,2225,2225,-8589,62521,31074,31074,2225,2225,-34010,-53556,-53556,-26062,-26062,-26062,-26062,40581,40581,40581,40581,34010,-2225,-31074,-2225,-31074,-62521,8589,-2225,53556,-31074,53556,-2225,-31074,26062,26062,-40581,-40581,-40581,-40581,26062,26062,34010,-2225,-31074,-2225,-31074,8589,-62521,53556,-2225,-31074,-2225,53556,-31074,-40581,-40581,26062,26062,26062,26062,-40581,-40581,31986,0,-31986,31986,0,-1162,-53556,0,-41061,-31986,0,0,-7283,-7283,0,0,7283,7283,31986,0,-31986,31986,0,-53556,-41061,0,-31986,-7283,-7283,0,0,7283,7283,0,0,31074,31074,2225,2225,-34010,31074,31074,62521,2225,2225,-8589,40581,40581,40581,40581,-26062,-26062,-26062,-26062,31986,0,-31986,31986,0,-31986,0,-1162,-53556,0,0,7283,7283,0,0,-7283,-7283,31986,0,-31986,31986,0,-31986,0,-53556,7283,7283,0,0,-7283,-7283,0,0,31074,31074,2225,2225,-34010,31074,31074,2225,2225,-8589,62521,-26062,-26062,-26062,-26062,40581,40581,40581,40581,7355,0,-7355,7355,0,-7355,0,-31586,-31586,0,0,31586,31586,7355,0,-7355,7355,0,-7355,0,-31586,-31586,0,0,31586,31586,7355,0,-7355,7355,0,-7355,0,31586,31586,0,0,7355,0,-7355,7355,0,-7355,0,31586,31586,0,0,7355,0,-7355,7355,0,-7355,0,-31586,-31586,7355,0,-7355,7355,0,-7355,0,-31586,-31586,7355,0,-7355,7355,0,-7355,0,7355,0,-7355,7355,0,-7355,0
0,0,0,0,5734,0,0,5734,0,0,0,0,-5734,0,0,-5734,0,0,0,0,0,0,0,0,0,1,-21482,-17048,12685,17050,21482,12685,-4,21482,17050,-12686,-17048,-21482,-12686,1,1,0,0,0,0,1,1,1,0,-17048,-21482,12685,21482,17050,12685,-4,17050,21482,-12686,-21482,-17048,-12686,0,0,1,1,1,1,0,0,6612,0,0,-51306,0,0,18238,-6612,17048,0,51306,0,0,-18238,0,0,0,0,0,0,0,0,6612,0,-51306,0,0,18238,17048,-6612,0,51306,0,0,-18238,0,0,0,0,0,0,0,0,18856,18856,23721,17293,17293,-46977,18856,18856,-51306,-51306,17293,17293,186460,20526,20526,20526,20526,-68816,-68816,-68816,-68816,-6612,0,18238,0,0,-51306,-17050,6612,0,0,-18238,0,51306,0,0,0,0,0,0,0,0,-6612,0,18238,0,-51306,6612,-17050,0,0,-18238,0,51306,0,0,0,0,0,0,0,0,18856,18856,17293,17293,-46977,23721,18856,18856,17293,17293,186460,-51306,-51306,-68816,-68816,-68816,-68816,20526,20526,20526,20526,4,21482,12686,-21482,12686,0,-1,-21482,-17050,-12685,17048,21482,-12685,-1,-1,0,0,0,0,-1,-1,4,21482,12686,-21482,12686,-1,0,-17050,-21482,-12685,21482,17048,-12685,0,0,-1,-1,-1,-1,0,0,-6612,0,18238,6612,0,0,51306,0,0,-18238,0,0,0,0,0,0,0,0,-6612,0,18238,6612,0,51306,0,0,-18238,0,0,0,0,0,0,0,0,-18856,-18856,-17293,-17293,-186460,-18856,-18856,-23721,-17293,-17293,46977,-20526,-20526,-20526,-20526,68816,68816,68816,68816,6612,0,18238,-6612,0,-18238,0,0,51306,0,0,0,0,0,0,0,0,6612,0,18238,-6612,0,-18238,0,51306,0,0,0,0,0,0,0,0,-18856,-18856,-17293,-17293,-186460,-18856,-18856,-17293,-17293,46977,-23721,68816,68816,68816,68816,-20526,-20526,-20526,-20526,0,0,-3286,0,0,3286,0,0,0,0,0,-5415,5415,0,0,-3286,0,0,3286,0,0,0,0,0,5415,-5415,0,0,-3286,0,0,3286,0,-5415,5415,0,0,0,0,-3286,0,0,3286,0,5415,-5415,0,0,0,0,-3286,0,0,3286,0,0,0,0,0,-3286,0,0,3286,0,0,0,0,0,-3286,0,0,3286,0,0,0,-3286,0,0,3286,0
-5734,-5734,0,0,0,0,0,0,5734,5734,0,0,0,0,0,0,0,0,0,0,0,0,0,0,-23721,46977,-17293,51306,-18856,51306,-17293,-18856,-186460,-17293,51306,-18856,51306,-17293,-18856,68816,68816,-20526,-20526,-20526,-20526,68816,68816,46977,-23721,51306,-17293,-18856,-17293,51306,-18856,-186460,51306,-17293,-18856,-17293,51306,-18856,-20526,-20526,68816,68816,68816,68816,-20526,-20526,-18238,0,0,-17048,0,0,6612,18238,-51306,0,17048,0,0,-6612,0,0,0,0,0,0,0,0,-18238,0,-17048,0,0,6612,-51306,18238,0,17048,0,0,-6612,0,0,0,0,0,0,0,0,-12686,-12686,0,21482,21482,1,12685,12685,17050,17050,-21482,-21482,-4,0,0,0,0,1,1,1,1,-18238,0,-6612,0,0,17050,-51306,18238,0,0,6612,0,-17050,0,0,0,0,0,0,0,0,-18238,0,-6612,0,17050,18238,-51306,0,0,6612,0,-17050,0,0,0,0,0,0,0,0,-12686,-12686,-21482,-21482,1,0,12685,12685,21482,21482,-4,-17048,-17048,1,1,1,1,0,0,0,0,186460,17293,18856,17293,18856,23721,-46977,17293,-51306,18856,-51306,17293,18856,-68816,-68816,20526,20526,20526,20526,-68816,-68816,186460,17293,18856,17293,18856,-46977,23721,-51306,17293,18856,17293,-51306,18856,20526,20526,-68816,-68816,-68816,-68816,20526,20526,-18238,0,-6612,18238,0,0,-17050,0,0,6612,0,0,0,0,0,0,0,0,-18238,0,-6612,18238,0,-17050,0,0,6612,0,0,0,0,0,0,0,0,-12685,-12685,-21482,-21482,4,12686,12686,0,21482,21482,-1,0,0,0,0,-1,-1,-1,-1,-18238,0,6612,18238,0,-6612,0,0,17048,0,0,0,0,0,0,0,0,-18238,0,6612,18238,0,-6612,0,17048,0,0,0,0,0,0,0,0,-12685,-12685,21482,21482,4,12686,12686,-21482,-21482,-1,0,-1,-1,-1,-1,0,0,0,0,3286,0,0,-3286,0,0,0,5415,-5415,0,0,0,0,3286,0,0,-3286,0,0,0,-5415,5415,0,0,0,0,3286,0,0,-3286,0,0,0,0,0,0,0,3286,0,0,-3286,0,0,0,0,0,0,0,3286,0,0,-3286,0,0,0,-5415,5415,3286,0,0,-3286,0,0,0,5415,-5415,3286,0,0,-3286,0,0,0,3286,0,0,-3286,0,0,0
-6295,6295,6288,-5694,312,-6288,5694,-312,-6295,6295,6288,-5694,312,-6288,5694,-312,34953,34953,-31655,-31655,-34953,-34953,31655,31655,28777,-31766,-4303,-9993,-5570,-10492,-1995,-11201,-80686,-4303,-9993,-5570,-10492,-1995,-11201,23182,23182,27698,27698,23892,23892,24672,24672,31766,-28777,10492,1995,11201,4303,9993,5570,80686,10492,1995,11201,4303,9993,5570,-23892,-23892,-24672,-24672,-23182,-23182,-27698,-27698,-12488,50301,2672,5542,22674,22289,-60046,-12488,10492,1104,5542,26724,53964,-60046,2322,2322,-30811,-30811,-12762,-12762,35093,35093,6587,-45554,-4527,-22289,-20534,59102,-9993,6587,1104,-4527,-53964,-24202,59102,34447,34447,-2103,-2103,-38324,-38324,11557,11557,-56431,57262,-1425,23459,-23147,1573,-56431,57262,5542,-4527,23459,-23147,3996,37148,37148,-39703,-39703,13853,13853,-16223,-16223,12488,-22674,60046,-50301,-2672,-5542,-10492,12488,-26724,-53964,60046,-1104,-5542,12762,12762,-35093,-35093,-2322,-2322,30811,30811,-6587,20534,-59102,45554,4527,-6587,9993,53964,24202,-59102,-1104,4527,38324,38324,-11557,-11557,-34447,-34447,2103,2103,-57262,56431,-23459,23147,-1573,1425,-57262,56431,-23459,23147,-3996,-5542,4527,-13853,-13853,16223,16223,-37148,-37148,39703,39703,-80686,-4303,-5570,-1995,-11201,28777,-31766,-4303,-9993,-5570,-10492,-1995,-11201,23182,23182,27698,27698,23892,23892,24672,24672,80686,1995,11201,4303,5570,31766,-28777,10492,1995,11201,4303,9993,5570,-23892,-23892,-24672,-24672,-23182,-23182,-27698,-27698,-12488,26724,-60046,-12488,50301,2672,5542,22674,22289,-60046,2322,2322,-30811,-30811,-12762,-12762,35093,35093,6587,-24202,59102,6587,-45554,-4527,-22289,-20534,59102,34447,34447,-2103,-2103,-38324,-38324,11557,11557,-56431,57262,23459,-23147,3996,-56431,57262,-1425,23459,-23147,1573,37148,37148,-39703,-39703,13853,13853,-16223,-16223,12488,-26724,60046,12488,-22674,60046,-50301,-2672,-5542,12762,12762,-35093,-35093,-2322,-2322,30811,30811,-6587,24202,-59102,-6587,20534,-59102,45554,4527,38324,38324,-11557,-11557,-34447,-34447,2103,2103,-57262,56431,-23459,23147,-3996,-57262,56431,-23459,23147,-1573,1425,-13853,-13853,16223,16223,-37148,-37148,39703,39703,24888,-16416,-11414,24888,-16416,-11414,12141,159,159,0,0,3211,3211,24888,-16416,-11414,24888,-16416,-11414,12141,159,159,0,0,3211,3211,-26144,14867,13941,-26144,14867,13941,-10996,-3211,-3211,0,0,-26144,14867,13941,-26144,14867,13941,-10996,-3211,-3211,0,0,-24888,16416,11414,-24888,16416,11414,-12141,-159,-159,-24888,16416,11414,-24888,16416,11414,-12141,-159,-159,26144,-14867,-13941,26144,-14867,-13941,10996,26144,-14867,-13941,26144,-14867,-13941,10996
312,-312,5694,6288,6295,-5694,-6288,-6295,312,-312,5694,6288,6295,-5694,-6288,-6295,31655,31655,34953,34953,-31655,-31655,-34953,-34953,-1425,1573,-23147,5542,57262,-4527,23459,-56431,3996,-23147,5542,57262,-4527,23459,-56431,-16223,-16223,37148,37148,-39703,-39703,13853,13853,-1573,1425,4527,-23459,56431,23147,-5542,-57262,-3996,4527,-23459,56431,23147,-5542,-57262,39703,39703,-13853,-13853,16223,16223,-37148,-37148,-59102,45554,53964,9993,20534,-1104,-6587,-59102,4527,22289,9993,24202,-2672,-6587,2103,2103,38324,38324,-11557,-11557,-34447,-34447,-60046,50301,10492,1104,22674,-12488,5542,-60046,22289,10492,2672,26724,-12488,35093,35093,2322,2322,-30811,-30811,-12762,-12762,11201,5570,-28777,1995,4303,31766,11201,5570,9993,10492,1995,4303,80686,-27698,-27698,-23892,-23892,-24672,-24672,-23182,-23182,59102,-20534,6587,-45554,-53964,-9993,-4527,59102,-24202,2672,6587,-22289,-9993,11557,11557,34447,34447,-2103,-2103,-38324,-38324,60046,-22674,12488,-50301,-10492,60046,-5542,-2672,-26724,12488,-22289,-10492,30811,30811,12762,12762,-35093,-35093,-2322,-2322,-5570,-11201,-1995,-4303,-31766,28777,-5570,-11201,-1995,-4303,-80686,-9993,-10492,24672,24672,23182,23182,27698,27698,23892,23892,3996,-23147,57262,23459,-56431,-1425,1573,-23147,5542,57262,-4527,23459,-56431,-16223,-16223,37148,37148,-39703,-39703,13853,13853,-3996,-23459,56431,23147,-57262,-1573,1425,4527,-23459,56431,23147,-5542,-57262,39703,39703,-13853,-13853,16223,16223,-37148,-37148,-59102,24202,-6587,-59102,45554,53964,9993,20534,-1104,-6587,2103,2103,38324,38324,-11557,-11557,-34447,-34447,-60046,26724,-12488,-60046,50301,10492,1104,22674,-12488,35093,35093,2322,2322,-30811,-30811,-12762,-12762,11201,5570,1995,4303,80686,11201,5570,-28777,1995,4303,31766,-27698,-27698,-23892,-23892,-24672,-24672,-23182,-23182,59102,-24202,6587,59102,-20534,6587,-45554,-53964,-9993,11557,11557,34447,34447,-2103,-2103,-38324,-38324,60046,-26724,12488,60046,-22674,12488,-50301,-10492,30811,30811,12762,12762,-35093,-35093,-2322,-2322,-5570,-11201,-1995,-4303,-80686,-5570,-11201,-1995,-4303,-31766,28777,24672,24672,23182,23182,27698,27698,23892,23892,-13941,-14867,26144,-13941,-14867,26144,10996,3211,3211,0,0,-159,-159,-13941,-14867,26144,-13941,-14867,26144,10996,3211,3211,0,0,-159,-159,-11414,-16416,24888,-11414,-16416,24888,12141,159,159,0,0,-11414,-16416,24888,-11414,-16416,24888,12141,159,159,0,0,13941,14867,-26144,13941,14867,-26144,-10996,-3211,-3211,13941,14867,-26144,13941,14867,-26144,-10996,-3211,-3211,11414,16416,-24888,11414,16416,-24888,-12141,11414,16416,-24888,11414,16416,-24888,-12141
-6117,-6117,-9873,-9873,-6117,-9873,-9873,-6117,-6117,-6117,-9873,-9873,-6117,-9873,-9873,-6117,9703,9703,9703,9703,9703,9703,9703,9703,-33820,4670,2898,3574,27568,3574,2898,27568,73026,2898,3574,27568,3574,2898,27568,7747,7747,-25276,-25276,-25276,-25276,7747,7747,4670,-33820,3574,2898,27568,2898,3574,27568,73026,3574,2898,27568,2898,3574,27568,-25276,-25276,7747,7747,7747,7747,-25276,-25276,-43011,-42369,14417,3574,75515,-39227,-43011,-43011,3574,-39227,3574,-54536,14417,-43011,15219,15219,3304,3304,1316,1316,3304,3304,-43011,-42369,3574,-39227,75515,-43011,3574,-43011,-39227,3574,14417,-54536,-43011,3304,3304,15219,15219,3304,3304,1316,1316,27568,27568,-33820,2898,2898,4670,27568,27568,3574,3574,2898,2898,73026,-25276,-25276,-25276,-25276,7747,7747,7747,7747,-43011,75515,-43011,-42369,14417,3574,3574,-43011,-54536,14417,-43011,-39227,3574,1316,1316,3304,3304,15219,15219,3304,3304,-43011,75515,-43011,-42369,3574,-43011,3574,14417,-54536,-43011,-39227,3574,3304,3304,1316,1316,3304,3304,15219,15219,27568,27568,2898,2898,4670,-33820,27568,27568,2898,2898,73026,3574,3574,7747,7747,7747,7747,-25276,-25276,-25276,-25276,73026,2898,27568,2898,27568,-33820,4670,2898,3574,27568,3574,2898,27568,7747,7747,-25276,-25276,-25276,-25276,7747,7747,73026,2898,27568,2898,27568,4670,-33820,3574,2898,27568,2898,3574,27568,-25276,-25276,7747,7747,7747,7747,-25276,-25276,-43011,-54536,-43011,-43011,-42369,14417,3574,75515,-39227,-43011,15219,15219,3304,3304,1316,1316,3304,3304,-43011,-54536,-43011,-43011,-42369,3574,-39227,75515,-43011,3304,3304,15219,15219,3304,3304,1316,1316,27568,27568,2898,2898,73026,27568,27568,-33820,2898,2898,4670,-25276,-25276,-25276,-25276,7747,7747,7747,7747,-43011,-54536,-43011,-43011,75515,-43011,-42369,14417,3574,1316,1316,3304,3304,15219,15219,3304,3304,-43011,-54536,-43011,-43011,75515,-43011,-42369,3574,3304,3304,1316,1316,3304,3304,15219,15219,27568,27568,2898,2898,73026,27568,27568,2898,2898,4670,-33820,7747,7747,7747,7747,-25276,-25276,-25276,-25276,11756,39036,11756,11756,39036,11756,-47323,1562,1562,22989,22989,1562,1562,11756,39036,11756,11756,39036,11756,-47323,1562,1562,22989,22989,1562,1562,11756,39036,11756,11756,39036,11756,-47323,1562,1562,22989,22989,11756,39036,11756,11756,39036,11756,-47323,1562,1562,22989,22989,11756,39036,11756,11756,39036,11756,-47323,1562,1562,11756,39036,11756,11756,39036,11756,-47323,1562,1562,11756,39036,11756,11756,39036,11756,-47323,11756,39036,11756,11756,39036,11756,-47323
0,0,-6384,6384,0,-6384,6384,0,0,0,-6384,6384,0,-6384,6384,0,-28033,-28033,28033,28033,-28033,-28033,28033,28033,0,0,14221,19421,-26604,-19421,-14221,26604,0,14221,19421,-26604,-19421,-14221,26604,-32736,-32736,41279,41279,-41279,-41279,32736,32736,0,0,-19421,-14221,26604,14221,19421,-26604,0,-19421,-14221,26604,14221,19421,-26604,-41279,-41279,32736,32736,-32736,-32736,41279,41279,12184,-65287,0,-19421,-5751,0,12184,12184,-19421,0,-19421,-80857,0,12184,-2525,-2525,4034,4034,33457,33457,4034,4034,-12184,65287,19421,0,5751,-12184,19421,-12184,0,19421,0,80857,-12184,-4034,-4034,2525,2525,-4034,-4034,-33457,-33457,-26604,26604,0,14221,-14221,0,-26604,26604,-19421,19421,14221,-14221,0,-41279,-41279,41279,41279,-32736,-32736,32736,32736,12184,-5751,12184,-65287,0,-19421,-19421,12184,-80857,0,12184,0,-19421,33457,33457,4034,4034,-2525,-2525,4034,4034,-12184,5751,-12184,65287,19421,-12184,19421,0,80857,-12184,0,19421,-4034,-4034,-33457,-33457,-4034,-4034,2525,2525,26604,-26604,14221,-14221,0,0,26604,-26604,14221,-14221,0,-19421,19421,-32736,-32736,32736,32736,-41279,-41279,41279,41279,0,14221,-26604,-14221,26604,0,0,14221,19421,-26604,-19421,-14221,26604,-32736,-32736,41279,41279,-41279,-41279,32736,32736,0,-14221,26604,14221,-26604,0,0,-19421,-14221,26604,14221,19421,-26604,-41279,-41279,32736,32736,-32736,-32736,41279,41279,12184,-80857,12184,12184,-65287,0,-19421,-5751,0,12184,-2525,-2525,4034,4034,33457,33457,4034,4034,-12184,80857,-12184,-12184,65287,19421,0,5751,-12184,-4034,-4034,2525,2525,-4034,-4034,-33457,-33457,-26604,26604,14221,-14221,0,-26604,26604,0,14221,-14221,0,-41279,-41279,41279,41279,-32736,-32736,32736,32736,12184,-80857,12184,12184,-5751,12184,-65287,0,-19421,33457,33457,4034,4034,-2525,-2525,4034,4034,-12184,80857,-12184,-12184,5751,-12184,65287,19421,-4034,-4034,-33457,-33457,-4034,-4034,2525,2525,26604,-26604,14221,-14221,0,26604,-26604,14221,-14221,0,0,-32736,-32736,32736,32736,-41279,-41279,41279,41279,30117,-39411,30117,30117,-39411,30117,-1580,0,0,47286,47286,0,0,30117,-39411,30117,30117,-39411,30117,-1580,0,0,47286,47286,0,0,-30117,39411,-30117,-30117,39411,-30117,1580,0,0,-47286,-47286,-30117,39411,-30117,-30117,39411,-30117,1580,0,0,-47286,-47286,30117,-39411,30117,30117,-39411,30117,-1580,0,0,30117,-39411,30117,30117,-39411,30117,-1580,0,0,-30117,39411,-30117,-30117,39411,-30117,1580,-30117,39411,-30117,-30117,39411,-30117,1580
-803,803,-1855,-2100,-12968,1855,2100,12968,-803,803,-1855,-2100,-12968,1855,2100,12968,-21072,-21072,-23852,-23852,21072,21072,23852,23852,-2695,-1389,22899,-7420,50589,9541,-20336,-55063,-2226,22899,-7420,50589,9541,-20336,-55063,23503,23503,8384,8384,614,614,-27666,-27666,1389,2695,-9541,20336,55063,-22899,7420,-50589,2226,-9541,20336,55063,-22899,7420,-50589,-614,-614,27666,27666,-23503,-23503,-8384,-8384,-12659,-22952,-5140,17663,1398,-1089,5404,-12659,-9541,17604,17663,1786,318,5404,-55002,-55002,12604,12604,-19697,-19697,15531,15531,-12085,-25979,16614,1089,1583,3873,-7420,-12085,17604,16614,-318,2021,3873,14631,14631,-62258,-62258,17217,17217,-22296,-22296,-32875,-39413,-43549,22044,19369,-22444,-32875,-39413,17663,16614,22044,19369,-35975,72464,72464,72945,72945,-32052,-32052,-35218,-35218,12659,-1398,-5404,22952,5140,-17663,9541,12659,-1786,-318,-5404,-17604,-17663,19697,19697,-15531,-15531,55002,55002,-12604,-12604,12085,-1583,-3873,25979,-16614,12085,7420,318,-2021,-3873,-17604,-16614,-17217,-17217,22296,22296,-14631,-14631,62258,62258,39413,32875,-22044,-19369,22444,43549,39413,32875,-22044,-19369,35975,-17663,-16614,32052,32052,35218,35218,-72464,-72464,-72945,-72945,-2226,22899,50589,-20336,-55063,-2695,-1389,22899,-7420,50589,9541,-20336,-55063,23503,23503,8384,8384,614,614,-27666,-27666,2226,20336,55063,-22899,-50589,1389,2695,-9541,20336,55063,-22899,7420,-50589,-614,-614,27666,27666,-23503,-23503,-8384,-8384,-12659,1786,5404,-12659,-22952,-5140,17663,1398,-1089,5404,-55002,-55002,12604,12604,-19697,-19697,15531,15531,-12085,2021,3873,-12085,-25979,16614,1089,1583,3873,14631,14631,-62258,-62258,17217,17217,-22296,-22296,-32875,-39413,22044,19369,-35975,-32875,-39413,-43549,22044,19369,-22444,72464,72464,72945,72945,-32052,-32052,-35218,-35218,12659,-1786,-5404,12659,-1398,-5404,22952,5140,-17663,19697,19697,-15531,-15531,55002,55002,-12604,-12604,12085,-2021,-3873,12085,-1583,-3873,25979,-16614,-17217,-17217,22296,22296,-14631,-14631,62258,62258,39413,32875,-22044,-19369,35975,39413,32875,-22044,-19369,22444,43549,32052,32052,35218,35218,-72464,-72464,-72945,-72945,17475,19063,1261,17475,19063,1261,8106,41912,41912,0,0,-2594,-2594,17475,19063,1261,17475,19063,1261,8106,41912,41912,0,0,-2594,-2594,17766,21578,3442,17766,21578,3442,9176,2594,2594,0,0,17766,21578,3442,17766,21578,3442,9176,2594,2594,0,0,-17475,-19063,-1261,-17475,-19063,-1261,-8106,-41912,-41912,-17475,-19063,-1261,-17475,-19063,-1261,-8106,-41912,-41912,-17766,-21578,-3442,-17766,-21578,-3442,-9176,-17766,-21578,-3442,-17766,-21578,-3442,-9176
12968,-12968,-2100,1855,-803,2100,-1855,803,12968,-12968,-2100,1855,-803,2100,-1855,803,-23852,-23852,21072,21072,23852,23852,-21072,-21072,43549,22444,-19369,-17663,39413,-16614,-22044,32875,35975,-19369,-17663,39413,-16614,-22044,32875,35218,35218,-72464,-72464,-72945,-72945,32052,32052,-22444,-43549,16614,22044,-32875,19369,17663,-39413,-35975,16614,22044,-32875,19369,17663,-39413,72945,72945,-32052,-32052,-35218,-35218,72464,72464,3873,-25979,-318,-7420,1583,17604,-12085,3873,16614,1089,-7420,2021,-5140,-12085,-62258,-62258,17217,17217,-22296,-22296,14631,14631,-5404,22952,9541,-17604,-1398,12659,-17663,-5404,1089,9541,5140,-1786,12659,-15531,-15531,55002,55002,-12604,-12604,19697,19697,-55063,50589,-2695,-20336,22899,-1389,-55063,50589,-7420,9541,-20336,22899,-2226,8384,8384,614,614,-27666,-27666,23503,23503,-3873,-1583,12085,25979,318,7420,-16614,-3873,-2021,5140,12085,-1089,7420,22296,22296,-14631,-14631,62258,62258,-17217,-17217,5404,1398,-12659,-22952,-9541,5404,17663,-5140,1786,-12659,-1089,-9541,12604,12604,-19697,-19697,15531,15531,-55002,-55002,-50589,55063,20336,-22899,1389,2695,-50589,55063,20336,-22899,2226,7420,-9541,27666,27666,-23503,-23503,-8384,-8384,-614,-614,35975,-19369,39413,-22044,32875,43549,22444,-19369,-17663,39413,-16614,-22044,32875,35218,35218,-72464,-72464,-72945,-72945,32052,32052,-35975,22044,-32875,19369,-39413,-22444,-43549,16614,22044,-32875,19369,17663,-39413,72945,72945,-32052,-32052,-35218,-35218,72464,72464,3873,2021,-12085,3873,-25979,-318,-7420,1583,17604,-12085,-62258,-62258,17217,17217,-22296,-22296,14631,14631,-5404,-1786,12659,-5404,22952,9541,-17604,-1398,12659,-15531,-15531,55002,55002,-12604,-12604,19697,19697,-55063,50589,-20336,22899,-2226,-55063,50589,-2695,-20336,22899,-1389,8384,8384,614,614,-27666,-27666,23503,23503,-3873,-2021,12085,-3873,-1583,12085,25979,318,7420,22296,22296,-14631,-14631,62258,62258,-17217,-17217,5404,1786,-12659,5404,1398,-12659,-22952,-9541,12604,12604,-19697,-19697,15531,15531,-55002,-55002,-50589,55063,20336,-22899,2226,-50589,55063,20336,-22899,1389,2695,27666,27666,-23503,-23503,-8384,-8384,-614,-614,3442,21578,17766,3442,21578,17766,9176,2594,2594,0,0,41912,41912,3442,21578,17766,3442,21578,17766,9176,2594,2594,0,0,41912,41912,-1261,-19063,-17475,-1261,-19063,-17475,-8106,-41912,-41912,0,0,-1261,-19063,-17475,-1261,-19063,-17475,-8106,-41912,-41912,0,0,-3442,-21578,-17766,-3442,-21578,-17766,-9176,-2594,-2594,-3442,-21578,-17766,-3442,-21578,-17766,-9176,-2594,-2594,1261,19063,17475,1261,19063,17475,8106,1261,19063,17475,1261,19063,17475,8106
0,0,-1019,-1586,0,-1019,-1586,0,0,0,1019,1586,0,1019,1586,0,0,0,0,0,0,0,0,0,0,0,40379,-11763,49938,-2875,52293,-53278,0,-40379,11763,-49938,2875,-52293,53278,0,0,0,0,0,0,0,0,0,0,-2875,52293,53278,40379,-11763,-49938,0,2875,-52293,-53278,-40379,11763,49938,0,0,0,0,0,0,0,0,-83857,-2541,37468,-18851,-50547,20438,7744,-83857,-2875,-4443,-18851,20504,-8145,7744,1255,1255,995,995,44326,44326,16786,16786,-88642,-3953,-22033,20438,-78626,-29754,-11763,-88642,4443,-22033,8145,31894,-29754,8753,8753,1952,1952,18905,18905,68950,68950,-3538,18900,0,17333,37478,0,3538,-18900,18851,22033,-17333,-37478,0,0,0,0,0,0,0,0,0,-83857,-50547,7744,-2541,37468,-18851,-2875,-83857,20504,-8145,7744,-4443,-18851,44326,44326,16786,16786,1255,1255,995,995,-88642,-78626,-29754,-3953,-22033,-88642,-11763,8145,31894,-29754,4443,-22033,18905,18905,68950,68950,8753,8753,1952,1952,-18900,3538,17333,37478,0,0,18900,-3538,-17333,-37478,0,18851,22033,0,0,0,0,0,0,0,0,0,40379,-49938,52293,53278,0,0,-40379,11763,49938,2875,-52293,-53278,0,0,0,0,0,0,0,0,0,52293,-53278,40379,49938,0,0,2875,-52293,53278,-40379,11763,-49938,0,0,0,0,0,0,0,0,83857,-20504,-7744,83857,2541,-37468,18851,50547,-20438,-7744,-1255,-1255,-995,-995,-44326,-44326,-16786,-16786,88642,-31894,29754,88642,3953,22033,-20438,78626,29754,-8753,-8753,-1952,-1952,-18905,-18905,-68950,-68950,3538,-18900,17333,37478,0,-3538,18900,0,-17333,-37478,0,0,0,0,0,0,0,0,0,83857,-20504,-7744,83857,50547,-7744,2541,-37468,18851,-44326,-44326,-16786,-16786,-1255,-1255,-995,-995,88642,-31894,29754,88642,78626,29754,3953,22033,-18905,-18905,-68950,-68950,-8753,-8753,-1952,-1952,18900,-3538,17333,37478,0,-18900,3538,-17333,-37478,0,0,0,0,0,0,0,0,0,0,0,3962,0,0,-3962,0,0,0,0,28756,-28756,0,0,0,3962,0,0,-3962,0,0,0,0,-28756,28756,0,0,0,6163,0,0,-6163,0,0,0,0,44731,-44731,0,6163,0,0,-6163,0,0,0,0,-44731,44731,0,3962,0,0,-3962,0,0,0,0,0,3962,0,0,-3962,0,0,0,0,0,6163,0,0,-6163,0,0,0,6163,0,0,-6163,0,0
0,0,-1586,1019,0,-1586,1019,0,0,0,1586,-1019,0,1586,-1019,0,0,0,0,0,0,0,0,0,0,0,37478,18851,18900,-22033,-17333,-3538,0,-37478,-18851,-18900,22033,17333,3538,0,0,0,0,0,0,0,0,0,0,-22033,-17333,3538,37478,18851,-18900,0,22033,17333,-3538,-37478,-18851,18900,0,0,0,0,0,0,0,0,-29754,-3953,8145,-11763,-78626,4443,-88642,-29754,-22033,20438,-11763,31894,37468,-88642,1952,1952,18905,18905,68950,68950,8753,8753,-7744,2541,2875,4443,50547,83857,18851,-7744,-20438,2875,-37468,-20504,83857,-16786,-16786,-1255,-1255,-995,-995,-44326,-44326,53278,-49938,0,52293,-40379,0,-53278,49938,11763,-2875,-52293,40379,0,0,0,0,0,0,0,0,0,-29754,-78626,-88642,-3953,8145,-11763,-22033,-29754,31894,37468,-88642,20438,-11763,68950,68950,8753,8753,1952,1952,18905,18905,-7744,50547,83857,2541,2875,-7744,18851,-37468,-20504,83857,-20438,2875,-995,-995,-44326,-44326,-16786,-16786,-1255,-1255,49938,-53278,52293,-40379,0,0,-49938,53278,-52293,40379,0,11763,-2875,0,0,0,0,0,0,0,0,0,37478,-18900,-17333,3538,0,0,-37478,-18851,18900,22033,17333,-3538,0,0,0,0,0,0,0,0,0,-17333,-3538,37478,18900,0,0,22033,17333,3538,-37478,-18851,-18900,0,0,0,0,0,0,0,0,29754,-31894,88642,29754,3953,-8145,11763,78626,-4443,88642,-1952,-1952,-18905,-18905,-68950,-68950,-8753,-8753,7744,20504,-83857,7744,-2541,-2875,-4443,-50547,-83857,16786,16786,1255,1255,995,995,44326,44326,-53278,49938,52293,-40379,0,53278,-49938,0,-52293,40379,0,0,0,0,0,0,0,0,0,29754,-31894,88642,29754,78626,88642,3953,-8145,11763,-68950,-68950,-8753,-8753,-1952,-1952,-18905,-18905,7744,20504,-83857,7744,-50547,-83857,-2541,-2875,995,995,44326,44326,16786,16786,1255,1255,-49938,53278,52293,-40379,0,49938,-53278,-52293,40379,0,0,0,0,0,0,0,0,0,0,0,6163,0,0,-6163,0,0,0,0,44731,-44731,0,0,0,6163,0,0,-6163,0,0,0,0,-44731,44731,0,0,0,-3962,0,0,3962,0,0,0,0,-28756,28756,0,-3962,0,0,3962,0,0,0,0,28756,-28756,0,6163,0,0,-6163,0,0,0,0,0,6163,0,0,-6163,0,0,0,0,0,-3962,0,0,3962,0,0,0,-3962,0,0,3962,0,0
0,0,0,0,0,0,0,0,0,0,0,0,0,0,0,0,0,0,0,0,0,0,0,0,0,0,3425,-14804,15945,14804,-3425,-15945,0,3425,-14804,15945,14804,-3425,-15945,52444,52444,-59524,-59524,59524,59524,-52444,-52444,0,0,14804,-3425,-15945,3425,-14804,15945,0,14804,-3425,-15945,3425,-14804,15945,59524,59524,-52444,-52444,52444,52444,-59524,-59524,63431,0,0,-14804,0,0,-63431,63431,14804,0,-14804,0,0,-63431,0,0,9085,9085,0,0,-9085,-9085,-63431,0,14804,0,0,63431,-14804,-63431,0,14804,0,0,63431,-9085,-9085,0,0,9085,9085,0,0,-15945,15945,0,-3425,3425,0,-15945,15945,-14804,14804,-3425,3425,0,-59524,-59524,59524,59524,-52444,-52444,52444,52444,63431,0,-63431,0,0,-14804,14804,63431,0,0,-63431,0,-14804,0,0,-9085,-9085,0,0,9085,9085,-63431,0,63431,0,14804,-63431,-14804,0,0,63431,0,14804,9085,9085,0,0,-9085,-9085,0,0,15945,-15945,-3425,3425,0,0,15945,-15945,-3425,3425,0,-14804,14804,-52444,-52444,52444,52444,-59524,-59524,59524,59524,0,3425,15945,-3425,-15945,0,0,3425,-14804,15945,14804,-3425,-15945,52444,52444,-59524,-59524,59524,59524,-52444,-52444,0,-3425,-15945,3425,15945,0,0,14804,-3425,-15945,3425,-14804,15945,59524,59524,-52444,-52444,52444,52444,-59524,-59524,63431,0,-63431,63431,0,0,-14804,0,0,-63431,0,0,9085,9085,0,0,-9085,-9085,-63431,0,63431,-63431,0,14804,0,0,63431,-9085,-9085,0,0,9085,9085,0,0,-15945,15945,-3425,3425,0,-15945,15945,0,-3425,3425,0,-59524,-59524,59524,59524,-52444,-52444,52444,52444,63431,0,-63431,63431,0,-63431,0,0,-14804,0,0,-9085,-9085,0,0,9085,9085,-63431,0,63431,-63431,0,63431,0,14804,9085,9085,0,0,-9085,-9085,0,0,15945,-15945,-3425,3425,0,15945,-15945,-3425,3425,0,0,-52444,-52444,52444,52444,-59524,-59524,59524,59524,10134,0,-10134,10134,0,-10134,0,0,0,0,0,0,0,10134,0,-10134,10134,0,-10134,0,0,0,0,0,0,0,-10134,0,10134,-10134,0,10134,0,0,0,0,0,-10134,0,10134,-10134,0,10134,0,0,0,0,0,10134,0,-10134,10134,0,-10134,0,0,0,10134,0,-10134,10134,0,-10134,0,0,0,-10134,0,10134,-10134,0,10134,0,-10134,0,10134,-10134,0,10134,0
0,0,-52933,52933,0,52933,-52933,0,0,0,52933,-52933,0,-52933,52933,0,0,0,0,0,0,0,0,0,0,0,2989,14025,4614,14025,2989,-4614,0,-2989,-14025,-4614,-14025,-2989,4614,0,0,0,0,0,0,0,0,0,0,-14025,-2989,-4614,-2989,-14025,4614,0,14025,2989,4614,2989,14025,-4614,0,0,0,0,0,0,0,0,-16762,-18766,0,-14025,-32170,123,-16762,-16762,-14025,123,-14025,-62630,0,-16762,28248,28248,7975,7975,120174,120174,7975,7975,16762,18766,14025,-123,32170,16762,14025,16762,-123,14025,0,62630,16762,-7975,-7975,-28248,-28248,-7975,-7975,-120174,-120174,-4614,4614,0,-2989,2989,0,4614,-4614,14025,-14025,2989,-2989,0,0,0,0,0,0,0,0,0,16762,32170,16762,18766,0,14025,14025,16762,62630,0,16762,-123,14025,-120174,-120174,-7975,-7975,-28248,-28248,-7975,-7975,-16762,-32170,-16762,-18766,-14025,-16762,-14025,0,-62630,-16762,123,-14025,7975,7975,120174,120174,7975,7975,28248,28248,4614,-4614,2989,-2989,0,0,-4614,4614,-2989,2989,0,-14025,14025,0,0,0,0,0,0,0,0,0,2989,-4614,2989,4614,0,0,-2989,-14025,4614,-14025,-2989,-4614,0,0,0,0,0,0,0,0,0,-2989,4614,-2989,-4614,0,0,14025,2989,-4614,2989,14025,4614,0,0,0,0,0,0,0,0,16762,62630,16762,16762,18766,0,14025,32170,-123,16762,-28248,-28248,-7975,-7975,-120174,-120174,-7975,-7975,-16762,-62630,-16762,-16762,-18766,-14025,123,-32170,-16762,7975,7975,28248,28248,7975,7975,120174,120174,4614,-4614,-2989,2989,0,-4614,4614,0,2989,-2989,0,0,0,0,0,0,0,0,0,-16762,-62630,-16762,-16762,-32170,-16762,-18766,0,-14025,120174,120174,7975,7975,28248,28248,7975,7975,16762,62630,16762,16762,32170,16762,18766,14025,-7975,-7975,-120174,-120174,-7975,-7975,-28248,-28248,-4614,4614,2989,-2989,0,4614,-4614,-2989,2989,0,0,0,0,0,0,0,0,0,0,0,-46838,0,0,46838,0,0,0,0,0,0,0,0,0,-46838,0,0,46838,0,0,0,0,0,0,0,0,0,46838,0,0,-46838,0,0,0,0,0,0,0,46838,0,0,-46838,0,0,0,0,0,0,0,46838,0,0,-46838,0,0,0,0,0,46838,0,0,-46838,0,0,0,0,0,-46838,0,0,46838,0,0,0,-46838,0,0,46838,0,0
0,0,0,0,0,0,0,0,0,0,0,0,0,0,0,0,7320,-7320,8892,-8892,11818,-11818,-12517,12517,0,0,0,0,0,0,0,0,0,0,0,0,0,0,0,-16759,16759,29371,-29371,51782,-51782,16484,-16484,0,0,0,0,0,0,0,0,0,0,0,0,0,0,0,37280,-37280,-7845,7845,-20449,20449,-48265,48265,0,0,0,0,0,0,0,0,0,0,0,0,0,0,38413,-38413,-23474,23474,-2903,2903,45079,-45079,0,0,0,0,0,0,0,0,0,0,0,0,0,-29365,29365,23471,-23471,-35426,35426,-36621,36621,0,0,0,0,0,0,0,0,0,0,0,0,0,-60574,60574,49930,-49930,-7422,7422,-52286,52286,0,0,0,0,0,0,0,0,0,0,0,0,0,-19169,19169,-34839,34839,51868,-51868,37005,-37005,0,0,0,0,0,0,0,0,0,0,0,0,-18636,18636,40802,-40802,-42072,42072,-40571,40571,0,0,0,0,0,0,0,0,0,0,0,0,0,60174,-60174,-24008,24008,35214,-35214,39206,-39206,0,0,0,0,0,0,0,0,0,0,0,0,0,47148,-47148,-37541,37541,-62640,62640,-68450,68450,0,0,0,0,0,0,0,0,0,0,0,0,0,-44006,44006,44762,-44762,69511,-69511,59765,-59765,0,0,0,0,0,0,0,0,0,0,18014,-18014,-34839,34839,32010,-32010,37005,-37005,0,0,0,0,0,0,0,0,0,-18636,18636,45077,-45077,-42072,42072,5792,-5792,0,0,0,0,0,0,0,0,0,0,0,53849,-53849,-58100,58100,56485,-56485,320,-320,0,0,0,0,0,0,0,0,0,37197,-37197,-23474,23474,39233,-39233,45079,-45079,0,0,0,0,0,0,0,0,-29365,29365,-18901,18901,-35426,35426,-55921,55921,0,0,0,0,0,0,0,0,0,0,0,-29785,29785,60925,-60925,-46072,46072,-27706,27706,-46368,65061,36433,22414,-58761,-60387,-4876,1544,-150,-104435,24546,-495,1890,46368,-65061,-36433,-22414,58761,60387,4876,150,-1544,-24546,104435,-1890,495,-42859,-61748,-60255,13759,69402,31155,-5923,1973,-279,19782,-116832,42859,61748,60255,-13759,-69402,-31155,5923,279,-1973,116832,-19782,-67747,43433,-53727,29073,-33260,15054,-7872,-67,2318,67747,-43433,53727,-29073,33260,-15054,7872,-2318,67,66187,41197,-7828,-25224,-51972,48790,8338,-66187,-41197,7828,25224,51972,-48790,-8338
0,0,0,0,0,0,0,0,0,0,0,0,0,0,0,0,-10943,10943,-12681,12681,4209,-4209,-11434,11434,0,0,0,0,0,0,0,0,0,0,0,0,0,0,0,22855,-22855,-44188,44188,50324,-50324,-8607,8607,0,0,0,0,0,0,0,0,0,0,0,0,0,0,0,-52934,52934,12998,-12998,-32348,32348,-13987,13987,0,0,0,0,0,0,0,0,0,0,0,0,0,0,-38543,38543,46770,-46770,31279,-31279,31732,-31732,0,0,0,0,0,0,0,0,0,0,0,0,0,33968,-33968,-58746,58746,-18770,18770,16162,-16162,0,0,0,0,0,0,0,0,0,0,0,0,0,-47231,47231,25065,-25065,54307,-54307,15588,-15588,0,0,0,0,0,0,0,0,0,0,0,0,0,-23514,23514,36389,-36389,6781,-6781,43245,-43245,0,0,0,0,0,0,0,0,0,0,0,0,37790,-37790,11650,-11650,-8834,8834,-55014,55014,0,0,0,0,0,0,0,0,0,0,0,0,0,18371,-18371,-41450,41450,-59895,59895,-44761,44761,0,0,0,0,0,0,0,0,0,0,0,0,0,-68283,68283,55839,-55839,-54192,54192,-38860,38860,0,0,0,0,0,0,0,0,0,0,0,0,0,62988,-62988,-65644,65644,49823,-49823,24492,-24492,0,0,0,0,0,0,0,0,0,0,-45809,45809,36389,-36389,-20912,20912,43245,-43245,0,0,0,0,0,0,0,0,0,37790,-37790,-39010,39010,-8834,8834,-44322,44322,0,0,0,0,0,0,0,0,0,0,0,57285,-57285,-13414,13414,-36831,36831,-63054,63054,0,0,0,0,0,0,0,0,0,-3437,3437,46770,-46770,25669,-25669,31732,-31732,0,0,0,0,0,0,0,0,33968,-33968,-42883,42883,-18770,18770,-33124,33124,0,0,0,0,0,0,0,0,0,0,0,-63799,63799,-11197,11197,56027,-56027,55266,-55266,66949,17343,62123,-31140,-26762,-26314,7289,-2250,166,36742,82684,-2132,47,-66949,-17343,-62123,31140,26762,26314,-7289,-166,2250,-82684,-36742,-47,2132,63069,-65355,4470,-21570,54439,37029,8447,-807,-1609,131595,6809,-63069,65355,-4470,21570,-54439,-37029,-8447,1609,807,-6809,-131595,-51106,-55513,42157,37331,59137,-55932,-2804,-688,1490,51106,55513,-42157,-37331,-59137,55932,2804,-1490,688,34988,-71355,61028,2428,61513,-23612,7616,-34988,71355,-61028,-2428,-61513,23612,-7616
0,0,0,0,0,0,0,0,0,0,0,0,0,0,0,0,15246,-15246,-13710,13710,2497,-2497,1534,-1534,0,0,0,0,0,0,0,0,0,0,0,0,0,0,0,80913,-80913,75982,-75982,-8159,8159,12158,-12158,0,0,0,0,0,0,0,0,0,0,0,0,0,0,0,-69666,69666,-83245,83245,10696,-10696,-12119,12119,0,0,0,0,0,0,0,0,0,0,0,0,0,0,60920,-60920,44256,-44256,-33284,33284,-11254,11254,0,0,0,0,0,0,0,0,0,0,0,0,0,-51123,51123,-51519,51519,-1267,1267,34584,-34584,0,0,0,0,0,0,0,0,0,0,0,0,0,7,-7,17713,-17713,54449,-54449,-51602,51602,0,0,0,0,0,0,0,0,0,0,0,0,0,12819,-12819,45649,-45649,22784,-22784,1194,-1194,0,0,0,0,0,0,0,0,0,0,0,0,-48856,48856,-20541,20541,-15110,15110,-5920,5920,0,0,0,0,0,0,0,0,0,0,0,0,0,26135,-26135,-37433,37433,-63809,63809,68980,-68980,0,0,0,0,0,0,0,0,0,0,0,0,0,-17618,17618,-63386,63386,5864,-5864,-5790,5790,0,0,0,0,0,0,0,0,0,0,0,0,0,55658,-55658,26328,-26328,-328,328,10710,-10710,0,0,0,0,0,0,0,0,0,0,56609,-56609,45649,-45649,39435,-39435,1194,-1194,0,0,0,0,0,0,0,0,0,-48856,48856,-54167,54167,-15110,15110,-30806,30806,0,0,0,0,0,0,0,0,0,0,0,-14015,14015,-5116,5116,-44081,44081,57970,-57970,0,0,0,0,0,0,0,0,0,24731,-24731,44256,-44256,-3533,3533,-11254,11254,0,0,0,0,0,0,0,0,-51123,51123,-13225,13225,-1267,1267,17745,-17745,0,0,0,0,0,0,0,0,0,0,0,37160,-37160,-19484,19484,61515,-61515,-70389,70389,28076,19645,-30879,-77969,-6521,-19014,-10156,146,2758,-96827,-69571,1599,1306,-28076,-19645,30879,77969,6521,19014,10156,-2758,-146,69571,96827,-1306,-1599,-36532,2136,12774,81397,-13937,32091,9133,-1068,-1544,66444,83186,36532,-2136,-12774,-81397,13937,-32091,-9133,1544,1068,-83186,-66444,1846,80946,48936,-10019,-78796,-57109,-1664,384,92,-1846,-80946,-48936,10019,78796,57109,1664,-92,-384,7148,-71162,-61474,-12169,72483,56454,-1022,-7148,71162,61474,12169,-72483,-56454,1022
0,0,0,0,0,0,0,0,0,0,0,0,0,0,0,0,-4820,4820,-1072,1072,16291,-16291,11800,-11800,0,0,0,0,0,0,0,0,0,0,0,0,0,0,0,-6152,6152,-21537,21537,-61416,61416,83032,-83032,0,0,0,0,0,0,0,0,0,0,0,0,0,0,0,-2687,2687,15094,-15094,76217,-76217,-79878,79878,0,0,0,0,0,0,0,0,0,0,0,0,0,0,-4518,4518,-1841,1841,31556,-31556,-39177,39177,0,0,0,0,0,0,0,0,0,0,0,0,0,8408,-8408,6051,-6051,-55602,55602,17088,-17088,0,0,0,0,0,0,0,0,0,0,0,0,0,56147,-56147,74950,-74950,37668,-37668,41814,-41814,0,0,0,0,0,0,0,0,0,0,0,0,0,-44785,44785,8873,-8873,58629,-58629,-38203,38203,0,0,0,0,0,0,0,0,0,0,0,0,23199,-23199,-29461,29461,-51225,51225,44556,-44556,0,0,0,0,0,0,0,0,0,0,0,0,0,-52407,52407,-60764,60764,-12385,12385,-27451,27451,0,0,0,0,0,0,0,0,0,0,0,0,0,-13858,13858,22523,-22523,46449,-46449,-34045,34045,0,0,0,0,0,0,0,0,0,0,0,0,0,7115,-7115,-19546,19546,-8587,8587,69036,-69036,0,0,0,0,0,0,0,0,0,0,-32638,32638,8873,-8873,8566,-8566,-38203,38203,0,0,0,0,0,0,0,0,0,23199,-23199,-14317,14317,-51225,51225,11974,-11974,0,0,0,0,0,0,0,0,0,0,0,-51718,51718,-73964,73964,29962,-29962,7174,-7174,0,0,0,0,0,0,0,0,0,32914,-32914,-1841,1841,66949,-66949,-39177,39177,0,0,0,0,0,0,0,0,8408,-8408,26820,-26820,-55602,55602,46407,-46407,0,0,0,0,0,0,0,0,0,0,0,32397,-32397,56312,-56312,-2583,2583,16609,-16609,12034,83267,-37749,3739,-87416,53522,3211,-561,-357,-62595,115200,665,-1583,-12034,-83267,37749,-3739,87416,-53522,-3211,357,561,-115200,62595,1583,-665,20396,61355,-61248,-16886,-62278,64757,714,1450,-1654,-58541,70244,-20396,-61355,61248,16886,62278,-64757,-714,1654,-1450,-70244,58541,18981,-18239,-22508,-72291,32262,-30802,-10852,2676,428,-18981,18239,22508,72291,-32262,30802,10852,-428,-2676,43695,-539,-666,-82310,10696,-37948,-7860,-43695,539,666,82310,-10696,37948,7860
0,0,-27682,-27682,0,27682,27682,0,0,0,27682,27682,0,-27682,-27682,0,0,0,0,0,0,0,0,0,0,0,2512,10914,-7036,-10914,-2512,-7036,0,-2512,-10914,7036,10914,2512,7036,0,0,0,0,0,0,0,0,0,0,10914,2512,-7036,-2512,-10914,-7036,0,-10914,-2512,7036,2512,10914,7036,0,0,0,0,0,0,0,0,-12136,-8807,-28881,10914,25502,0,-12136,-12136,10914,0,10914,21282,-28881,-12136,38206,38206,-34020,-34020,114492,114492,-34020,-34020,-12136,-8807,10914,0,25502,-12136,10914,-12136,0,10914,-28881,21282,-12136,-34020,-34020,38206,38206,-34020,-34020,114492,114492,7036,7036,0,-2512,-2512,0,-7036,-7036,-10914,-10914,2512,2512,0,0,0,0,0,0,0,0,0,12136,-25502,12136,8807,28881,-10914,-10914,12136,-21282,28881,12136,0,-10914,-114492,-114492,34020,34020,-38206,-38206,34020,34020,12136,-25502,12136,8807,-10914,12136,-10914,28881,-21282,12136,0,-10914,34020,34020,-114492,-114492,34020,34020,-38206,-38206,7036,7036,2512,2512,0,0,-7036,-7036,-2512,-2512,0,10914,10914,0,0,0,0,0,0,0,0,0,2512,7036,-2512,7036,0,0,-2512,-10914,-7036,10914,2512,-7036,0,0,0,0,0,0,0,0,0,2512,7036,-2512,7036,0,0,-10914,-2512,-7036,2512,10914,-7036,0,0,0,0,0,0,0,0,12136,-21282,12136,12136,8807,28881,-10914,-25502,0,12136,-38206,-38206,34020,34020,-114492,-114492,34020,34020,12136,-21282,12136,12136,8807,-10914,0,-25502,12136,34020,34020,-38206,-38206,34020,34020,-114492,-114492,-7036,-7036,-2512,-2512,0,7036,7036,0,2512,2512,0,0,0,0,0,0,0,0,0,-12136,21282,-12136,-12136,25502,-12136,-8807,-28881,10914,114492,114492,-34020,-34020,38206,38206,-34020,-34020,-12136,21282,-12136,-12136,25502,-12136,-8807,10914,-34020,-34020,114492,114492,-34020,-34020,38206,38206,-7036,-7036,2512,2512,0,7036,7036,-2512,-2512,0,0,0,0,0,0,0,0,0,0,0,-65178,0,0,65178,0,0,0,0,0,0,0,0,0,-65178,0,0,65178,0,0,0,0,0,0,0,0,0,-65178,0,0,65178,0,0,0,0,0,0,0,-65178,0,0,65178,0,0,0,0,0,0,0,65178,0,0,-65178,0,0,0,0,0,65178,0,0,-65178,0,0,0,0,0,65178,0,0,-65178,0,0,0,65178,0,0,-65178,0,0
523,-523,-12340,-13326,13625,12340,13326,-13625,523,-523,-12340,-13326,13625,12340,13326,-13625,-2815,-2815,-3040,-3040,2815,2815,3040,3040,208,615,9485,26139,34012,-23338,-5404,-33303,-315,9485,26139,34012,-23338,-5404,-33303,12778,12778,-9183,-9183,7397,7397,-14544,-14544,-615,-208,23338,5404,33303,-9485,-26139,-34012,315,23338,5404,33303,-9485,-26139,-34012,-7397,-7397,14544,14544,-12778,-12778,9183,9183,-38400,-70941,-14611,35505,-3563,1585,-40424,-38400,23338,-41268,35505,-22053,561,-40424,37490,37490,-4797,-4797,35742,35742,35257,35257,-41624,-76609,37406,-1585,-3848,-43498,26139,-41624,-41268,37406,-561,-23815,-43498,-2098,-2098,40486,40486,34992,34992,38598,38598,10519,7933,5424,53399,52827,16014,10519,7933,35505,37406,53399,52827,-8198,-22927,-22927,-23564,-23564,-22453,-22453,-23503,-23503,38400,3563,40424,70941,14611,-35505,-23338,38400,22053,-561,40424,41268,-35505,-35742,-35742,-35257,-35257,-37490,-37490,4797,4797,41624,3848,43498,76609,-37406,41624,-26139,561,23815,43498,41268,-37406,-34992,-34992,-38598,-38598,2098,2098,-40486,-40486,-7933,-10519,-53399,-52827,-16014,-5424,-7933,-10519,-53399,-52827,8198,-35505,-37406,22453,22453,23503,23503,22927,22927,23564,23564,-315,9485,34012,-5404,-33303,208,615,9485,26139,34012,-23338,-5404,-33303,12778,12778,-9183,-9183,7397,7397,-14544,-14544,315,5404,33303,-9485,-34012,-615,-208,23338,5404,33303,-9485,-26139,-34012,-7397,-7397,14544,14544,-12778,-12778,9183,9183,-38400,-22053,-40424,-38400,-70941,-14611,35505,-3563,1585,-40424,37490,37490,-4797,-4797,35742,35742,35257,35257,-41624,-23815,-43498,-41624,-76609,37406,-1585,-3848,-43498,-2098,-2098,40486,40486,34992,34992,38598,38598,10519,7933,53399,52827,-8198,10519,7933,5424,53399,52827,16014,-22927,-22927,-23564,-23564,-22453,-22453,-23503,-23503,38400,22053,40424,38400,3563,40424,70941,14611,-35505,-35742,-35742,-35257,-35257,-37490,-37490,4797,4797,41624,23815,43498,41624,3848,43498,76609,-37406,-34992,-34992,-38598,-38598,2098,2098,-40486,-40486,-7933,-10519,-53399,-52827,8198,-7933,-10519,-53399,-52827,-16014,-5424,22453,22453,23503,23503,22927,22927,23564,23564,-3319,-6030,-56001,-3319,-6030,-56001,-48165,-16770,-16770,0,0,644,644,-3319,-6030,-56001,-3319,-6030,-56001,-48165,-16770,-16770,0,0,644,644,-7638,-6512,-56422,-7638,-6512,-56422,-52014,-644,-644,0,0,-7638,-6512,-56422,-7638,-6512,-56422,-52014,-644,-644,0,0,3319,6030,56001,3319,6030,56001,48165,16770,16770,3319,6030,56001,3319,6030,56001,48165,16770,16770,7638,6512,56422,7638,6512,56422,52014,7638,6512,56422,7638,6512,56422,52014
-13625,13625,-13326,12340,523,13326,-12340,-523,-13625,13625,-13326,12340,523,13326,-12340,-523,-3040,-3040,2815,2815,3040,3040,-2815,-2815,-5424,-16014,-52827,-35505,-7933,-37406,-53399,-10519,8198,-52827,-35505,-7933,-37406,-53399,-10519,23503,23503,22927,22927,23564,23564,22453,22453,16014,5424,37406,53399,10519,52827,35505,7933,-8198,37406,53399,10519,52827,35505,7933,-23564,-23564,-22453,-22453,-23503,-23503,-22927,-22927,-43498,-76609,-561,26139,-3848,-41268,-41624,-43498,37406,-1585,26139,-23815,-14611,-41624,40486,40486,34992,34992,38598,38598,-2098,-2098,40424,70941,-23338,41268,3563,38400,-35505,40424,-1585,-23338,14611,22053,38400,-35257,-35257,-37490,-37490,4797,4797,-35742,-35742,-33303,34012,208,-5404,9485,615,-33303,34012,26139,-23338,-5404,9485,-315,-9183,-9183,7397,7397,-14544,-14544,12778,12778,43498,3848,41624,76609,561,-26139,-37406,43498,23815,14611,41624,1585,-26139,-38598,-38598,2098,2098,-40486,-40486,-34992,-34992,-40424,-3563,-38400,-70941,23338,-40424,35505,-14611,-22053,-38400,1585,23338,-4797,-4797,35742,35742,35257,35257,37490,37490,-34012,33303,5404,-9485,-615,-208,-34012,33303,5404,-9485,315,-26139,23338,14544,14544,-12778,-12778,9183,9183,-7397,-7397,8198,-52827,-7933,-53399,-10519,-5424,-16014,-52827,-35505,-7933,-37406,-53399,-10519,23503,23503,22927,22927,23564,23564,22453,22453,-8198,53399,10519,52827,7933,16014,5424,37406,53399,10519,52827,35505,7933,-23564,-23564,-22453,-22453,-23503,-23503,-22927,-22927,-43498,-23815,-41624,-43498,-76609,-561,26139,-3848,-41268,-41624,40486,40486,34992,34992,38598,38598,-2098,-2098,40424,22053,38400,40424,70941,-23338,41268,3563,38400,-35257,-35257,-37490,-37490,4797,4797,-35742,-35742,-33303,34012,-5404,9485,-315,-33303,34012,208,-5404,9485,615,-9183,-9183,7397,7397,-14544,-14544,12778,12778,43498,23815,41624,43498,3848,41624,76609,561,-26139,-38598,-38598,2098,2098,-40486,-40486,-34992,-34992,-40424,-22053,-38400,-40424,-3563,-38400,-70941,23338,-4797,-4797,35742,35742,35257,35257,37490,37490,-34012,33303,5404,-9485,315,-34012,33303,5404,-9485,-615,-208,14544,14544,-12778,-12778,9183,9183,-7397,-7397,-56422,-6512,-7638,-56422,-6512,-7638,-52014,-644,-644,0,0,-16770,-16770,-56422,-6512,-7638,-56422,-6512,-7638,-52014,-644,-644,0,0,-16770,-16770,56001,6030,3319,56001,6030,3319,48165,16770,16770,0,0,56001,6030,3319,56001,6030,3319,48165,16770,16770,0,0,56422,6512,7638,56422,6512,7638,52014,644,644,56422,6512,7638,56422,6512,7638,52014,644,644,-56001,-6030,-3319,-56001,-6030,-3319,-48165,-56001,-6030,-3319,-56001,-6030,-3319,-48165
15582,-15582,0,0,0,0,0,0,-15582,15582,0,0,0,0,0,0,0,0,0,0,0,0,0,0,7822,-17603,-4825,34292,-79483,34292,-4825,-79483,-51343,-4825,34292,-79483,34292,-4825,-79483,12109,12109,22385,22385,22385,22385,12109,12109,17603,-7822,-34292,4825,79483,4825,-34292,79483,51343,-34292,4825,79483,4825,-34292,79483,-22385,-22385,-12109,-12109,-12109,-12109,-22385,-22385,61472,0,0,13691,0,0,2210,-61472,34292,0,-13691,0,0,-2210,0,0,0,0,0,0,0,0,-61472,0,-13691,0,0,-2210,-34292,61472,0,13691,0,0,2210,0,0,0,0,0,0,0,0,-101107,101107,0,7409,-7409,0,101107,-101107,-13691,13691,-7409,7409,0,0,0,0,0,0,0,0,0,-61472,0,2210,0,0,13691,-34292,61472,0,0,-2210,0,-13691,0,0,0,0,0,0,0,0,61472,0,-2210,0,-13691,-61472,34292,0,0,2210,0,13691,0,0,0,0,0,0,0,0,-101107,101107,7409,-7409,0,0,101107,-101107,-7409,7409,0,-13691,13691,0,0,0,0,0,0,0,0,51343,4825,79483,4825,79483,-7822,17603,4825,-34292,79483,-34292,4825,79483,-12109,-12109,-22385,-22385,-22385,-22385,-12109,-12109,-51343,-4825,-79483,-4825,-79483,-17603,7822,34292,-4825,-79483,-4825,34292,-79483,22385,22385,12109,12109,12109,12109,22385,22385,61472,0,-2210,-61472,0,0,13691,0,0,2210,0,0,0,0,0,0,0,0,-61472,0,2210,61472,0,-13691,0,0,-2210,0,0,0,0,0,0,0,0,-101107,101107,-7409,7409,0,101107,-101107,0,7409,-7409,0,0,0,0,0,0,0,0,0,-61472,0,-2210,61472,0,2210,0,0,13691,0,0,0,0,0,0,0,0,61472,0,2210,-61472,0,-2210,0,-13691,0,0,0,0,0,0,0,0,-101107,101107,-7409,7409,0,101107,-101107,7409,-7409,0,0,0,0,0,0,0,0,0,0,-32386,0,0,32386,0,0,0,0,0,0,0,0,0,-32386,0,0,32386,0,0,0,0,0,0,0,0,0,32386,0,0,-32386,0,0,0,0,0,0,0,32386,0,0,-32386,0,0,0,0,0,0,0,32386,0,0,-32386,0,0,0,0,0,32386,0,0,-32386,0,0,0,0,0,-32386,0,0,32386,0,0,0,-32386,0,0,32386,0,0,0
