-2634,-2108,0,0,4376,-5871,5842,-10453,-5544,0,0,0,-575,-373,-2309,0,-3506,0,0,0,0,0,0,0,0,0,0,0,0,0,0,0,0,0,0,0,5240,-4728,-6045,0,-1836,0,0,-6298,5538,4835,0,0,4415,0,1644,0,0,0,0,-4253,0,0,0,0,343,-283,2514,-6437,0,0,0,-1853,2389,-3132,-1418,-497,-3409,2202,0,0,0,0,0,0,-1629,-663,-503,0,0,0,0,7083,754,0,0,0,0,0,-1980,1614,4703,-2229,0,0,0,0,8711,-7692,0,0,79,1259,10313,0,0,0,0,0,0,0,0,0,0,0,0,0,0,0,0,0,0,0,0,5747,-646,-61,0,0,0,0,0,0,0,0,0,0,0,0,0,0,0,0,0,0,-6305,-1706,-1570,0,23684,-557,0,0,0,0,-11097,0,0,0,0,6337,-8634,0,0,4885,0,0,0,0,0,15043,8460,-15735,-5428,26291,-2322,-8453,0,0,0,0,0,0,0,-9217,-463,6042,0,0,0,0,0,0,13368,0,0,0,0,-28771,4967,13770,0,0,-1272,-26630,-43122,0,0,0,0,0,0,0,0,0,0,0,0,0,0,0,0,0,0,-41061,0,0,-22289,1104,-39227,0,1089,-17604,20438,4443,0,-123,0,0,0,0,0,-1585,41268,0,0,0,0,-44583,0,29842,0,0,0,0,0,0,0,12197,1816,0,0,0,-69854,0,-35140,86247,-80428,0,0,0,0,0,52710,-23471,17633,-18573,0,0,0,0,0,0,0,148419,0,0,0,36316,-34514,89584,-128620,0,0,-59871,40318,-64646,31922,0,0,0,0,469,-26772,10300,0,0,0,-103793,0,0,0,0,0,0,0,0,0,0,2052,-11877,53498,60063,0,0,107717,0,0,0,0,0,0,-3605,-28168,0,0,0,0,0,0,-103700,15273,0,0,0,41800,-220615,0,-134307,-19401,403976,0,271478,-52127,0,0,0,0,0,0,0,0,0,451226,296789,165580,0,0,357153,45044,209426,-132060,0,0,0,0,165840,0,0,0,0,0,0,0,0,13522,-223278,69687,0,0,40490,28793,459029,0,0,0,0,0,24189,-562,67988,-320693,0,0,0,0,0,-63427,-314841,273671,0,0,-232524,0,25987,-1479,451,-226377,-147100
0,-3373,3417,-4168,4168,-9726,-24,4765,0,0,0,-2880,-2265,-10617,-8130,-2158,-2158,-836,0,0,0,0,0,0,0,0,0,0,0,0,-472,0,0,0,0,-6268,-6268,0,-11753,3395,3316,3316,23657,-4684,-301,12677,0,0,740,0,-1643,0,0,0,0,-408,408,0,0,11979,1201,-12474,-1713,0,0,0,-10684,10684,2,12,9946,-18285,0,-1385,1385,0,-2694,16413,0,0,-6748,-10632,1463,0,0,0,0,0,19321,-19321,0,0,0,0,0,3142,-143,402,-16382,0,-8947,-7277,7277,-11715,0,0,611,-693,13301,0,0,0,0,0,0,0,0,0,0,0,0,0,0,0,2116,0,0,0,0,-7628,-4553,-5498,0,0,0,0,0,0,0,0,0,0,0,0,0,0,0,0,0,0,9632,1764,42332,180,1100,-1153,0,0,0,0,-715,0,0,-40720,4905,1465,-225,0,0,12317,0,0,0,0,-2474,0,-16686,5017,-6230,4098,-21170,37209,0,0,0,0,0,0,0,0,-60261,-70264,0,0,0,-11230,0,0,0,0,0,0,0,-53259,-37577,-31881,0,0,-7768,0,13462,0,0,0,0,0,0,0,0,0,0,0,0,0,0,0,0,0,0,0,0,0,-20534,22674,75515,5751,1583,-1398,-78626,50547,0,32170,0,0,0,0,25502,-3848,3563,0,0,0,0,-50505,0,-65556,0,0,34866,0,0,0,0,3860,5211,0,0,0,73851,-30719,20437,-8604,0,0,0,0,0,0,34975,13424,-62782,1630,0,0,0,0,0,0,0,-54253,-31663,0,0,0,5464,12314,27838,0,0,54279,10593,28314,-83554,0,0,0,0,-38532,37203,0,0,0,0,-3290,0,0,52508,0,0,61945,0,0,0,0,-5483,3867,0,0,0,0,69246,0,0,0,0,0,0,-1528,-1181,18101,46093,0,0,0,0,7793,5793,-41081,0,0,75387,110631,0,-35326,33073,36410,25329,19254,-28405,0,0,0,0,0,0,0,0,0,0,-82505,0,0,0,-37412,-48211,16307,3694,0,0,0,0,12383,0,0,0,0,0,0,0,0,-30118,26678,13735,0,0,-5644,953,0,0,0,0,0,8685,667,-699,9281,-6034,15633,0,0,0,0,-111741,53025,3709,0,0,12897,-65873,0,6101,-11460,46203,43971
-678,-3796,3848,891,4708,-7793,23,-495,-3545,2226,-9815,9315,2456,3102,-873,1157,3154,-6,0,0,0,0,0,0,0,0,0,0,0,0,-803,0,0,0,0,1059,6230,1111,242,-3884,-2505,2215,-4058,3940,-9446,-9111,-68,-4777,477,-1835,-6623,-4164,-9297,-2103,-8158,-2883,10212,3023,-6492,-2006,3433,6193,-2807,-3230,-5922,-5187,6601,6300,487,2368,-724,-4502,173,4356,1838,-10705,2532,5397,1846,9336,3287,-8545,-4431,-5678,7030,-3897,12662,10376,-4433,-8517,1583,8295,9972,-5020,-3440,-4153,4087,2468,286,-1245,-9914,1039,8067,-5963,14841,-1644,606,2838,4394,5022,-4014,-3009,-3868,0,0,0,0,-1961,0,0,0,0,2160,-6604,2837,0,0,0,0,1387,4567,-1414,6981,-10522,0,0,0,0,7415,1215,-212,-2665,5544,-7155,0,0,0,0,13287,3971,1359,5264,-7464,-5285,-146,-4547,0,0,0,0,-1668,-24098,937,7363,3347,-2734,5577,13588,-5951,-3834,0,0,0,0,9769,-25232,18195,-7106,7455,-5534,22121,-1696,-15635,27783,-10917,7020,-8803,-15505,25792,39822,3428,14390,-14849,22721,-36370,1556,-902,4035,10576,0,0,0,0,351,25088,-702,17982,8040,-6452,-3115,-39468,5046,-30849,30756,75841,-36841,-92368,-8045,51902,0,0,0,0,0,0,0,0,-81241,-40946,-31986,18238,6612,59102,-12488,-43011,-12184,3873,12659,-29754,83857,63431,16762,0,0,0,0,-12136,-43498,38400,-2210,-61472,35418,43878,-4924,7219,24633,27126,-24549,28625,0,0,0,0,6626,-23821,77908,-70664,-9397,-5712,-15947,-48479,26252,-21295,-134282,-32160,-18360,-68346,-119595,-37846,-28843,169,14223,53627,5742,-35490,0,0,0,0,-20255,-83222,-12529,-58434,-98756,-44873,-6738,-19530,17530,1341,-53827,69138,47218,61371,0,0,0,0,-27769,12819,8096,-75958,34408,25858,20277,60282,-35416,3808,-60039,60017,-45030,0,0,0,0,-51222,-90137,16988,6288,-5180,9077,-19290,0,0,0,0,60115,-17098,-7436,41727,-4122,-18818,0,0,0,0,2739,30770,5490,-35022,64031,32797,55375,81363,43922,-72111,-4290,-17211,793,-14710,-25273,0,0,0,0,0,0,0,0,-47576,-73202,764,-77760,7870,-99125,15043,-840,27204,0,0,0,0,-17457,0,0,0,0,0,0,0,0,-34494,53341,-11263,-26020,-6977,8082,25681,-22626,49760,4343,-34397,86985,8993,-10962,-6315,18203,50368,73774,0,0,0,0,-113374,-74178,1207,19482,47342,24448,91359,-78480,54900,-94709,-31523,-13982
999,-2814,2348,-2063,4930,-3464,456,3578,1535,-4629,-376,7249,972,3203,2309,3006,-425,1285,0,0,0,0,0,0,0,0,0,0,0,0,2179,0,0,0,0,-2095,8026,-2885,8778,2549,-791,922,1566,-7001,-5607,5420,-2832,-3303,-5449,-13566,-2133,-13336,1965,-853,11665,9095,1523,1662,10299,3436,-13914,-2986,1610,-7028,4157,5602,1079,-3488,5165,-3391,4405,5939,-6088,522,-316,5386,45,-5825,-7913,5713,-2119,8304,1891,-2693,977,1365,-6362,476,2327,3293,9943,4474,-4174,-758,-516,1038,1332,4505,-1087,8365,1546,-5508,-2306,2939,-3186,2988,2536,919,5600,-3177,-5672,-3040,8225,0,0,0,0,858,0,0,0,0,-2384,8128,-467,0,0,0,0,2755,-3099,-1170,-4363,1089,0,0,0,0,-5245,2813,-4011,1038,-4695,-6180,0,0,0,0,8602,5287,6743,9133,-2376,-5822,-850,3370,0,0,0,0,-3811,7758,-19095,-1863,3614,-10819,-2442,5931,-12772,15776,0,0,0,0,-8159,4174,88,1046,8444,-28205,21012,1177,6147,-4913,-14999,34786,-2525,-4543,12156,-5616,17906,-13803,-15567,-9767,-25943,-19170,-2833,-2023,-4128,0,0,0,0,-15999,-29550,-5890,5737,-37068,-10115,-2593,-2721,33250,-8159,-3907,-47895,-30844,-4731,-20648,67082,0,0,0,0,0,0,0,0,-13139,15768,53556,17048,-51306,-9993,5542,3574,19421,-7420,-17663,-11763,18851,-14804,14025,0,0,0,0,10914,26139,-35505,-34292,-13691,24669,-803,-12888,69703,43050,-87139,-5196,-42838,0,0,0,0,8007,15623,-765,-44121,23103,25579,76,29042,-3149,23208,-18177,-10430,-22871,-29190,-42858,-10450,48013,-9717,-44634,9779,69864,2024,0,0,0,0,4110,-32809,10026,129681,-77989,-106919,-36639,-46458,60074,-64272,21091,-64193,3862,72229,0,0,0,0,22060,59450,30902,-54266,-33663,-56749,-4259,88623,-160983,-63915,-190310,63935,116330,0,0,0,0,104808,-130730,-156286,-11419,-30507,-41942,-43114,0,0,0,0,-115261,-200297,29463,78467,36957,-84576,0,0,0,0,74488,91118,70783,-74547,-166444,-58849,30969,16625,-16223,31821,-1494,-71548,41195,8583,7688,0,0,0,0,0,0,0,0,-184,-54938,-29961,130018,-188456,-2032,-106201,25231,-60419,0,0,0,0,31139,0,0,0,0,0,0,0,0,52621,17890,13306,10119,53410,26593,5700,99532,-95798,-119687,41086,53881,-6691,-5092,-59706,90965,-88350,85962,0,0,0,0,-92237,-64178,76898,-96573,-40381,-106476,-17155,77919,-27028,-94458,-89536,-48118
678,-3796,3848,-4708,-891,-7792,-62,-495,3545,-9815,-2226,9315,-977,3835,-873,3154,1157,-6,0,0,0,0,0,0,0,0,0,0,0,0,-803,0,0,0,0,6230,1059,-1111,242,-3884,2215,-2505,-4058,2700,9872,-9111,-4777,68,477,1835,-6623,9297,-4164,-8158,2103,-10212,2883,6492,3023,-2006,-4552,5424,-2807,3230,-5187,5922,-6300,-6601,157,2413,-724,-4502,-173,-1838,-4356,10705,2532,5397,-9336,1846,3287,-7031,6574,7030,5678,12662,3897,-10376,8517,4433,8295,-1583,5020,9972,3440,-4153,-4726,-678,286,1245,-9914,-8067,-1039,-5963,1644,14841,-2891,-246,4394,-4014,-5022,-3868,3009,0,0,0,0,1961,0,0,0,0,6604,2160,2837,0,0,0,0,1387,-2241,4223,10522,6981,0,0,0,0,-1215,7415,-2665,212,-7155,-5544,0,0,0,0,3971,-13287,1359,-5867,-7000,-5285,4549,-68,0,0,0,0,-1668,-937,-24098,7363,3347,-4280,-4501,-5951,-13588,-3834,0,0,0,0,9769,25232,19097,-4108,8034,-4654,-9843,-19882,-27783,-15635,7020,10917,8803,-25792,-15505,-39822,13700,5581,22721,14849,36370,1556,4035,902,-10576,0,0,0,0,23754,-8081,-702,-8040,17982,-6452,3115,-39468,30849,5046,-75841,30756,92368,-36841,51902,8045,0,0,0,0,0,0,0,0,40946,-81241,31986,-6612,18238,6587,-60046,-43011,-12184,-12085,-5404,-88642,-7744,-63431,16762,0,0,0,0,-12136,-41624,40424,61472,-2210,-43878,35418,-4924,-7219,24633,24549,27126,28625,0,0,0,0,-24719,-601,-77908,-9397,70664,-5712,-15947,-52657,16329,21295,32160,-134282,18360,119595,-68346,-47425,-3886,-569,-14212,-53627,-35490,-5742,0,0,0,0,-20255,-83222,58434,-12529,98756,25112,-37794,-19530,1341,-17530,-23880,-84304,-74800,20024,0,0,0,0,-13785,27302,-8096,34408,75958,-25858,20277,-35416,-60282,3808,60017,60039,-45030,0,0,0,0,67729,78494,-16988,-6288,-9077,-5180,-19290,0,0,0,0,17098,60115,38509,-17704,-4122,-18818,0,0,0,0,30253,-6249,5490,-64031,-35022,39540,50780,-81363,43922,2640,-72191,-17211,13370,-6185,25273,0,0,0,0,0,0,0,0,47576,-73202,-764,-7870,-77760,39183,-92287,10967,-24910,0,0,0,0,-17457,0,0,0,0,0,0,0,0,-57114,27805,-11263,6977,-26020,-796,-26911,22626,4343,-49760,-86985,-34397,8993,6817,10657,-38649,-37075,73774,0,0,0,0,-113374,-73288,-11523,47342,-19482,24448,91359,78480,47928,-98421,-31523,-13982
2634,-2108,0,-4376,0,-5842,-5871,-10453,5544,0,0,0,373,-575,-2309,-3506,0,0,0,0,0,0,0,0,0,0,0,0,0,0,0,0,0,0,0,5240,0,4728,-6045,0,0,-1836,0,-5538,-6298,4835,0,0,4415,0,1644,0,0,0,0,0,4253,0,0,0,-283,-343,2514,6437,0,0,1853,0,-3132,-2389,-1418,-497,3409,0,-2202,0,0,0,0,0,-1629,-503,663,0,0,0,0,-7083,0,-754,0,0,0,0,1980,1614,-2229,-4703,0,0,0,-8711,0,-7692,0,0,-1259,79,10313,0,0,0,0,0,0,0,0,0,0,0,0,0,0,0,0,0,0,0,0,5747,61,-646,0,0,0,0,0,0,0,0,0,0,0,0,0,0,0,0,0,0,-6305,1570,-1706,0,-557,-23684,0,0,0,0,-11097,0,0,0,0,8634,6337,0,0,4885,0,0,0,0,0,-15043,15735,8460,-26291,-5428,8453,-2322,0,0,0,0,0,0,0,9217,6042,463,0,0,0,0,0,0,-13368,0,0,0,0,-4967,-28771,13770,0,0,-1272,26630,-43122,0,0,0,0,0,0,0,0,0,0,0,0,0,0,0,0,0,0,41061,0,0,1104,22289,-39227,0,17604,1089,4443,-20438,0,-123,0,0,0,0,0,-41268,-1585,0,0,0,0,-44583,0,29842,0,0,0,0,0,0,0,-1816,12197,0,0,0,-69854,0,-86247,-35140,80428,0,0,0,0,0,23471,52710,18573,17633,0,0,0,0,0,0,0,148419,0,0,0,-36316,89584,34514,-128620,0,0,-40318,-59871,31922,64646,0,0,0,0,26772,469,-10300,0,0,0,-103793,0,0,0,0,0,0,0,0,0,0,11877,2052,-53498,-60063,0,0,107717,0,0,0,0,0,0,-28168,3605,0,0,0,0,0,0,-15273,-103700,0,0,0,-220615,-41800,0,-134307,403976,19401,0,-52127,-271478,0,0,0,0,0,0,0,0,0,-451226,296789,-165580,0,0,-45044,357153,132060,209426,0,0,0,0,165840,0,0,0,0,0,0,0,0,223278,13522,69687,0,0,28793,-40490,-459029,0,0,0,0,0,-562,-24189,320693,67988,0,0,0,0,0,-63427,-273671,-314841,0,0,-232524,0,-25987,451,1479,-226377,-147100
-999,-2814,2348,-4930,2063,-3461,-473,3578,-1535,-376,4629,7249,420,3321,2309,-425,3006,1285,0,0,0,0,0,0,0,0,0,0,0,0,2179,0,0,0,0,8026,-2095,2885,8778,2549,922,-791,1566,-7660,4666,5420,-3303,2832,-5449,13566,-2133,-1965,-13336,11665,853,-1523,-9095,-10299,1662,3436,14228,-277,1610,7028,5602,-4157,3488,-1079,-5878,-1905,4405,5939,6088,316,-522,-5386,45,-5825,-5713,-7913,-2119,7485,-4063,977,2693,-6362,-1365,-476,-3293,-2327,4474,-9943,758,-4174,516,1038,-3884,2643,-1087,-8365,1546,2306,5508,2939,-2988,-3186,-1229,-2402,5600,-5672,3177,8225,3040,0,0,0,0,-858,0,0,0,0,-8128,-2384,-467,0,0,0,0,2755,-572,-3263,-1089,-4363,0,0,0,0,-2813,-5245,1038,4011,-6180,4695,0,0,0,0,5287,-8602,6743,-9299,-1608,-5822,-3326,1008,0,0,0,0,-3811,19095,7758,-1863,3614,-9589,5572,-12772,-5931,15776,0,0,0,0,-8159,-4174,-504,-921,29243,3417,-11746,-17462,4913,6147,34786,14999,2525,-12156,-4543,5616,-16370,15594,-9767,15567,25943,-19170,-2023,2833,4128,0,0,0,0,-33204,-5165,-5890,37068,5737,-10115,2593,-2721,8159,33250,47895,-3907,4731,-30844,67082,20648,0,0,0,0,0,0,0,0,-15768,-13139,-53556,51306,17048,-4527,10492,3574,19421,16614,9541,-22033,2875,14804,14025,0,0,0,0,10914,37406,-23338,13691,-34292,803,24669,-12888,-69703,43050,5196,-87139,-42838,0,0,0,0,12613,12211,765,23103,44121,25579,76,22549,-18572,-23208,10430,-18177,22871,42858,-29190,24358,-42675,-7388,45078,-9779,2024,-69864,0,0,0,0,4110,-32809,-129681,10026,77989,44570,-103864,-46458,-64272,-60074,-4594,67412,-46976,55002,0,0,0,0,-58640,-24131,-30902,-33663,54266,56749,-4259,-160983,-88623,-63915,63935,190310,116330,0,0,0,0,158316,-54875,156286,11419,41942,-30507,-43114,0,0,0,0,200297,-115261,83357,8753,36957,-84576,0,0,0,0,108724,45055,70783,166444,-74547,50350,-43441,-16625,-16223,-4536,31531,-71548,-23230,-35087,-7688,0,0,0,0,0,0,0,0,184,-54938,29961,188456,130018,-102371,-28336,-3272,65394,0,0,0,0,31139,0,0,0,0,0,0,0,0,-11409,-54395,13306,-53410,10119,23248,-14114,-99532,-119687,95798,-53881,41086,-6691,59878,2315,117660,-47290,85962,0,0,0,0,-92237,-52847,-85085,-40381,96573,-106476,-17155,-77919,93457,-30308,-89536,-48118
1483,-2570,6289,0,5072,-5194,-5220,0,2944,0,0,-13819,7282,-11233,1312,0,300,0,0,0,0,0,0,0,0,0,0,0,0,0,0,0,0,0,0,0,6801,-20442,231,2261,-5340,0,0,6488,7378,0,0,0,0,0,7376,0,0,0,0,-951,0,0,0,0,-9425,-11433,-109,0,0,0,0,-10986,203,155,7572,0,-4841,108,0,501,5647,-2239,0,0,-1671,2306,-3041,0,0,0,0,0,8728,0,0,0,0,0,-2348,886,1584,3342,-2111,8983,0,0,-18,-5016,0,0,-382,-6083,0,0,0,0,0,0,0,0,0,0,0,0,0,0,0,0,0,0,0,0,0,5171,5134,483,0,0,0,0,0,0,0,0,0,0,0,0,0,0,0,0,0,0,-4165,11644,-12657,0,14949,-352,0,0,0,0,-18654,0,0,21118,0,-7467,10173,0,0,-17247,0,0,0,0,31883,9227,17051,-31715,-2424,11739,15773,-4333,0,0,0,0,0,0,0,0,-9860,-756,0,0,58603,0,0,0,-9094,0,0,0,0,-20797,3590,0,0,0,939,-34180,0,0,0,0,0,0,0,0,0,0,0,0,0,0,0,0,0,0,0,1162,0,0,-53964,2672,14417,0,-318,5140,8145,-37468,0,0,0,0,0,0,-28881,-561,14611,0,0,0,0,79109,-7321,0,0,0,0,0,0,0,0,-9093,61074,0,0,0,51318,-101382,-49867,-20318,-109308,0,0,49861,0,0,-9532,4244,215,-227,0,0,0,0,0,0,0,104996,0,0,0,4539,-50989,132346,0,0,0,19471,28915,86361,-42645,0,0,0,0,172,-9836,0,0,0,0,-70078,0,0,0,0,0,83543,0,0,0,0,73213,12648,0,-23791,0,0,0,0,0,0,0,0,0,107427,-13748,82970,0,0,0,0,0,113905,-16776,0,0,0,30354,-160207,358170,194433,-307440,-14765,0,-146358,28102,0,0,0,0,0,0,0,0,0,0,0,48828,0,0,-38587,305954,-287247,181133,0,0,0,0,-140333,0,0,0,0,0,0,0,0,4116,-67968,-6065,0,0,-433,609,-255491,0,0,0,0,0,40285,-936,-35243,166238,0,0,0,0,0,0,-149005,-171421,0,0,202131,442833,-222741,396826,-121079,-294575,-61282
0,-2601,5148,1524,-1524,-6378,-16,-9871,0,0,0,-2776,-4504,-21110,4596,-3030,-3030,1803,0,0,0,0,0,0,0,0,0,0,0,0,-1328,0,0,0,0,2716,2716,0,1589,4845,-6033,-6033,-11413,2724,175,-2688,0,0,-9367,0,17591,0,0,0,0,-1859,1859,0,0,13857,11,-115,8496,0,0,0,14438,-14438,-265,-1969,2539,10251,0,3090,-3090,0,14227,482,0,0,-2866,-2787,383,0,0,0,0,0,-3690,3690,0,0,0,0,0,-2664,-1047,2933,18706,0,-3735,38,-38,-4934,0,0,555,-630,-2808,0,0,0,0,0,0,0,0,0,0,0,0,0,0,0,-2854,0,0,0,0,-4637,1757,2122,0,0,0,0,0,0,0,0,0,0,0,0,0,0,0,0,0,0,5422,-510,-12248,6413,302,-317,0,0,0,0,-9193,0,0,-39252,33921,-9653,1481,0,0,-26916,0,0,0,0,-2098,0,3290,-989,-1210,796,-6749,11861,0,0,0,0,0,0,0,0,47778,55709,0,0,0,-7298,0,0,0,0,0,0,0,-19820,-13984,-48268,0,0,10223,0,-20938,0,0,0,0,0,0,0,0,0,0,0,0,0,0,0,0,0,0,0,0,0,-24202,26724,-54536,80857,2021,-1786,31894,-20504,0,62630,0,0,0,0,21282,-23815,22053,0,0,0,0,-66200,0,-99842,0,0,-21881,0,0,0,0,-87659,-118328,0,0,0,1180,-14294,1423,-599,0,0,0,0,0,0,91051,34947,-178636,4637,0,0,0,0,0,0,0,-45466,42883,0,0,0,-9712,-21886,7164,0,0,190044,37090,44351,-130882,0,0,0,0,50,-48,0,0,0,0,132285,0,0,146161,0,0,-19360,0,0,0,0,25112,-17714,0,0,0,0,156641,0,0,0,0,0,0,11645,9003,-15365,46954,0,0,0,0,-34469,-25619,-1650,0,0,136418,200195,0,2248,90366,99484,-2387,67562,-99672,0,0,0,0,0,0,0,0,0,0,-76845,0,0,0,-98153,-126484,91066,20632,0,0,0,0,18909,0,0,0,0,0,0,0,0,-24948,22099,-16490,0,0,26354,-4449,0,0,0,0,0,-6276,8305,-8700,-36541,23757,154172,0,0,0,0,-264982,-17398,-1217,0,0,-80595,-111749,0,-2133,4005,36136,-5487
-678,-3796,3848,891,4708,-7793,23,-495,-3545,-2226,9815,9315,2456,3102,-873,1157,3154,-6,0,0,0,0,0,0,0,0,0,0,0,0,-803,0,0,0,0,1059,6230,1111,242,-3884,-2505,2215,-4058,3940,-9446,-9111,68,4777,477,-1835,-6623,4164,9297,2103,8158,-2883,10212,-3023,6492,-2006,3433,6193,-2807,-3230,5922,5187,6601,6300,487,2368,-724,-4502,173,4356,1838,-10705,2532,5397,-1846,-9336,3287,-8545,-4431,5678,-7030,3897,-12662,10376,-4433,-8517,-1583,-8295,-9972,5020,-3440,-4153,4087,2468,286,-1245,-9914,1039,8067,-5963,-14841,1644,606,2838,4394,-5022,4014,3009,3868,0,0,0,0,-1961,0,0,0,0,-2160,6604,2837,0,0,0,0,1387,4567,-1414,-6981,10522,0,0,0,0,-7415,-1215,212,2665,-5544,7155,0,0,0,0,-13287,-3971,1359,5264,-7464,-5285,-146,-4547,0,0,0,0,-1668,24098,-937,7363,3347,-2734,5577,-13588,5951,-3834,0,0,0,0,9769,-25232,18195,-7106,7455,-5534,22121,-1696,15635,-27783,10917,-7020,-8803,15505,-25792,39822,3428,14390,14849,-22721,-36370,1556,902,-4035,10576,0,0,0,0,351,25088,-702,-17982,-8040,-6452,-3115,-39468,-5046,30849,-30756,-75841,36841,92368,8045,-51902,0,0,0,0,0,0,0,0,81241,40946,-31986,-18238,-6612,59102,-12488,-43011,-12184,3873,12659,-29754,83857,63431,16762,0,0,0,0,-12136,-43498,38400,2210,61472,-35418,-43878,-4924,7219,24633,-27126,24549,28625,0,0,0,0,6626,-23821,77908,70664,9397,-5712,-15947,-48479,26252,-21295,134282,32160,-18360,68346,119595,-37846,-28843,169,14223,53627,-5742,35490,0,0,0,0,-20255,-83222,12529,58434,-98756,-44873,-6738,-19530,-17530,-1341,-53827,69138,47218,61371,0,0,0,0,-27769,12819,8096,75958,-34408,25858,20277,-60282,35416,3808,60039,-60017,-45030,0,0,0,0,-51222,-90137,16988,6288,5180,-9077,-19290,0,0,0,0,-60115,17098,-7436,41727,-4122,-18818,0,0,0,0,2739,30770,5490,35022,-64031,32797,55375,81363,43922,-72111,-4290,-17211,793,-14710,-25273,0,0,0,0,0,0,0,0,-47576,-73202,764,77760,-7870,-99125,15043,-840,27204,0,0,0,0,-17457,0,0,0,0,0,0,0,0,-34494,53341,-11263,26020,6977,8082,25681,-22626,-49760,-4343,34397,-86985,8993,-10962,-6315,18203,50368,73774,0,0,0,0,-113374,-74178,1207,-19482,-47342,24448,91359,-78480,54900,-94709,-31523,-13982
0,-1318,3409,-2655,2663,-5778,-14,-1152,14,0,0,-2103,371,1799,-469,-529,1823,-4380,-1888,2190,478,55,7,15,92,-95,-1072,-1040,851,-1564,7633,-3031,-1964,7478,7138,1392,1287,1,3069,1854,-1193,-772,-2431,2462,152,-1830,0,0,-3837,-2,1209,0,0,0,0,-704,760,0,0,2738,-26,292,-199,3,0,0,2471,-2405,-627,-4674,1806,876,2,-1019,1018,1,69,641,0,0,30,700,-95,0,0,0,0,-1,1912,-1925,0,0,0,0,1,629,-767,2150,-882,0,-2632,-2967,2895,-3580,0,0,-1975,-2657,5798,0,0,0,0,-37,1593,1032,180,-2220,5674,-7,-3176,789,0,0,-2326,728,-22589,-2025,11531,-3035,-12744,10019,0,0,19071,5497,-2252,831,0,0,0,0,0,0,-16375,5288,-11583,-4897,0,0,-5643,1593,9037,2028,4573,8978,-5349,-12259,9087,-1020,3723,0,0,6847,-14092,5179,-2004,0,0,-6923,-15936,26602,35560,-20456,-39884,2325,-4934,-7524,11445,3840,6467,-5501,0,0,0,0,3944,0,0,8088,17358,12362,0,0,18557,-24509,0,0,-41150,8932,-20418,-524,56947,20010,-22679,-21227,0,0,3237,42716,-4663,0,0,0,0,0,0,0,0,31146,-22360,74190,59134,47973,-39534,-7758,34343,0,0,-7283,0,0,34447,35093,3304,-4034,14631,-15531,8753,-16786,-9085,-7975,-29365,33968,-51123,8408,-34020,-2098,-35257,0,0,0,0,66581,-11692,-3590,0,0,32991,-17917,-43455,43754,-86656,-62665,111831,-18587,0,0,-8825,7270,32405,-101061,-49621,0,0,-122901,0,0,-28225,-26646,50468,19926,70691,0,0,-44466,95392,-95257,-18246,-34647,31154,0,0,-9346,-24884,-70891,88950,0,0,-20509,92485,99668,-43897,-45504,-80596,26933,-56830,86088,-76909,-158448,0,0,34590,4045,0,0,9042,0,0,-39422,80618,197695,18769,-1551,-113636,66511,-41407,52366,0,0,-70301,104231,22558,-47947,26383,0,0,44187,115747,33954,-28252,-131561,-86446,10685,53742,-39268,-137759,15703,0,0,31530,-10810,14793,-63690,37898,-2652,18727,-27714,26748,182197,-136818,17641,54755,98966,61874,-226951,-8665,-326,18937,111804,-82398,0,0,68467,-81429,23850,-65670,-63841,64083,-59924,40841,108469,40796,74276,-87541,-25605,187952,72943,-35861,205728,16876,-57595,76784,0,0,58582,2049,33314,0,0,0,0,135432,-141369,-95482,8650,-42266,-9386,161949,33107,-11599,118435,-34221,-35252,-5927,0,0,82142,-7480,-5231,42564,-10306,-3479,-59221
0,-1318,3409,-2655,2663,-5778,-14,-1152,14,0,0,-2103,371,1799,-469,-529,1823,-4380,1888,-2190,-478,-55,-7,-15,-92,95,1072,1040,-851,1564,7633,3031,1964,-7478,-7138,1392,1287,1,3069,1854,-1193,-772,-2431,2462,152,-1830,0,0,-3837,-2,1209,0,0,0,0,-704,760,0,0,2738,-26,292,-199,3,0,0,2471,-2405,-627,-4674,1806,876,2,-1019,1018,1,69,641,0,0,30,700,-95,0,0,0,0,-1,1912,-1925,0,0,0,0,1,629,-767,2150,-882,0,-2632,-2967,2895,-3580,0,0,-1975,-2657,5798,0,0,0,0,37,-1593,-1032,-180,-2220,-5674,7,3176,-789,0,0,-2326,-728,22589,2025,-11531,-3035,-12744,10019,0,0,-19071,-5497,2252,-831,0,0,0,0,0,0,16375,-5288,11583,4897,0,0,-5643,1593,9037,2028,4573,8978,5349,12259,-9087,1020,3723,0,0,6847,-14092,5179,-2004,0,0,-6923,15936,-26602,-35560,20456,-39884,2325,-4934,-7524,11445,3840,6467,-5501,0,0,0,0,3944,0,0,8088,17358,12362,0,0,18557,-24509,0,0,-41150,-8932,20418,524,-56947,20010,-22679,-21227,0,0,3237,42716,-4663,0,0,0,0,0,0,0,0,-31146,22360,-74190,-59134,-47973,39534,7758,-34343,0,0,-7283,0,0,34447,35093,3304,-4034,14631,-15531,8753,-16786,-9085,-7975,29365,-33968,51123,-8408,-34020,-2098,-35257,0,0,0,0,66581,-11692,-3590,0,0,32991,17917,43455,-43754,86656,-62665,111831,-18587,0,0,-8825,7270,32405,-101061,-49621,0,0,-122901,0,0,-28225,-26646,50468,19926,70691,0,0,44466,-95392,95257,18246,-34647,31154,0,0,-9346,-24884,-70891,88950,0,0,-20509,92485,99668,-43897,45504,80596,-26933,56830,86088,-76909,-158448,0,0,34590,4045,0,0,9042,0,0,-39422,-80618,-197695,-18769,1551,-113636,66511,-41407,52366,0,0,-70301,-104231,-22558,47947,-26383,0,0,44187,115747,33954,-28252,131561,86446,-10685,-53742,-39268,-137759,15703,0,0,31530,-10810,14793,-63690,37898,-2652,18727,-27714,26748,182197,136818,-17641,-54755,-98966,-61874,226951,8665,326,18937,111804,-82398,0,0,68467,-81429,23850,-65670,63841,-64083,59924,-40841,108469,-40796,-74276,87541,25605,-187952,-72943,35861,-205728,16876,-57595,76784,0,0,58582,2049,33314,0,0,0,0,135432,-141369,-95482,8650,-42266,-9386,-161949,-33107,11599,-118435,-34221,-35252,-5927,0,0,82142,-7480,-5231,42564,-10306,-3479,-59221
0,-1301,3407,-2660,2660,-5778,-14,-1154,0,0,0,-2113,394,1846,2935,2743,2743,9230,9161,10351,-10977,-2146,0,0,0,0,-8518,5207,-11509,-3885,2969,5507,4286,5582,-2330,1247,1247,0,2624,1859,-1341,-1341,-1518,2464,158,-1829,0,0,-3839,0,856,0,0,0,0,-684,684,0,0,2119,-28,295,5,0,0,0,2378,-2378,-626,-4653,1943,875,0,-1020,1020,0,71,644,0,0,-109,689,-95,0,0,0,0,0,1925,-1925,0,0,0,0,0,656,-769,2153,-883,0,-2729,-2933,2933,-3598,0,0,-1540,1746,5797,0,0,0,0,-1842,-51,-51,368,0,3805,2837,7241,1812,0,0,-15358,0,0,0,0,13283,-841,-1016,0,0,1490,-16698,-30522,-6451,0,0,0,0,0,0,0,0,0,0,0,0,-11211,-1496,-35889,-4276,-15739,16497,32387,-5613,11590,852,24522,0,0,4401,-6254,26266,-4029,0,0,-18284,0,0,0,0,19674,0,7636,-2296,-17247,11344,-19806,34811,0,0,0,0,0,0,0,0,-13664,-15932,0,0,0,-6968,0,0,0,120234,52887,-31598,-186,31227,22032,31050,0,0,26281,0,23669,0,0,0,0,0,0,0,0,0,0,0,0,48534,7509,-38552,-67860,0,0,0,0,0,-2103,2322,15219,2525,-62258,55002,1952,-1255,0,-28248,23471,-58746,-51519,6051,38206,40486,-37490,0,0,0,0,-31354,0,71329,0,0,25907,-67986,258,103048,65959,16031,21639,0,0,0,14531,126315,65949,-27766,0,0,0,0,0,0,83923,32211,61926,-1607,0,0,0,0,0,0,0,-34485,-61,0,0,0,14632,32973,87327,0,0,-17527,-3421,-9349,27590,-92498,-16655,25073,109566,17874,-17258,0,0,0,0,-76448,0,0,-78526,0,0,-35107,78343,-36915,54366,24747,-16826,11869,0,0,0,0,159588,0,0,0,0,0,0,-59123,-45708,141853,95438,-50047,72151,-46240,2737,30569,22721,-86184,0,0,41673,61156,0,-34723,25996,28619,-82760,65046,-95961,0,21822,46032,79212,-21862,0,0,0,0,0,-51773,0,0,0,-11147,-14364,-91805,-20799,67308,169440,157312,70164,-20947,-148111,4064,-40838,-84575,0,0,0,0,-40659,36015,-134502,0,0,-333898,56370,0,0,0,0,0,-87418,48678,-50993,-11504,7480,-28004,-12018,-90640,129439,54447,22189,-36701,-2567,0,0,-18766,-11053,0,-35573,66812,29254,-22588
0,-1301,3407,-2660,2660,-5778,-14,-1154,0,0,0,-2113,394,1846,2935,2743,2743,9230,-9161,-10351,10977,2146,0,0,0,0,8518,-5207,11509,3885,2969,-5507,-4286,-5582,2330,1247,1247,0,2624,1859,-1341,-1341,-1518,2464,158,-1829,0,0,-3839,0,856,0,0,0,0,-684,684,0,0,2119,-28,295,5,0,0,0,2378,-2378,-626,-4653,1943,875,0,-1020,1020,0,71,644,0,0,-109,689,-95,0,0,0,0,0,1925,-1925,0,0,0,0,0,656,-769,2153,-883,0,-2729,-2933,2933,-3598,0,0,-1540,1746,5797,0,0,0,0,1842,51,51,-368,0,-3805,-2837,-7241,-1812,0,0,-15358,0,0,0,0,13283,-841,-1016,0,0,-1490,16698,30522,6451,0,0,0,0,0,0,0,0,0,0,0,0,-11211,-1496,-35889,-4276,-15739,16497,-32387,5613,-11590,-852,24522,0,0,4401,-6254,26266,-4029,0,0,-18284,0,0,0,0,19674,0,7636,-2296,-17247,11344,-19806,34811,0,0,0,0,0,0,0,0,-13664,-15932,0,0,0,-6968,0,0,0,-120234,-52887,31598,186,31227,22032,31050,0,0,26281,0,23669,0,0,0,0,0,0,0,0,0,0,0,0,-48534,-7509,38552,67860,0,0,0,0,0,-2103,2322,15219,2525,-62258,55002,1952,-1255,0,-28248,-23471,58746,51519,-6051,38206,40486,-37490,0,0,0,0,-31354,0,71329,0,0,25907,67986,-258,-103048,-65959,16031,21639,0,0,0,14531,126315,65949,-27766,0,0,0,0,0,0,83923,32211,61926,-1607,0,0,0,0,0,0,0,-34485,-61,0,0,0,14632,32973,87327,0,0,-17527,-3421,-9349,27590,92498,16655,-25073,-109566,17874,-17258,0,0,0,0,-76448,0,0,-78526,0,0,-35107,-78343,36915,-54366,-24747,-16826,11869,0,0,0,0,159588,0,0,0,0,0,0,-59123,-45708,141853,95438,50047,-72151,46240,-2737,30569,22721,-86184,0,0,41673,61156,0,-34723,25996,28619,-82760,65046,-95961,0,-21822,-46032,-79212,21862,0,0,0,0,0,-51773,0,0,0,-11147,-14364,-91805,-20799,-67308,-169440,-157312,-70164,-20947,148111,-4064,40838,84575,0,0,0,0,-40659,36015,-134502,0,0,-333898,56370,0,0,0,0,0,-87418,48678,-50993,-11504,7480,-28004,12018,90640,-129439,-54447,22189,-36701,-2567,0,0,-18766,-11053,0,-35573,66812,29254,-22588
0,-1318,3409,-2663,2655,-5778,-14,-1152,-14,0,0,-2103,395,1794,-469,1823,-529,-4380,161,50,735,-2833,-48,-30,-82,-88,1565,-637,-1037,-1214,7633,-3081,-5865,4398,-7529,1287,1392,-1,3069,1854,-772,-1193,-2431,2461,164,-1830,0,0,-3837,2,1209,0,0,0,0,-760,704,0,0,2738,-30,292,-199,-3,0,0,2405,-2471,-631,-4673,1806,876,-2,-1018,1019,-1,69,641,0,0,30,700,-97,0,0,0,0,1,1925,-1912,0,0,0,0,-1,629,-768,2149,-882,0,-2632,-2895,2967,-3580,0,0,2883,1628,5798,0,0,0,0,151,-996,1402,811,2220,-1057,6182,-1885,72,0,0,-2326,-6674,10618,-10831,19320,-3035,12220,-10652,0,0,-4437,14710,-5861,-11368,0,0,0,0,0,0,12461,2750,-17003,1517,0,0,-5643,-836,9138,2028,-9183,-4146,2659,-8857,-11191,-7194,3723,0,0,6847,-14092,5541,359,0,0,-6923,-21263,-36279,585,-29597,-39884,-2325,34,8997,1007,-12030,1425,-8370,0,0,0,0,-3944,0,0,-8088,9573,19039,0,0,-18557,-24509,0,0,41150,-21573,52434,5544,22235,-14657,26456,-21227,0,0,3237,-42716,-4663,0,0,0,0,0,0,0,0,13774,-93368,-39022,6399,-23116,2247,-64433,20321,0,0,7283,0,0,-38324,-30811,3304,-4034,17217,-12604,18905,-995,9085,-7975,-35426,-18770,-1267,-55602,-34020,34992,4797,0,0,0,0,66581,11692,-3590,0,0,32991,47728,80001,47826,-25838,125236,-27369,18587,0,0,-8825,7270,94931,47449,49621,0,0,122901,0,0,-38805,919,49367,-22517,-70691,0,0,-119015,-5864,36172,70543,-34647,31154,0,0,9346,-35870,-66016,88950,0,0,15771,-93409,-52451,-95444,-73222,67314,-20987,-46781,79880,-83339,158448,0,0,-34590,4045,0,0,9042,0,0,-39422,-61487,9246,155674,-133554,-100780,84736,41407,-52366,0,0,-70301,-57009,9403,-95667,43327,0,0,123145,13616,33954,-28252,54793,-44268,-123204,87421,-143231,2116,15703,0,0,-21595,25390,-14793,-63690,-6272,37469,18727,-14582,35649,-182197,105496,18036,-156,142717,26895,9854,-57528,-226452,-18937,111804,82398,0,0,-95879,46105,-6782,69536,80611,-9616,-52626,63882,108469,52790,-51625,9974,-99745,-96693,-74141,215103,152121,59211,-9802,76784,0,0,54662,-21168,-33314,0,0,0,0,135432,101941,136784,42140,9244,-9386,-42125,-129037,-128385,81100,-34221,-35734,961,0,0,82142,-7480,5231,-15212,-41067,-3479,-59221
0,-1318,3409,-2663,2655,-5778,-14,-1152,-14,0,0,-2103,395,1794,-469,1823,-529,-4380,-161,-50,-735,2833,48,30,82,88,-1565,637,1037,1214,7633,3081,5865,-4398,7529,1287,1392,-1,3069,1854,-772,-1193,-2431,2461,164,-1830,0,0,-3837,2,1209,0,0,0,0,-760,704,0,0,2738,-30,292,-199,-3,0,0,2405,-2471,-631,-4673,1806,876,-2,-1018,1019,-1,69,641,0,0,30,700,-97,0,0,0,0,1,1925,-1912,0,0,0,0,-1,629,-768,2149,-882,0,-2632,-2895,2967,-3580,0,0,2883,1628,5798,0,0,0,0,-151,996,-1402,-811,2220,1057,-6182,1885,-72,0,0,-2326,6674,-10618,10831,-19320,-3035,12220,-10652,0,0,4437,-14710,5861,11368,0,0,0,0,0,0,-12461,-2750,17003,-1517,0,0,-5643,-836,9138,2028,-9183,-4146,-2659,8857,11191,7194,3723,0,0,6847,-14092,5541,359,0,0,-6923,21263,36279,-585,29597,-39884,-2325,34,8997,1007,-12030,1425,-8370,0,0,0,0,-3944,0,0,-8088,9573,19039,0,0,-18557,-24509,0,0,41150,21573,-52434,-5544,-22235,-14657,26456,-21227,0,0,3237,-42716,-4663,0,0,0,0,0,0,0,0,-13774,93368,39022,-6399,23116,-2247,64433,-20321,0,0,7283,0,0,-38324,-30811,3304,-4034,17217,-12604,18905,-995,9085,-7975,35426,18770,1267,55602,-34020,34992,4797,0,0,0,0,66581,11692,-3590,0,0,32991,-47728,-80001,-47826,25838,125236,-27369,18587,0,0,-8825,7270,94931,47449,49621,0,0,122901,0,0,-38805,919,49367,-22517,-70691,0,0,119015,5864,-36172,-70543,-34647,31154,0,0,9346,-35870,-66016,88950,0,0,15771,-93409,-52451,-95444,73222,-67314,20987,46781,79880,-83339,158448,0,0,-34590,4045,0,0,9042,0,0,-39422,61487,-9246,-155674,133554,-100780,84736,41407,-52366,0,0,-70301,57009,-9403,95667,-43327,0,0,123145,13616,33954,-28252,-54793,44268,123204,-87421,-143231,2116,15703,0,0,-21595,25390,-14793,-63690,-6272,37469,18727,-14582,35649,-182197,-105496,-18036,156,-142717,-26895,-9854,57528,226452,-18937,111804,82398,0,0,-95879,46105,-6782,69536,-80611,9616,52626,-63882,108469,-52790,51625,-9974,99745,96693,74141,-215103,-152121,59211,-9802,76784,0,0,54662,-21168,-33314,0,0,0,0,135432,101941,136784,42140,9244,-9386,42125,129037,128385,-81100,-34221,-35734,961,0,0,82142,-7480,5231,-15212,-41067,-3479,-59221
0,-1319,3408,-2652,2652,-5780,-14,-1153,0,0,0,-2092,406,1901,-383,-890,-890,4115,-8417,-3653,-15962,-4680,0,0,0,0,421,1924,787,-1140,-6902,-6154,9700,3122,-3214,1409,1409,0,3050,1851,-715,-715,-2028,2451,157,-1830,0,0,-3837,0,1193,0,0,0,0,-767,767,0,0,2432,-30,316,-189,0,0,0,2480,-2480,-628,-4663,1807,875,0,-1016,1016,0,71,642,0,0,23,699,-96,0,0,0,0,0,1922,-1922,0,0,0,0,0,633,-769,2154,-882,0,-2737,-2974,2974,-3595,0,0,-2035,2308,5799,0,0,0,0,10186,3765,-8466,17369,0,-7523,-4125,-8560,19610,0,0,9326,0,0,0,0,-10481,-2103,-2539,0,0,-4629,9928,-8030,18794,0,0,0,0,0,0,0,0,0,0,0,0,140,661,15867,-4597,158,-166,-30116,-833,-17016,16365,2834,0,0,18429,-9173,3349,-514,0,0,15325,0,0,0,0,-11783,0,-10607,3190,5670,-3729,31887,-56043,0,0,0,0,0,0,0,0,-22456,-26183,0,0,0,-41914,0,0,0,33083,20935,-75770,1620,19843,14000,-1071,0,0,-6009,0,-6050,0,0,0,0,0,0,0,0,0,0,0,0,27837,-17340,-31387,-65935,0,0,0,0,0,11557,-12762,1316,-33457,-22296,19697,68950,-44326,0,-120174,-36621,16162,34584,17088,114492,38598,-35742,0,0,0,0,26791,0,-61186,0,0,268,-87735,63299,-35308,-31429,-35436,-47834,0,0,0,-49782,-8891,-18073,7609,0,0,0,0,0,0,20827,7994,-109101,2832,0,0,0,0,0,0,0,41832,55896,0,0,0,22101,49804,-56357,0,0,-3818,-745,-25594,75529,-69189,-16324,6782,81765,-23108,22311,0,0,0,0,21049,0,0,-34853,0,0,-8575,26705,-16164,60248,56813,1610,-1135,0,0,0,0,-7418,0,0,0,0,0,0,-69626,-53827,-127285,109463,136146,-158539,151655,48118,-110703,-82280,112147,0,0,-38536,-56552,0,-102021,-6136,-6756,19034,-130492,192513,0,15046,-77539,64843,-1252,0,0,0,0,0,-65791,0,0,0,-47778,-61568,111876,25346,-12360,-59273,-104140,-79115,-129086,277893,86259,167825,119213,0,0,0,0,-38081,33732,-247009,0,0,-214600,36229,0,0,0,0,0,-59838,107756,-112880,-14114,9176,66360,35725,11060,-59320,-57751,68350,12623,883,0,0,42116,2481,0,12220,-22951,38155,-44822
0,-1319,3408,-2652,2652,-5780,-14,-1153,0,0,0,-2092,406,1901,-383,-890,-890,4115,8417,3653,15962,4680,0,0,0,0,-421,-1924,-787,1140,-6902,6154,-9700,-3122,3214,1409,1409,0,3050,1851,-715,-715,-2028,2451,157,-1830,0,0,-3837,0,1193,0,0,0,0,-767,767,0,0,2432,-30,316,-189,0,0,0,2480,-2480,-628,-4663,1807,875,0,-1016,1016,0,71,642,0,0,23,699,-96,0,0,0,0,0,1922,-1922,0,0,0,0,0,633,-769,2154,-882,0,-2737,-2974,2974,-3595,0,0,-2035,2308,5799,0,0,0,0,-10186,-3765,8466,-17369,0,7523,4125,8560,-19610,0,0,9326,0,0,0,0,-10481,-2103,-2539,0,0,4629,-9928,8030,-18794,0,0,0,0,0,0,0,0,0,0,0,0,140,661,15867,-4597,158,-166,30116,833,17016,-16365,2834,0,0,18429,-9173,3349,-514,0,0,15325,0,0,0,0,-11783,0,-10607,3190,5670,-3729,31887,-56043,0,0,0,0,0,0,0,0,-22456,-26183,0,0,0,-41914,0,0,0,-33083,-20935,75770,-1620,19843,14000,-1071,0,0,-6009,0,-6050,0,0,0,0,0,0,0,0,0,0,0,0,-27837,17340,31387,65935,0,0,0,0,0,11557,-12762,1316,-33457,-22296,19697,68950,-44326,0,-120174,36621,-16162,-34584,-17088,114492,38598,-35742,0,0,0,0,26791,0,-61186,0,0,268,87735,-63299,35308,31429,-35436,-47834,0,0,0,-49782,-8891,-18073,7609,0,0,0,0,0,0,20827,7994,-109101,2832,0,0,0,0,0,0,0,41832,55896,0,0,0,22101,49804,-56357,0,0,-3818,-745,-25594,75529,69189,16324,-6782,-81765,-23108,22311,0,0,0,0,21049,0,0,-34853,0,0,-8575,-26705,16164,-60248,-56813,1610,-1135,0,0,0,0,-7418,0,0,0,0,0,0,-69626,-53827,-127285,109463,-136146,158539,-151655,-48118,-110703,-82280,112147,0,0,-38536,-56552,0,-102021,-6136,-6756,19034,-130492,192513,0,-15046,77539,-64843,1252,0,0,0,0,0,-65791,0,0,0,-47778,-61568,111876,25346,12360,59273,104140,79115,-129086,-277893,-86259,-167825,-119213,0,0,0,0,-38081,33732,-247009,0,0,-214600,36229,0,0,0,0,0,-59838,107756,-112880,-14114,9176,66360,-35725,-11060,59320,57751,68350,12623,883,0,0,42116,2481,0,12220,-22951,38155,-44822
-2037,-3482,1792,-4891,2900,-2443,5138,578,4430,-2622,1600,-2582,2732,-8348,2993,408,-2980,49,0,0,0,0,0,0,0,0,0,0,0,0,-423,0,0,0,0,-7928,-1802,5309,-2428,-11854,4378,3654,-2771,4997,7558,3844,5966,-8614,7795,4952,3913,-905,-6147,2638,14400,-6169,5601,7270,11752,7275,-775,2356,-702,6146,-3275,3751,2361,1870,-6998,8404,-4046,5422,3151,7310,5785,-8583,3009,-4860,-3808,5917,9933,10733,-4717,6095,-667,12943,2196,9887,-5009,5948,-9801,-308,8851,-6245,-6290,1432,14291,-3521,-3704,6269,8447,666,4373,692,13523,-7038,651,-1425,2776,7469,2127,-5735,-377,0,0,0,0,6241,0,0,0,0,18128,7312,3001,0,0,0,0,570,-1858,-43,-4479,-6882,0,0,0,0,-2945,5093,-7780,7446,-11174,-5519,0,0,0,0,-900,-1181,3019,-2421,891,-1996,7588,6409,0,0,0,0,-61,13307,11110,-7785,-4080,-504,1505,-7819,-21672,8836,0,0,0,0,-4311,19442,947,-764,17997,-2814,8026,-8693,-14573,-42737,1194,12011,-20545,403,-2268,-36379,-5521,-1852,-12467,-30336,30901,504,-2385,-2129,10793,0,0,0,0,26801,-14650,12130,16589,-9600,-55,4698,-43743,-35272,-16502,-1320,59412,-11250,8457,13296,-12658,0,0,0,0,0,0,0,0,16612,28943,31074,18856,-12686,-56431,11201,27568,-26604,-32875,-55063,-3538,53278,-15945,-4614,0,0,0,0,7036,10519,-33303,-101107,-79483,15765,3625,4947,39685,-16957,-57501,23075,29737,0,0,0,0,9499,15542,21938,31814,62456,20970,7930,3101,-35509,-43888,-71047,88093,9276,84894,21377,-3847,-74626,6758,-30670,44039,-14882,14987,0,0,0,0,1909,-68004,-72587,107938,-23732,48487,35309,54071,-17539,-1399,-40087,-68395,-24105,-38189,0,0,0,0,-12557,31470,-8195,84271,-7362,-119055,1653,11148,40724,3451,28350,-48822,1590,0,0,0,0,-14202,2388,-29014,-5153,-38074,-32933,-611,0,0,0,0,58092,18355,-28775,-7250,-6241,16207,0,0,0,0,7657,29357,-27798,155184,86975,-235,40528,-83828,-17383,72682,-8181,12478,-22232,-27370,15401,0,0,0,0,0,0,0,0,-22547,-53052,43881,-30745,118251,-13792,-48173,1040,41392,0,0,0,0,7160,0,0,0,0,0,0,0,0,49827,45291,4522,14371,-56986,-6314,-4923,-26865,26800,74574,10344,-96253,13054,-33219,-24630,70520,63234,869,0,0,0,0,14615,55634,-39061,94810,-32344,-51699,-61048,-98062,22687,35620,-6733,-4310
-2037,-3482,1792,-4891,-2900,-5151,2418,-578,4430,2622,1600,-2582,-6506,5901,2993,408,2980,-49,0,0,0,0,0,0,0,0,0,0,0,0,423,0,0,0,0,-7928,1802,5309,-2428,-11854,-4378,3654,2771,-6857,-5922,-3844,5966,-8614,-7795,-4952,3913,905,6147,-1558,-14556,6169,5601,-7270,-11752,-7275,-2460,311,-702,-6146,-3275,-3751,2361,-1870,-6255,8971,-4046,-5422,3151,-7310,5785,-8583,3009,-4860,-3808,5917,9933,-1644,11608,-6095,-667,-12943,-2196,-9887,5009,5948,-9801,308,8851,-6245,-6290,1432,11775,-8830,-3704,6269,-8447,666,-4373,692,-710,-15228,824,1332,-2776,7469,2127,-5735,377,0,0,0,0,-6241,0,0,0,0,2628,19370,-3001,0,0,0,0,570,1833,304,-4479,-6882,0,0,0,0,3103,4998,7780,-7446,-12407,1170,0,0,0,0,-1068,1031,3019,686,-2487,1996,-7278,6759,0,0,0,0,-61,13307,11110,-7785,4080,1285,-932,7819,21672,8836,0,0,0,0,-4311,19442,-115,1212,15411,9712,-11340,-3372,-14573,-42737,5405,-10793,20545,1950,-1227,36379,5739,-989,-12467,-30336,30901,-504,2385,2129,10793,0,0,0,0,-30161,-4816,-12130,-7302,-17721,-55,4698,43743,-35272,-16502,25583,-53638,8911,10894,12937,13025,0,0,0,0,0,0,0,0,-16612,-28943,31074,18856,-12686,57262,5570,27568,26604,-39413,50589,18900,-49938,15945,4614,0,0,0,0,7036,7933,34012,101107,-79483,-16161,698,4947,39685,16957,-57501,23075,-29737,0,0,0,0,13614,-12101,-21938,-13262,68826,20970,7930,22598,-27565,-43888,71047,-88093,9276,84894,21377,-52888,-52788,-30279,8340,-44039,-12900,-16723,0,0,0,0,1909,68004,72587,107938,-23732,59644,6351,-54071,17539,1399,48303,62862,-15668,-42355,0,0,0,0,-11446,-31891,8195,31346,78570,119055,1653,-11148,-40724,-3451,26945,49612,1590,0,0,0,0,12577,7014,29014,-5153,-38074,-32933,611,0,0,0,0,58092,18355,26022,-14263,-6241,-16207,0,0,0,0,1132,30318,27798,-155184,-86975,14607,-37805,-83828,-17383,-71563,-15109,-12478,10514,-33658,-15401,0,0,0,0,0,0,0,0,22547,53052,43881,-26972,-119169,-25321,43240,36902,18779,0,0,0,0,7160,0,0,0,0,0,0,0,0,54929,-38946,4522,14371,-56986,-6723,-4348,-26865,17502,-77286,-85598,-45217,-13054,32040,-26146,90112,-29179,-869,0,0,0,0,-14615,46427,-49653,94810,-32344,-51699,-61048,-98062,1062,42218,-6733,-4310
-3449,-4562,0,-8020,0,0,0,0,-19639,0,-9074,0,0,0,1439,8400,0,0,0,0,0,0,0,0,0,0,0,0,0,0,0,0,0,0,0,-1913,0,-5829,-10749,0,0,17406,0,0,0,0,0,-17329,0,0,-2047,0,0,0,0,0,-3013,0,0,0,0,0,-2890,0,9892,0,5031,0,0,0,17502,0,11180,0,-25520,0,0,0,1423,0,3577,0,0,0,-28227,0,0,0,0,-4182,10904,0,0,18543,8856,2009,0,0,0,0,0,16286,0,16588,0,0,2215,-139,0,5424,0,-16951,0,0,0,0,0,0,0,0,0,0,0,0,0,0,0,0,0,576,-455,4837,-33439,-7111,0,0,0,0,26,1668,0,0,0,0,0,0,0,0,15393,1170,-6265,0,0,0,7,282,0,0,0,0,4152,14728,325,0,0,-503,-369,0,0,-12944,0,0,0,0,0,24436,1322,711,-42292,-8732,0,0,34539,49272,-22522,-4159,0,0,0,0,0,0,28454,546,0,0,0,0,14808,0,0,0,0,-3011,-17441,0,0,0,12559,26059,0,1510,50566,59817,14235,0,0,48810,684,0,0,0,0,0,0,0,0,0,0,62521,23721,0,-1425,-28777,-33820,0,-43549,-2695,0,0,0,0,0,0,0,0,0,5424,208,0,7822,0,0,9747,0,0,319,54657,0,0,0,0,0,0,0,0,0,0,-52162,0,0,0,-2977,0,0,0,-362,-68799,-16101,-36159,-21865,-20759,0,-80970,-5061,0,0,0,0,6251,0,0,-33157,-42832,-17756,-6841,0,0,0,0,0,-1415,-2866,0,0,0,0,36775,645,0,73614,45338,0,33973,0,0,0,0,0,0,0,0,0,0,0,0,0,-15641,-9637,-1093,0,0,0,0,0,59453,43824,0,0,0,0,0,0,0,0,-7909,-53699,0,0,0,305,58,0,-22439,0,0,0,1688,8789,0,0,0,0,0,0,0,0,0,0,0,4082,0,0,0,0,15713,24918,0,0,0,0,11500,0,0,0,0,0,0,0,0,24052,1457,-11293,-1027,-31329,0,0,-53721,0,0,-35915,-67516,0,-435,-18738,23767,5039,0,0,0,0,0,0,0,0,74224,1403,-21024,0,-60488,33754,110627,83727,13757
-3742,-2648,-2654,-2546,2028,547,3062,-11738,-4861,4917,6470,1549,-6123,-3044,793,4131,2105,-9,0,0,0,0,0,0,0,0,0,0,0,0,2704,0,0,0,0,-1003,-4606,3495,-3001,4007,-2624,-2918,713,-5906,7343,3882,2221,802,60,1710,-4422,-7921,-6570,1808,2184,1310,481,4688,-7599,-5462,-5761,-1889,10651,-10385,2872,10961,-4675,-6075,-5672,-13142,-3893,-2256,-10405,-3223,6412,554,11106,-1736,-3449,11453,-3062,343,1865,-2620,6013,2269,-6577,1204,-3489,-1252,-536,-7852,-9021,-1520,-1167,3792,-2960,-12550,-7129,-10295,2241,5834,2775,972,4551,-579,1790,263,-886,9598,-591,-6539,7148,0,0,0,0,-13377,0,0,0,0,-6381,-2517,1671,0,0,0,0,776,-4792,10818,12539,3587,0,0,0,0,9963,-20776,19038,-2864,4221,12748,0,0,0,0,7923,18144,-1203,5535,-3020,4947,10873,-9142,0,0,0,0,1946,2168,8642,3359,2981,-13946,-13565,-16483,38534,-1806,0,0,0,0,-457,3126,21405,18791,-22122,31791,21275,12099,34256,298,-33043,-29022,30005,39156,2305,-28683,3204,8697,-29129,43837,14921,-41271,-3232,-5249,-4093,0,0,0,0,-31891,21879,1811,-68675,43779,4103,260,8220,-11866,68459,-15462,23335,24,10285,8442,17487,0,0,0,0,0,0,0,0,78665,-44119,2225,17293,21482,23459,1995,2898,14221,22044,-20336,17333,52293,-3425,-2989,0,0,0,0,-2512,53399,-5404,7409,-4825,-56232,-17515,20981,78334,22499,25793,59205,-31056,0,0,0,0,7682,-8412,14422,-71215,113594,-2084,8886,-11152,48959,-104,-25949,5574,164,34934,9920,-12455,13340,19070,-58386,7324,-47110,-12662,0,0,0,0,-2709,-49702,-3549,635,27200,-10079,-908,11497,30446,-20440,-68055,82347,-20131,25574,0,0,0,0,9044,59486,-29923,4272,15564,-77561,13011,86331,-29537,34428,-99707,27325,-26316,0,0,0,0,-6611,28438,75009,-8117,-5746,-27363,-60200,0,0,0,0,3784,-24564,-467,-1354,-11363,60595,0,0,0,0,-36139,-17660,-52386,98515,32641,30651,55158,30753,15519,-6615,-95029,14265,-44195,-24063,-10024,0,0,0,0,0,0,0,0,-68330,-77489,-9683,-25135,88281,-62559,-19862,6004,38567,0,0,0,0,-22723,0,0,0,0,0,0,0,0,-11454,97104,-10220,6530,-2221,-5532,2306,-80254,18862,69222,-345,3833,16008,-43263,7625,11560,17176,3250,0,0,0,0,13139,33165,-42324,14339,4936,15773,-15514,-16762,-5170,23882,27789,13624
-3742,-2648,-2654,-2546,-2028,-3059,-563,11738,-4861,-4917,6470,1549,-5278,-4348,793,4131,-2105,9,0,0,0,0,0,0,0,0,0,0,0,0,-2704,0,0,0,0,-1003,4606,3495,-3001,4007,2624,-2918,-713,-8037,4919,-3882,2221,802,-60,-1710,-4422,7921,6570,1113,-2607,-1310,481,-4688,7599,5462,755,6016,10651,10385,2872,-10961,-4675,6075,14174,1996,-3893,2256,-10405,3223,6412,554,11106,-1736,-3449,11453,-3062,1889,-173,2620,6013,-2269,6577,-1204,3489,-1252,-536,7852,-9021,-1520,-1167,3792,7838,10238,-7129,-10295,-2241,5834,-2775,972,-1786,-4226,1743,-485,886,9598,-591,-6539,-7148,0,0,0,0,13377,0,0,0,0,-870,-6804,-1671,0,0,0,0,776,2691,11522,12539,3587,0,0,0,0,-10609,-20453,-19038,2864,8491,-10404,0,0,0,0,10575,-16738,-1203,-2549,5767,-4947,-11291,-8621,0,0,0,0,1946,2168,8642,3359,-2981,-17122,-9239,16483,-38534,-1806,0,0,0,0,-457,3126,27480,7492,-7722,-37953,-12108,21270,34256,298,-41228,15309,-30005,-16881,-35406,28683,-4491,8107,-29129,43837,14921,41271,3232,5249,-4093,0,0,0,0,37381,9919,-1811,27766,76563,4103,260,-8220,-11866,68459,-3294,-27798,-2475,9983,8929,-17244,0,0,0,0,0,0,0,0,-78665,44119,2225,17293,21482,-23147,4303,2898,-14221,19369,22899,37478,-40379,3425,2989,0,0,0,0,-2512,52827,9485,-7409,-4825,58480,-6999,20981,78334,-22499,25793,59205,31056,0,0,0,0,4898,10286,-14422,99903,89412,-2084,8886,-26239,42812,-104,25949,-5574,164,34934,9920,18248,-331,-57318,22073,-7324,-48320,6697,0,0,0,0,-2709,49702,3549,635,27200,-8083,-6089,-11497,-30446,20440,-101893,32098,32544,-436,0,0,0,0,11124,-59133,29923,15822,-3188,77561,13011,-86331,29537,-34428,-98887,-30159,-26316,0,0,0,0,-3313,29008,-75009,-8117,-5746,-27363,60200,0,0,0,0,3784,-24564,111,-1428,-11363,-60595,0,0,0,0,29513,-27329,52386,-98515,-32641,48703,-40123,30753,15519,15691,-93958,-14265,32140,-38721,10024,0,0,0,0,0,0,0,0,68330,77489,-9683,-22317,-89035,-65531,3707,32213,22039,0,0,0,0,-22723,0,0,0,0,0,0,0,0,348,-97777,-10220,6530,-2221,362,-5983,-80254,10276,-71006,3371,1856,-16008,43570,5609,17535,-11008,-3250,0,0,0,0,-13139,46529,-26949,14339,4936,15773,-15514,-16762,17622,16928,27789,13624
-7354,-5865,0,-5531,0,0,0,0,12197,0,-5993,0,0,0,6916,-5401,0,0,0,0,0,0,0,0,0,0,0,0,0,0,0,0,0,0,0,8573,0,1383,-5661,0,0,-20990,0,0,0,0,0,25340,0,0,4775,0,0,0,0,0,17834,0,0,0,0,0,-11865,0,23930,0,-10339,0,0,0,-9514,0,-702,0,-4695,0,0,0,-14757,0,-17329,0,0,0,16193,0,0,0,0,1993,3036,0,0,5031,21636,-7382,0,0,0,0,0,18834,0,4748,0,0,2739,-172,0,15591,0,-17524,0,0,0,0,0,0,0,0,0,0,0,0,0,0,0,0,0,4727,1065,-11326,-28691,-6101,0,0,0,0,108,6898,0,0,0,0,0,0,0,0,-36944,-2809,1290,0,0,0,146,6205,0,0,0,0,5622,-18117,-400,0,0,11908,8741,0,0,13592,0,0,0,0,0,-8482,-30333,-16308,-16663,-3440,0,0,-2241,-3196,30669,5663,0,0,0,0,0,0,-45144,-866,0,0,0,0,1634,0,0,0,0,-6294,-36457,0,0,0,900,-15647,0,-787,-26357,28451,6771,0,0,-54975,-770,0,0,0,0,0,0,0,0,0,0,-8589,-46977,1,1573,31766,4670,0,-22444,-1389,0,0,0,0,0,0,0,0,0,16014,615,0,-17603,0,0,37711,0,0,-1,-170,0,0,0,0,0,0,0,0,0,0,-4082,0,0,0,-38874,0,0,0,-181,-34371,-9317,-20924,8011,7606,0,-19017,-1189,0,0,0,0,-4129,0,0,-46368,-58957,-35198,-13561,0,0,0,0,0,5854,11855,0,0,0,0,-14871,-261,0,58396,35965,0,18840,0,0,0,0,0,0,0,0,0,0,0,0,0,1281,-37462,-4251,0,0,0,0,0,36562,26951,0,0,0,0,0,0,0,0,3741,25401,0,0,0,-4290,-813,0,-11405,0,0,0,8907,46389,0,0,0,0,0,0,0,0,0,0,0,21410,0,0,0,0,-1746,-2769,0,0,0,0,-2157,0,0,0,0,0,0,0,0,17225,1043,-9379,-1530,-46672,0,0,4821,0,0,-49766,-93555,0,-514,-22121,56342,11945,0,0,0,0,0,0,0,0,83096,1570,-81919,0,-63060,29664,97222,27053,-5401
-2037,-3482,-1792,-4891,2900,2443,-5138,-578,4430,2622,1600,2582,-2732,8348,2993,408,-2980,49,0,0,0,0,0,0,0,0,0,0,0,0,-423,0,0,0,0,-7928,-1802,5309,-2428,11854,4378,3654,-2771,-4997,-7558,-3844,-5966,-8614,-7795,4952,3913,4493,4292,1558,14556,-6169,5601,7147,-11826,7275,775,-2356,-702,-6146,-3275,-3751,2361,1870,6998,-8404,-4046,-5422,3151,7310,5785,8583,-3009,4860,-3808,-5917,9933,-10733,4717,-6095,-667,-597,-13114,-9887,-5009,5948,-9801,308,-8851,-6245,-6290,1432,-14291,3521,3704,-6269,8447,666,4373,692,710,15228,651,-1425,-2776,7469,-2127,-5735,377,0,0,0,0,6241,0,0,0,0,-2628,-19370,3001,0,0,0,0,570,-1858,-43,-6892,4464,0,0,0,0,3103,4998,-10722,1008,12407,-1170,0,0,0,0,-1068,1031,3019,2421,-891,-1996,7588,6409,0,0,0,0,-61,13785,-10511,7785,-4080,-504,1505,7282,-21858,8836,0,0,0,0,4311,19442,947,-764,17997,-2814,-8026,8693,-35205,-28274,5405,-10793,-20545,-1950,1227,36379,5521,1852,-13621,29836,-30901,504,-1792,2647,10793,0,0,0,0,26801,-14650,-12130,7302,17721,-55,4698,43743,34225,-18578,25583,-53638,-8911,-10894,12937,13025,0,0,0,0,0,0,0,0,-12525,30932,31074,18856,12685,-56431,11201,27568,-26604,-32875,-55063,3538,-53278,-15945,4614,0,0,0,0,-7036,10519,-33303,101107,-79483,16161,-698,4947,-39685,16957,57767,22402,29737,0,0,0,0,-9499,-15542,21938,13262,-68826,20970,-7930,-3101,35509,-43888,-78594,-81431,-9276,-84665,22269,-3847,-74626,6758,-30670,44039,-12900,-16723,0,0,0,0,1909,-68004,72587,107938,-23732,48487,35309,-54071,15696,-7950,40087,68395,-24105,-38189,0,0,0,0,-12557,31470,8195,31346,78570,-119055,1653,295,42221,3451,-26945,-49612,-1590,0,0,0,0,14202,-2388,29014,-5153,-44484,23566,611,0,0,0,0,34722,50060,28775,7250,6241,16207,0,0,0,0,7657,29357,-27798,149444,-96506,-235,40528,83828,-17383,-72682,8181,12478,-22232,-27370,15401,0,0,0,0,0,0,0,0,22547,53052,43881,26972,119169,13792,48173,1040,41392,0,0,0,0,7160,0,0,0,0,0,0,0,0,49827,45291,4522,-18072,-55923,6314,4923,-26865,-17502,77286,-85598,-45217,13054,-33219,-24630,70520,63234,869,0,0,0,0,-14615,-55634,39061,93520,35904,-51699,61048,-98062,22687,35620,-6733,-4310
-2037,-3482,-1792,-4891,-2900,5151,-2418,578,4430,-2622,1600,2582,6506,-5901,2993,408,2980,-49,0,0,0,0,0,0,0,0,0,0,0,0,423,0,0,0,0,-7928,1802,5309,-2428,11854,-4378,3654,2771,6857,5922,3844,-5966,-8614,7795,-4952,3913,-4493,-4292,-2638,-14400,6169,5601,-7147,11826,-7275,2460,-311,-702,6146,-3275,3751,2361,-1870,6255,-8971,-4046,5422,3151,-7310,5785,8583,-3009,4860,-3808,-5917,9933,1644,-11608,6095,-667,597,13114,9887,5009,5948,-9801,-308,-8851,-6245,-6290,1432,-11775,8830,3704,-6269,-8447,666,-4373,692,-13523,7038,824,1332,2776,7469,-2127,-5735,-377,0,0,0,0,-6241,0,0,0,0,-18128,-7312,-3001,0,0,0,0,570,1833,304,-6892,4464,0,0,0,0,-2945,5093,10722,-1008,11174,5519,0,0,0,0,-900,-1181,3019,-686,2487,1996,-7278,6759,0,0,0,0,-61,13785,-10511,7785,4080,1285,-932,-7282,21858,8836,0,0,0,0,4311,19442,-115,1212,15411,9712,11340,3372,-35205,-28274,1194,12011,20545,-403,2268,-36379,-5739,989,-13621,29836,-30901,-504,1792,-2647,10793,0,0,0,0,-30161,-4816,12130,-16589,9600,-55,4698,-43743,34225,-18578,-1320,59412,11250,-8457,13296,-12658,0,0,0,0,0,0,0,0,12525,-30932,31074,18856,12685,57262,5570,27568,26604,-39413,50589,-18900,49938,15945,-4614,0,0,0,0,-7036,7933,34012,-101107,-79483,-15765,-3625,4947,-39685,-16957,57767,22402,-29737,0,0,0,0,-13614,12101,-21938,-31814,-62456,20970,-7930,-22598,27565,-43888,78594,81431,-9276,-84665,22269,-52888,-52788,-30279,8340,-44039,-14882,14987,0,0,0,0,1909,68004,-72587,107938,-23732,59644,6351,54071,-15696,7950,-48303,-62862,-15668,-42355,0,0,0,0,-11446,-31891,-8195,84271,-7362,119055,1653,-295,-42221,-3451,-28350,48822,-1590,0,0,0,0,-12577,-7014,-29014,-5153,-44484,23566,-611,0,0,0,0,34722,50060,-26022,14263,6241,-16207,0,0,0,0,1132,30318,27798,-149444,96506,14607,-37805,83828,-17383,71563,15109,-12478,10514,-33658,-15401,0,0,0,0,0,0,0,0,-22547,-53052,43881,30745,-118251,25321,-43240,36902,18779,0,0,0,0,7160,0,0,0,0,0,0,0,0,54929,-38946,4522,-18072,-55923,6723,4348,-26865,-26800,-74574,10344,-96253,-13054,32040,-26146,90112,-29179,-869,0,0,0,0,14615,-46427,49653,93520,35904,-51699,61048,-98062,1062,42218,-6733,-4310
-999,-2814,-2348,-4930,-2063,-456,-3464,3578,-1535,376,-4629,-7249,-3203,972,2309,-425,-3006,-1285,0,0,0,0,0,0,0,0,0,0,0,0,-2179,0,0,0,0,8026,2095,2885,8778,-2549,-922,-791,-1566,5607,-7001,5420,-3303,-2832,-5449,-13566,-2133,9746,9313,11665,853,1523,-9095,-10315,-1555,-3436,-2986,13914,1610,7028,-5602,4157,3488,1079,-3391,-5165,4405,5939,6088,-316,-522,5386,-45,5825,5713,-7913,-2119,1891,-8304,-977,-2693,576,6481,-476,3293,-2327,-4474,9943,758,4174,516,1038,4505,-1332,1087,8365,-1546,2306,-5508,2939,-2988,-3186,-919,2536,5600,5672,3177,-8225,-3040,0,0,0,0,858,0,0,0,0,-8128,-2384,467,0,0,0,0,2755,1170,-3099,2770,-3542,0,0,0,0,2813,5245,-2353,-3409,-6180,4695,0,0,0,0,-5287,8602,6743,2376,9133,5822,3370,850,0,0,0,0,-3811,-19419,6907,1863,-3614,2442,-10819,12622,-6244,15776,0,0,0,0,8159,-4174,-1046,88,28205,8444,-1177,21012,-4103,-6714,-34786,-14999,-2525,-12156,-4543,5616,-13803,-17906,9162,15930,-25943,19170,-2655,-2253,4128,0,0,0,0,29550,-15999,-5890,37068,5737,-10115,2593,-2721,6160,-33678,-47895,3907,4731,-30844,-67082,-20648,0,0,0,0,0,0,0,0,13836,-15160,-53556,-51306,17050,5542,9993,3574,-19421,17663,-7420,18851,11763,-14804,14025,0,0,0,0,-10914,35505,26139,-13691,34292,803,24669,-12888,69703,43050,6213,87072,42838,0,0,0,0,-15623,8007,-765,23103,44121,25579,-76,3149,29042,-23208,12003,17179,-22871,43162,28738,-48013,-10450,44634,-9717,9779,-2024,69864,0,0,0,0,4110,32809,129681,-10026,77989,-36639,106919,-46458,36666,-79972,64193,21091,72229,-3862,0,0,0,0,-59450,22060,-30902,33663,-54266,-56749,-4259,130972,-128903,63915,63935,190310,-116330,0,0,0,0,130730,104808,156286,11419,-34041,-39128,-43114,0,0,0,0,50837,-225432,78467,-29463,-36957,84576,0,0,0,0,-91118,74488,-70783,170779,63997,30969,58849,16625,-16223,-1494,-31821,71548,8583,-41195,7688,0,0,0,0,0,0,0,0,184,-54938,29961,188456,130018,106201,-2032,60419,25231,0,0,0,0,31139,0,0,0,0,0,0,0,0,-17890,52621,13306,-53958,-6600,5700,-26593,-99532,-119687,95798,53881,-41086,6691,-59706,5092,88350,90965,-85962,0,0,0,0,-92237,-76898,-64178,36703,98030,-106476,17155,-77919,-94458,27028,-89536,-48118
-999,-2814,-2348,-4930,2063,3461,473,-3578,-1535,-376,-4629,-7249,-420,-3321,2309,-425,3006,1285,0,0,0,0,0,0,0,0,0,0,0,0,2179,0,0,0,0,8026,-2095,2885,8778,-2549,922,-791,1566,7660,-4666,-5420,-3303,-2832,5449,13566,-2133,-9746,-9313,10942,-4130,-1523,-9095,10315,1555,3436,-14228,277,1610,-7028,-5602,-4157,3488,-1079,5878,1905,4405,-5939,6088,316,-522,5386,-45,5825,5713,-7913,-2119,-7485,4063,977,-2693,-576,-6481,476,-3293,-2327,-4474,-9943,758,4174,516,1038,3884,-2643,1087,8365,1546,2306,5508,2939,4256,983,-1229,-2402,-5600,5672,3177,-8225,3040,0,0,0,0,-858,0,0,0,0,-312,-8465,-467,0,0,0,0,2755,-572,-3263,2770,-3542,0,0,0,0,-2647,5331,2353,3409,-4099,-6591,0,0,0,0,-3926,-9302,6743,9299,1608,-5822,-3326,1008,0,0,0,0,-3811,-19419,6907,1863,3614,-9589,5572,-12622,6244,15776,0,0,0,0,8159,-4174,-504,-921,29243,3417,11746,17462,-4103,-6714,-37849,1588,2525,8786,9550,-5616,16370,-15594,9162,15930,-25943,-19170,2655,2253,4128,0,0,0,0,-33204,-5165,5890,-32885,-18043,-10115,2593,2721,6160,-33678,-41001,-25062,2757,-31083,-67634,18761,0,0,0,0,0,0,0,0,-13836,15160,-53556,-51306,17050,-4527,10492,3574,19421,16614,9541,22033,-2875,14804,-14025,0,0,0,0,-10914,37406,-23338,13691,34292,-5275,24112,-12888,69703,-43050,6213,87072,-42838,0,0,0,0,-12613,-12211,765,-9973,48795,25579,-76,-22549,18572,-23208,-12003,-17179,-22871,43162,28738,24358,-42675,-7388,45078,-9779,6692,-69572,0,0,0,0,4110,-32809,-129681,-10026,77989,44570,-103864,46458,-36666,79972,4594,-67412,-46976,55002,0,0,0,0,-58640,-24131,30902,-33313,54481,56749,-4259,-130972,128903,-63915,69339,-188408,-116330,0,0,0,0,-158316,54875,-156286,11419,-34041,-39128,43114,0,0,0,0,50837,-225432,-83357,-8753,-36957,-84576,0,0,0,0,108724,45055,70783,-170779,-63997,50350,-43441,16625,-16223,4536,-31531,-71548,-23230,-35087,-7688,0,0,0,0,0,0,0,0,-184,54938,29961,192493,-123964,102371,28336,-3272,65394,0,0,0,0,31139,0,0,0,0,0,0,0,0,-11409,-54395,13306,-53958,-6600,-23248,14114,-99532,-130481,-80481,-64183,21718,-6691,59878,2315,117660,-47290,85962,0,0,0,0,92237,52847,85085,36703,98030,-106476,17155,-77919,93457,-30308,-89536,-48118
-3742,-2648,2654,-2546,2028,-547,-3062,11738,-4861,-4917,6470,-1549,6123,3044,793,4131,2105,-9,0,0,0,0,0,0,0,0,0,0,0,0,2704,0,0,0,0,-1003,-4606,3495,-3001,-4007,-2624,-2918,713,5906,-7343,-3882,-2221,802,-60,1710,-4422,781,10261,-1113,2607,1310,481,4767,7550,-5462,5761,1889,10651,10385,2872,-10961,-4675,-6075,5672,13142,-3893,2256,-10405,-3223,6412,-554,-11106,1736,-3449,-11453,-3062,-343,-1865,2620,6013,6805,-1448,-1204,-3489,-1252,-536,7852,9021,-1520,-1167,3792,2960,12550,7129,10295,2241,5834,2775,972,1786,4226,1790,263,886,9598,591,-6539,-7148,0,0,0,0,-13377,0,0,0,0,870,6804,1671,0,0,0,0,776,-4792,10818,12913,1825,0,0,0,0,-10609,-20453,14626,-12519,-8491,10404,0,0,0,0,10575,-16738,-1203,-5535,3020,4947,10873,-9142,0,0,0,0,1946,2547,-8538,-3359,2981,-13946,-13565,17428,38116,-1806,0,0,0,0,457,3126,21405,18791,-22122,31791,-21275,-12099,-11403,32304,-41228,15309,30005,16881,35406,28683,-3204,-8697,-27427,-44922,-14921,-41271,-1851,5880,-4093,0,0,0,0,-31891,21879,-1811,-27766,-76563,4103,260,-8220,15931,67628,-3294,-27798,2475,-9983,8929,-17244,0,0,0,0,0,0,0,0,-83930,-33021,2225,17293,-21482,23459,1995,2898,14221,22044,-20336,-17333,-52293,-3425,2989,0,0,0,0,2512,53399,-5404,-7409,-4825,-58480,6999,20981,-78334,-22499,-25100,59502,-31056,0,0,0,0,-7682,8412,14422,-99903,-89412,-2084,-8886,11152,-48959,-104,-26341,-3247,-164,-34828,10286,-12455,13340,19070,-58386,7324,-48320,6697,0,0,0,0,-2709,-49702,3549,635,27200,-10079,-908,-11497,-35925,-7357,68055,-82347,-20131,25574,0,0,0,0,9044,59486,29923,15822,-3188,-77561,13011,-91104,-5057,34428,98887,30159,26316,0,0,0,0,6611,-28438,-75009,-8117,-11731,25380,60200,0,0,0,0,-22344,10882,467,1354,11363,60595,0,0,0,0,-36139,-17660,-52386,96282,-38736,30651,55158,-30753,15519,6615,95029,14265,-44195,-24063,-10024,0,0,0,0,0,0,0,0,68330,77489,-9683,22317,89035,62559,19862,6004,38567,0,0,0,0,-22723,0,0,0,0,0,0,0,0,-11454,97104,-10220,-6661,-1789,5532,-2306,-80254,-10276,71006,3371,1856,16008,-43263,7625,11560,17176,3250,0,0,0,0,-13139,-33165,42324,14515,-4391,15773,15514,-16762,-5170,23882,27789,13624
-3742,-2648,2654,-2546,-2028,3059,563,-11738,-4861,4917,6470,-1549,5278,4348,793,4131,-2105,9,0,0,0,0,0,0,0,0,0,0,0,0,-2704,0,0,0,0,-1003,4606,3495,-3001,-4007,2624,-2918,-713,8037,-4919,3882,-2221,802,60,-1710,-4422,-781,-10261,-1808,-2184,-1310,481,-4767,-7550,5462,-755,-6016,10651,-10385,2872,10961,-4675,6075,-14174,-1996,-3893,-2256,-10405,3223,6412,-554,-11106,1736,-3449,-11453,-3062,-1889,173,-2620,6013,-6805,1448,1204,3489,-1252,-536,-7852,9021,-1520,-1167,3792,-7838,-10238,7129,10295,-2241,5834,-2775,972,-4551,579,1743,-485,-886,9598,591,-6539,7148,0,0,0,0,13377,0,0,0,0,6381,2517,-1671,0,0,0,0,776,2691,11522,12913,1825,0,0,0,0,9963,-20776,-14626,12519,-4221,-12748,0,0,0,0,7923,18144,-1203,2549,-5767,-4947,-11291,-8621,0,0,0,0,1946,2547,-8538,-3359,-2981,-17122,-9239,-17428,-38116,-1806,0,0,0,0,457,3126,27480,7492,-7722,-37953,12108,-21270,-11403,32304,-33043,-29022,-30005,-39156,-2305,-28683,4491,-8107,-27427,-44922,-14921,41271,1851,-5880,-4093,0,0,0,0,37381,9919,1811,68675,-43779,4103,260,8220,15931,67628,-15462,23335,-24,-10285,8442,17487,0,0,0,0,0,0,0,0,83930,33021,2225,17293,-21482,-23147,4303,2898,-14221,19369,22899,-37478,40379,3425,-2989,0,0,0,0,2512,52827,9485,7409,-4825,56232,17515,20981,-78334,22499,-25100,59502,31056,0,0,0,0,-4898,-10286,-14422,71215,-113594,-2084,-8886,26239,-42812,-104,26341,3247,-164,-34828,10286,18248,-331,-57318,22073,-7324,-47110,-12662,0,0,0,0,-2709,49702,-3549,635,27200,-8083,-6089,11497,35925,7357,101893,-32098,32544,-436,0,0,0,0,11124,-59133,-29923,4272,15564,77561,13011,91104,5057,-34428,99707,-27325,26316,0,0,0,0,3313,-29008,75009,-8117,-11731,25380,-60200,0,0,0,0,-22344,10882,-111,1428,11363,-60595,0,0,0,0,29513,-27329,52386,-96282,38736,48703,-40123,-30753,15519,-15691,93958,-14265,32140,-38721,10024,0,0,0,0,0,0,0,0,-68330,-77489,-9683,25135,-88281,65531,-3707,32213,22039,0,0,0,0,-22723,0,0,0,0,0,0,0,0,348,-97777,-10220,-6661,-1789,-362,5983,-80254,-18862,-69222,-345,3833,-16008,43570,5609,17535,-11008,-3250,0,0,0,0,13139,-46529,26949,14515,-4391,15773,15514,-16762,17622,16928,27789,13624
-2809,-2295,0,3175,0,0,0,0,6063,0,23710,0,0,0,3743,2322,0,0,0,0,0,0,0,0,0,0,0,0,0,0,0,0,0,0,0,22637,0,-9846,5142,0,0,16237,0,0,0,0,0,12116,0,0,-8685,0,0,0,0,0,-330,0,0,0,0,0,-4526,0,-851,0,-5501,0,0,0,-3416,0,-3816,0,12127,0,0,0,2873,0,-922,0,0,0,2070,0,0,0,0,7038,11557,0,0,4582,-2607,-1728,0,0,0,0,0,-5295,0,1961,0,0,9821,-616,0,9256,0,6877,0,0,0,0,0,0,0,0,0,0,0,0,0,0,0,0,0,-11663,576,-6122,7966,1694,0,0,0,0,486,31018,0,0,0,0,0,0,0,0,7629,580,-6509,0,0,0,-136,-5796,0,0,0,0,-17176,22583,499,0,0,9211,6761,0,0,-50787,0,0,0,0,0,5203,-7631,-4103,-51860,-10708,0,0,13856,19767,-51933,-9589,0,0,0,0,0,0,51918,996,0,0,0,0,66378,0,0,0,0,-733,-4245,0,0,0,46658,106704,0,-3144,-105272,50987,12134,0,0,-70282,-985,0,0,0,0,0,0,0,0,0,0,-34010,186460,-4,3996,80686,73026,0,-35975,-2226,0,0,0,0,0,0,0,0,0,-8198,-315,0,-51343,0,0,-42424,0,0,346,59270,0,0,0,0,0,0,0,0,0,0,17054,0,0,0,66276,0,0,0,85,16137,-31356,-70419,-39726,-37716,0,-53394,-3338,0,0,0,0,84868,0,0,-74744,3414,-19738,-7605,0,0,0,0,0,-3959,-8018,0,0,0,0,-7284,-128,0,69486,42796,0,61219,0,0,0,0,0,0,0,0,0,0,0,0,0,39152,-48819,-5539,0,0,0,0,0,-25547,-18832,0,0,0,0,0,0,0,0,-560,-3802,0,0,0,84872,16081,0,-56055,0,0,0,7355,38304,0,0,0,0,0,0,0,0,0,0,0,24745,0,0,0,0,-1136,-1802,0,0,0,0,16021,0,0,0,0,0,0,0,0,28470,1724,16359,-789,-24072,0,0,2592,0,0,-46174,-86802,0,-1015,-43689,26724,5666,0,0,0,0,0,0,0,0,75925,1435,-18414,0,-82260,26300,86196,42738,29407
-2726,-1784,0,-3942,-2,0,0,0,899,0,4255,0,0,0,-8220,-2264,-11786,-1779,-3075,-4876,3537,-7808,-822,-5377,-9212,18574,5616,-2526,-4240,5719,-5110,-2707,2407,6755,3470,545,521,-2536,2125,0,2044,3385,-204,0,0,0,0,-207,0,-8,2082,0,0,0,2,-248,-500,1,0,119,0,0,-333,0,4,0,-192,-326,0,0,-1864,0,2379,17,4059,0,0,0,475,0,-106,0,0,0,616,0,0,0,-30,1443,-2959,0,0,799,-2950,234,0,0,0,0,0,4054,42,2792,5,3,-2445,-7232,0,7926,0,-6907,0,5029,-9168,11864,-9297,-3295,-1778,244,2321,13119,-5248,4082,-1239,649,-1240,5763,-604,-2487,3617,-5938,-1630,-347,-953,7455,5937,-15487,140,8928,736,-336,3075,-16673,7471,-1959,2357,-24693,1642,125,3081,0,0,603,-13107,12436,6063,7075,-23436,-6199,10534,-14248,-315,0,8685,5963,9683,-3,-219,890,-11493,-45561,-22233,-3178,0,-25896,9986,-14436,-4759,5310,0,0,-10687,-15245,11495,2122,-13840,-18411,-12390,0,0,0,35693,685,0,-22764,-31193,3871,6283,23308,6051,16770,-412,-10147,50,0,-10913,-3710,29453,-12908,0,1131,37850,1251,298,-27078,-3274,22045,309,-95611,-18280,75221,36272,15232,11878,46804,-76181,-371,-5430,40581,20526,0,37148,-27698,-25276,-41279,72464,8384,0,0,-59524,0,-60574,-47231,7,56147,0,-22927,-9183,0,22385,-61273,-5617,-1988,0,0,-365,-62486,3542,25293,2981,-32387,40323,0,0,80187,2812,-397,31351,0,0,0,349,-5176,230,0,82,15603,23369,4724,-21131,-60695,-42829,-78470,-4905,43549,-18442,15165,22886,23418,34054,0,5170,43397,26693,20446,0,-35703,-181118,0,0,-9753,48931,-34909,-31106,-13219,-16932,71828,21113,0,-143411,-88326,31281,-11909,13254,96065,16140,131,-9152,0,10501,53107,-39930,52071,0,0,0,70796,-40206,-4562,0,117866,-155173,48932,35454,-25751,-18981,0,0,0,-68933,21179,50177,42192,-66606,-13464,6298,-85184,-50298,1574,-14339,64114,0,-26076,0,0,-89943,-68457,-21892,46653,36800,16023,111557,45382,-28814,-8409,114621,-27641,0,0,-68947,-2403,151203,0,0,-44336,-90569,-58090,-10568,-188625,67787,-67777,-74983,-10583,-8159,-81691,1746,-73443,-24379,93990,-49462,-153601,73232,7034,214608,0,0,25732,-14391,-235028,-36192,-68038,35066,-96486,-4470,44661,-1871,-3691,43908,-18998,22152,42725,0,0,0,124412,2351,21854,0,-34560,27954,6784,25048,-57868
