0,0,0,0,0,0,0,0,0,0,0,0,0,0,0,0,0,0,0,0,0,0,0,0,0,0,0,0,0,0,0,0,0,0,0,0,0,0,0,16220,-16220,-2234,2234,-304,304,-9,9,0,0,0,0,0,0,0,0,0,0,0,0,0,0,0,3605,-3605,4222,-4222,-1091,1091,-231,231,0,0,0,0,0,0,0,0,0,0,0,0,0,0,0,0,985,-985,0,0,-24532,24532,0,0,0,0,0,0,0,0,0,0,0,0,0,728,-728,0,0,-6674,6674,0,0,0,0,0,0,0,0,0,0,0,0,0,0,0,649,-649,3485,-3485,-16286,16286,-4447,4447,0,0,0,0,0,0,0,0,0,0,0,0,0,0,0,-4247,4247,0,0,-24181,24181,0,0,0,0,0,0,0,0,0,0,0,0,-706,706,0,0,-6676,6676,0,0,0,0,0,0,0,0,0,0,0,0,0,0,0,-1025,1025,248,-248,-4561,4561,-1016,1016,0,0,0,0,0,0,0,0,0,0,0,0,0,-16351,16351,-4732,4732,307,-307,-23,23,0,0,0,0,0,0,0,0,0,0,0,0,0,-5514,5514,-4704,4704,1091,-1091,-235,235,0,0,0,0,0,0,0,0,0,0,0,0,4247,-4247,0,0,24181,-24181,0,0,0,0,0,0,0,0,0,706,-706,0,0,6676,-6676,0,0,0,0,0,0,0,0,0,0,0,0,0,1260,-1260,3481,-3481,16285,-16285,4479,-4479,0,0,0,0,0,0,0,0,0,0,0,-985,985,0,0,24532,-24532,0,0,0,0,0,0,0,0,-728,728,0,0,6674,-6674,0,0,0,0,0,0,0,0,0,0,0,0,0,1157,-1157,234,-234,4558,-4558,1483,-1483,20616,0,93,-23776,0,3066,0,-18484,10532,0,0,4948,3004,-20616,0,-93,23776,0,-3066,0,-10532,18484,0,0,-3004,-4948,319,0,5774,-11848,0,5755,0,14501,14514,0,0,-319,0,-5774,11848,0,-5755,0,-14514,-14501,0,0,-1484,0,-22199,1489,0,22194,0,-965,978,1484,0,22199,-1489,0,-22194,0,-978,965,-376,0,-5697,-396,0,6469,0,376,0,5697,396,0,-6469,0
0,0,0,0,0,0,0,0,0,0,0,0,0,0,0,0,0,0,0,0,0,0,0,0,0,0,0,0,0,0,0,0,0,0,0,0,0,0,0,2641,-2641,-2951,2951,-2428,2428,-14145,14145,0,0,0,0,0,0,0,0,0,0,0,0,0,0,0,2548,-2548,-8660,8660,1950,-1950,-3507,3507,0,0,0,0,0,0,0,0,0,0,0,0,0,0,0,0,3633,-3633,0,0,-3413,3413,0,0,0,0,0,0,0,0,0,0,0,0,0,-22589,22589,0,0,10618,-10618,0,0,0,0,0,0,0,0,0,0,0,0,0,0,0,-1240,1240,-3431,3431,-2304,2304,8591,-8591,0,0,0,0,0,0,0,0,0,0,0,0,0,0,0,2826,-2826,0,0,-4107,4107,0,0,0,0,0,0,0,0,0,0,0,0,-19819,19819,0,0,15173,-15173,0,0,0,0,0,0,0,0,0,0,0,0,0,0,0,2032,-2032,-14140,14140,2328,-2328,1952,-1952,0,0,0,0,0,0,0,0,0,0,0,0,0,-2386,2386,1876,-1876,-3637,3637,14209,-14209,0,0,0,0,0,0,0,0,0,0,0,0,0,1140,-1140,8585,-8585,-2369,2369,4431,-4431,0,0,0,0,0,0,0,0,0,0,0,0,-2826,2826,0,0,4107,-4107,0,0,0,0,0,0,0,0,0,19819,-19819,0,0,-15173,15173,0,0,0,0,0,0,0,0,0,0,0,0,0,-2449,2449,4507,-4507,2723,-2723,-8654,8654,0,0,0,0,0,0,0,0,0,0,0,-3633,3633,0,0,3413,-3413,0,0,0,0,0,0,0,0,22589,-22589,0,0,-10618,10618,0,0,0,0,0,0,0,0,0,0,0,0,0,-2287,2287,14215,-14215,3736,-3736,-2876,2876,6478,0,-109,-374,0,-5995,0,5442,9921,0,0,-9605,-5757,-6478,0,109,374,0,5995,0,-9921,-5442,0,0,5757,9605,-12642,0,-18433,10862,0,20213,0,14869,-10390,0,0,12642,0,18433,-10862,0,-20213,0,10390,-14869,0,0,-2075,0,1592,-7962,0,8445,0,-10706,-14553,2075,0,-1592,7962,0,-8445,0,14553,10706,-18559,0,10987,20087,0,-12516,0,18559,0,-10987,-20087,0,12516,0
0,0,0,0,0,0,0,0,0,0,0,0,0,0,0,0,0,0,0,0,0,0,0,0,0,0,0,0,0,0,0,0,0,0,0,0,0,0,0,-1006,1006,2157,-2157,3812,-3812,-1882,1882,0,0,0,0,0,0,0,0,0,0,0,0,0,0,0,-1753,1753,7029,-7029,15196,-15196,2667,-2667,0,0,0,0,0,0,0,0,0,0,0,0,0,0,0,0,22628,-22628,0,0,3795,-3795,0,0,0,0,0,0,0,0,0,0,0,0,0,-2025,2025,0,0,-10831,10831,0,0,0,0,0,0,0,0,0,0,0,0,0,0,0,5763,-5763,-783,783,933,-933,-7240,7240,0,0,0,0,0,0,0,0,0,0,0,0,0,0,0,22918,-22918,0,0,-1097,1097,0,0,0,0,0,0,0,0,0,0,0,0,-4279,4279,0,0,-10154,10154,0,0,0,0,0,0,0,0,0,0,0,0,0,0,0,15331,-15331,-2121,2121,703,-703,-5221,5221,0,0,0,0,0,0,0,0,0,0,0,0,0,798,-798,-1771,1771,-4713,4713,2332,-2332,0,0,0,0,0,0,0,0,0,0,0,0,0,-1248,1248,-7002,7002,-15258,15258,3847,-3847,0,0,0,0,0,0,0,0,0,0,0,0,-22918,22918,0,0,1097,-1097,0,0,0,0,0,0,0,0,0,4279,-4279,0,0,10154,-10154,0,0,0,0,0,0,0,0,0,0,0,0,0,-2762,2762,397,-397,-871,871,6790,-6790,0,0,0,0,0,0,0,0,0,0,0,-22628,22628,0,0,-3795,3795,0,0,0,0,0,0,0,0,2025,-2025,0,0,10831,-10831,0,0,0,0,0,0,0,0,0,0,0,0,0,-15123,15123,2094,-2094,198,-198,-1293,1293,-3712,0,23236,-1254,0,-18270,0,-5446,-7053,0,0,-7315,19814,3712,0,-23236,1254,0,18270,0,7053,5446,0,0,-19814,7315,9881,0,-3191,-9242,0,2553,0,1074,-2681,0,0,-9881,0,3191,9242,0,-2553,0,2681,-1074,0,0,20007,0,1975,-21499,0,-483,0,11687,-15442,-20007,0,-1975,21499,0,483,0,15442,-11687,2518,0,-14951,8262,0,4172,0,-2518,0,14951,-8262,0,-4172,0
0,0,0,0,0,0,0,0,0,0,0,0,0,0,0,0,0,0,0,0,0,0,0,0,0,0,0,0,0,0,0,0,0,0,0,0,0,0,0,3915,-3915,-4145,4145,3875,-3875,9097,-9097,0,0,0,0,0,0,0,0,0,0,0,0,0,0,0,3603,-3603,-12007,12007,7106,-7106,4009,-4009,0,0,0,0,0,0,0,0,0,0,0,0,0,0,0,0,11029,-11029,0,0,-4471,4471,0,0,0,0,0,0,0,0,0,0,0,0,0,11531,-11531,0,0,19320,-19320,0,0,0,0,0,0,0,0,0,0,0,0,0,0,0,-604,604,3317,-3317,-3871,3871,11849,-11849,0,0,0,0,0,0,0,0,0,0,0,0,0,0,0,9828,-9828,0,0,-6711,6711,0,0,0,0,0,0,0,0,0,0,0,0,15371,-15371,0,0,16430,-16430,0,0,0,0,0,0,0,0,0,0,0,0,0,0,0,6796,-6796,9049,-9049,-2970,2970,1855,-1855,0,0,0,0,0,0,0,0,0,0,0,0,0,-3562,3562,2546,-2546,-28,28,-8891,8891,0,0,0,0,0,0,0,0,0,0,0,0,0,1510,-1510,11897,-11897,-6840,6840,-1027,1027,0,0,0,0,0,0,0,0,0,0,0,0,-9828,9828,0,0,6711,-6711,0,0,0,0,0,0,0,0,0,-15371,15371,0,0,-16430,16430,0,0,0,0,0,0,0,0,0,0,0,0,0,-4508,4508,-1718,1718,3606,-3606,-12055,12055,0,0,0,0,0,0,0,0,0,0,0,-11029,11029,0,0,4471,-4471,0,0,0,0,0,0,0,0,-11531,11531,0,0,-19320,19320,0,0,0,0,0,0,0,0,0,0,0,0,0,-7149,7149,-8939,8939,-877,877,-4837,4837,9326,0,5273,-865,0,-13734,0,7317,13977,0,0,-16858,-4436,-9326,0,-5273,865,0,13734,0,-13977,-7317,0,0,4436,16858,-17613,0,13581,14966,0,-10935,0,-4682,11342,0,0,17613,0,-13581,-14966,0,10935,0,-11342,4682,0,0,12687,0,-8279,-6320,0,1912,0,14223,1801,-12687,0,8279,6320,0,-1912,0,-1801,-14223,14726,0,13821,-9790,0,-18758,0,-14726,0,-13821,9790,0,18758,0
167,167,4217,4217,167,4217,4217,167,167,167,4217,4217,167,4217,4217,167,-4673,-4673,-4673,-4673,-4673,-4673,-4673,-4673,576,4727,776,2755,570,2755,776,570,-11663,776,2755,570,2755,776,570,-1342,-1342,-2487,-2487,-2487,-2487,-1342,-1342,4727,576,2755,776,570,776,2755,570,-11663,2755,776,570,776,2755,570,-2487,-2487,-1342,-1342,-1342,-1342,-2487,-2487,1387,827,5171,2755,-7628,5747,1387,1387,2755,5747,2755,-4637,5171,1387,13283,13283,-3035,-3035,-10481,-10481,-3035,-3035,1387,827,2755,5747,-7628,1387,2755,1387,5747,2755,5171,-4637,1387,-3035,-3035,13283,13283,-3035,-3035,-10481,-10481,570,570,576,776,776,4727,570,570,2755,2755,776,776,-11663,-2487,-2487,-2487,-2487,-1342,-1342,-1342,-1342,1387,-7628,1387,827,5171,2755,2755,1387,-4637,5171,1387,5747,2755,-10481,-10481,-3035,-3035,13283,13283,-3035,-3035,1387,-7628,1387,827,2755,1387,2755,5171,-4637,1387,5747,2755,-3035,-3035,-10481,-10481,-3035,-3035,13283,13283,570,570,776,776,4727,576,570,570,776,776,-11663,2755,2755,-1342,-1342,-1342,-1342,-2487,-2487,-2487,-2487,-11663,776,570,776,570,576,4727,776,2755,570,2755,776,570,-1342,-1342,-2487,-2487,-2487,-2487,-1342,-1342,-11663,776,570,776,570,4727,576,2755,776,570,776,2755,570,-2487,-2487,-1342,-1342,-1342,-1342,-2487,-2487,1387,-4637,1387,1387,827,5171,2755,-7628,5747,1387,13283,13283,-3035,-3035,-10481,-10481,-3035,-3035,1387,-4637,1387,1387,827,2755,5747,-7628,1387,-3035,-3035,13283,13283,-3035,-3035,-10481,-10481,570,570,776,776,-11663,570,570,576,776,776,4727,-2487,-2487,-2487,-2487,-1342,-1342,-1342,-1342,1387,-4637,1387,1387,-7628,1387,827,5171,2755,-10481,-10481,-3035,-3035,13283,13283,-3035,-3035,1387,-4637,1387,1387,-7628,1387,827,2755,-3035,-3035,-10481,-10481,-3035,-3035,13283,13283,570,570,776,776,-11663,570,570,776,776,4727,576,-1342,-1342,-1342,-1342,-2487,-2487,-2487,-2487,-3474,-1768,-3474,-3474,-1768,-3474,-19139,2671,2671,18031,18031,2671,2671,-3474,-1768,-3474,-3474,-1768,-3474,-19139,2671,2671,18031,18031,2671,2671,-3474,-1768,-3474,-3474,-1768,-3474,-19139,2671,2671,18031,18031,-3474,-1768,-3474,-3474,-1768,-3474,-19139,2671,2671,18031,18031,-3474,-1768,-3474,-3474,-1768,-3474,-19139,2671,2671,-3474,-1768,-3474,-3474,-1768,-3474,-19139,2671,2671,-3474,-1768,-3474,-3474,-1768,-3474,-19139,-3474,-1768,-3474,-3474,-1768,-3474,-19139
-6181,6181,948,-785,581,-948,785,-581,-6181,6181,948,-785,581,-948,785,-581,-5816,-5816,4816,4816,5816,5816,-4816,-4816,4837,-11326,11522,-3099,304,-3263,10818,-43,-6122,11522,-3099,304,-3263,10818,-43,-466,-466,-5938,-5938,-6508,-6508,585,585,11326,-4837,3263,-10818,43,-11522,3099,-304,6122,3263,-10818,43,-11522,3099,-304,6508,6508,-585,-585,466,466,5938,5938,1414,3915,-483,1170,5498,646,-4223,1414,3263,61,1170,-2122,-5134,-4223,1016,1016,10652,10652,2539,2539,-10019,-10019,-2241,-3241,-572,-646,-4553,4567,-3099,-2241,61,-572,5134,1757,4567,-12744,-12744,-841,-841,12220,12220,-2103,-2103,-1858,1833,-455,-4792,2691,1065,-1858,1833,1170,-572,-4792,2691,576,3617,3617,-2446,-2446,5584,5584,-5595,-5595,-1414,-5498,4223,-3915,483,-1170,-3263,-1414,2122,5134,4223,-61,-1170,-2539,-2539,10019,10019,-1016,-1016,-10652,-10652,2241,4553,-4567,3241,572,2241,3099,-5134,-1757,-4567,-61,572,-12220,-12220,2103,2103,12744,12744,841,841,-1833,1858,4792,-2691,-1065,455,-1833,1858,4792,-2691,-576,-1170,572,-5584,-5584,5595,5595,-3617,-3617,2446,2446,-6122,11522,304,10818,-43,4837,-11326,11522,-3099,304,-3263,10818,-43,-466,-466,-5938,-5938,-6508,-6508,585,585,6122,-10818,43,-11522,-304,11326,-4837,3263,-10818,43,-11522,3099,-304,6508,6508,-585,-585,466,466,5938,5938,1414,-2122,-4223,1414,3915,-483,1170,5498,646,-4223,1016,1016,10652,10652,2539,2539,-10019,-10019,-2241,1757,4567,-2241,-3241,-572,-646,-4553,4567,-12744,-12744,-841,-841,12220,12220,-2103,-2103,-1858,1833,-4792,2691,576,-1858,1833,-455,-4792,2691,1065,3617,3617,-2446,-2446,5584,5584,-5595,-5595,-1414,2122,4223,-1414,-5498,4223,-3915,483,-1170,-2539,-2539,10019,10019,-1016,-1016,-10652,-10652,2241,-1757,-4567,2241,4553,-4567,3241,572,-12220,-12220,2103,2103,12744,12744,841,841,-1833,1858,4792,-2691,-576,-1833,1858,4792,-2691,-1065,455,-5584,-5584,5595,5595,-3617,-3617,2446,2446,-3189,-12172,-9550,-3189,-12172,-9550,9339,434,434,0,0,4612,4612,-3189,-12172,-9550,-3189,-12172,-9550,9339,434,434,0,0,4612,4612,1433,10079,9115,1433,10079,9115,-7733,-4612,-4612,0,0,1433,10079,9115,1433,10079,9115,-7733,-4612,-4612,0,0,3189,12172,9550,3189,12172,9550,-9339,-434,-434,3189,12172,9550,3189,12172,9550,-9339,-434,-434,-1433,-10079,-9115,-1433,-10079,-9115,7733,-1433,-10079,-9115,-1433,-10079,-9115,7733
-581,581,-785,-948,-6181,785,948,6181,-581,581,-785,-948,-6181,785,948,6181,4816,4816,5816,5816,-4816,-4816,-5816,-5816,455,-1065,-2691,-1170,-1833,572,4792,1858,-576,-2691,-1170,-1833,572,4792,1858,5595,5595,-3617,-3617,2446,2446,-5584,-5584,1065,-455,-572,-4792,-1858,2691,1170,1833,576,-572,-4792,-1858,2691,1170,1833,-2446,-2446,5584,5584,-5595,-5595,3617,3617,4567,-3241,5134,-3099,-4553,61,-2241,4567,-572,-646,-3099,1757,-483,-2241,-841,-841,12220,12220,-2103,-2103,-12744,-12744,4223,-3915,-3263,-61,-5498,-1414,-1170,4223,-646,-3263,483,2122,-1414,10019,10019,-1016,-1016,-10652,-10652,-2539,-2539,-43,304,4837,10818,11522,-11326,-43,304,-3099,-3263,10818,11522,-6122,-5938,-5938,-6508,-6508,585,585,-466,-466,-4567,4553,2241,3241,-5134,3099,572,-4567,-1757,483,2241,646,3099,2103,2103,12744,12744,841,841,-12220,-12220,-4223,5498,1414,3915,3263,-4223,1170,-483,-2122,1414,646,3263,10652,10652,2539,2539,-10019,-10019,1016,1016,-304,43,-10818,-11522,11326,-4837,-304,43,-10818,-11522,6122,3099,3263,-585,-585,466,466,5938,5938,6508,6508,-576,-2691,-1833,4792,1858,455,-1065,-2691,-1170,-1833,572,4792,1858,5595,5595,-3617,-3617,2446,2446,-5584,-5584,576,-4792,-1858,2691,1833,1065,-455,-572,-4792,-1858,2691,1170,1833,-2446,-2446,5584,5584,-5595,-5595,3617,3617,4567,1757,-2241,4567,-3241,5134,-3099,-4553,61,-2241,-841,-841,12220,12220,-2103,-2103,-12744,-12744,4223,2122,-1414,4223,-3915,-3263,-61,-5498,-1414,10019,10019,-1016,-1016,-10652,-10652,-2539,-2539,-43,304,10818,11522,-6122,-43,304,4837,10818,11522,-11326,-5938,-5938,-6508,-6508,585,585,-466,-466,-4567,-1757,2241,-4567,4553,2241,3241,-5134,3099,2103,2103,12744,12744,841,841,-12220,-12220,-4223,-2122,1414,-4223,5498,1414,3915,3263,10652,10652,2539,2539,-10019,-10019,1016,1016,-304,43,-10818,-11522,6122,-304,43,-10818,-11522,11326,-4837,-585,-585,466,466,5938,5938,6508,6508,9115,10079,1433,9115,10079,1433,-7733,-4612,-4612,0,0,434,434,9115,10079,1433,9115,10079,1433,-7733,-4612,-4612,0,0,434,434,9550,12172,3189,9550,12172,3189,-9339,-434,-434,0,0,9550,12172,3189,9550,12172,3189,-9339,-434,-434,0,0,-9115,-10079,-1433,-9115,-10079,-1433,7733,4612,4612,-9115,-10079,-1433,-9115,-10079,-1433,7733,4612,4612,-9550,-12172,-3189,-9550,-12172,-3189,9339,-9550,-12172,-3189,-9550,-12172,-3189,9339
-288,-288,0,0,-1355,0,0,-1355,288,288,0,0,1355,0,0,1355,0,0,0,0,0,0,0,0,-7111,-6101,1825,4363,4464,-3542,3587,4464,1694,3587,-3542,-6882,4363,1825,-6882,1575,1575,-347,-347,-347,-347,1575,1575,-6101,-7111,4363,1825,4464,3587,-3542,4464,1694,-3542,3587,-6882,1825,4363,-6882,-347,-347,1575,1575,1575,1575,-347,-347,-10522,0,0,1089,0,0,6981,10522,-4363,0,-1089,0,0,-6981,0,0,0,0,0,0,0,0,-10522,0,1089,0,0,6981,-4363,10522,0,-1089,0,0,-6981,0,0,0,0,0,0,0,0,-4479,-4479,-33439,12539,12539,-28691,-6892,-6892,2770,2770,12913,12913,7966,-1630,-1630,-1630,-1630,7407,7407,7407,7407,12452,0,2096,0,0,2770,3542,-12452,0,0,-2096,0,-2770,0,0,0,0,0,0,0,0,12452,0,2096,0,2770,-12452,3542,0,0,-2096,0,-2770,0,0,0,0,0,0,0,0,-4479,-4479,12913,12913,-28691,-33439,-6892,-6892,12539,12539,7966,1089,1089,7407,7407,7407,7407,-1630,-1630,-1630,-1630,-1694,-1825,6882,-3587,6882,7111,6101,-3587,3542,-4464,-4363,-1825,-4464,-1575,-1575,347,347,347,347,-1575,-1575,-1694,-1825,6882,-3587,6882,6101,7111,3542,-3587,-4464,-1825,-4363,-4464,347,347,-1575,-1575,-1575,-1575,347,347,12452,0,2096,-12452,0,0,-2770,0,0,-2096,0,0,0,0,0,0,0,0,12452,0,2096,-12452,0,-2770,0,0,-2096,0,0,0,0,0,0,0,0,6892,6892,-12539,-12539,-7966,4479,4479,33439,-12913,-12913,28691,1630,1630,1630,1630,-7407,-7407,-7407,-7407,-10522,0,6981,10522,0,-6981,0,0,-1089,0,0,0,0,0,0,0,0,-10522,0,6981,10522,0,-6981,0,-1089,0,0,0,0,0,0,0,0,6892,6892,-12913,-12913,-7966,4479,4479,-12539,-12539,28691,33439,-7407,-7407,-7407,-7407,1630,1630,1630,1630,78,0,367,-78,0,-367,0,612,-612,0,0,2876,-2876,78,0,367,-78,0,-367,0,-612,612,0,0,-2876,2876,78,0,367,-78,0,-367,0,2876,-2876,0,0,78,0,367,-78,0,-367,0,-2876,2876,0,0,78,0,367,-78,0,-367,0,-612,612,78,0,367,-78,0,-367,0,612,-612,78,0,367,-78,0,-367,0,78,0,367,-78,0,-367,0
1355,1355,0,0,-288,0,0,-288,-1355,-1355,0,0,288,0,0,288,0,0,0,0,0,0,0,0,33439,28691,-12913,-1089,6892,-2770,-12539,6892,-7966,-12539,-2770,4479,-1089,-12913,4479,-7407,-7407,1630,1630,1630,1630,-7407,-7407,28691,33439,-1089,-12913,6892,-12539,-2770,6892,-7966,-2770,-12539,4479,-12913,-1089,4479,1630,1630,-7407,-7407,-7407,-7407,1630,1630,-6981,0,0,4363,0,0,-10522,6981,1089,0,-4363,0,0,10522,0,0,0,0,0,0,0,0,-6981,0,4363,0,0,-10522,1089,6981,0,-4363,0,0,10522,0,0,0,0,0,0,0,0,-6882,-6882,-7111,3587,3587,-6101,4464,4464,-3542,-3542,1825,1825,1694,-347,-347,-347,-347,1575,1575,1575,1575,-2096,0,12452,0,0,-3542,2770,2096,0,0,-12452,0,3542,0,0,0,0,0,0,0,0,-2096,0,12452,0,-3542,2096,2770,0,0,-12452,0,3542,0,0,0,0,0,0,0,0,-6882,-6882,1825,1825,-6101,-7111,4464,4464,3587,3587,1694,4363,4363,1575,1575,1575,1575,-347,-347,-347,-347,7966,12913,-4479,12539,-4479,-33439,-28691,12539,2770,-6892,1089,12913,-6892,7407,7407,-1630,-1630,-1630,-1630,7407,7407,7966,12913,-4479,12539,-4479,-28691,-33439,2770,12539,-6892,12913,1089,-6892,-1630,-1630,7407,7407,7407,7407,-1630,-1630,-2096,0,12452,2096,0,0,3542,0,0,-12452,0,0,0,0,0,0,0,0,-2096,0,12452,2096,0,3542,0,0,-12452,0,0,0,0,0,0,0,0,-4464,-4464,-3587,-3587,-1694,6882,6882,7111,-1825,-1825,6101,347,347,347,347,-1575,-1575,-1575,-1575,-6981,0,-10522,6981,0,10522,0,0,-4363,0,0,0,0,0,0,0,0,-6981,0,-10522,6981,0,10522,0,-4363,0,0,0,0,0,0,0,0,-4464,-4464,-1825,-1825,-1694,6882,6882,-3587,-3587,6101,7111,-1575,-1575,-1575,-1575,347,347,347,347,-367,0,78,367,0,-78,0,-2876,2876,0,0,612,-612,-367,0,78,367,0,-78,0,2876,-2876,0,0,-612,612,-367,0,78,367,0,-78,0,612,-612,0,0,-367,0,78,367,0,-78,0,-612,612,0,0,-367,0,78,367,0,-78,0,2876,-2876,-367,0,78,367,0,-78,0,-2876,2876,-367,0,78,367,0,-78,0,-367,0,78,367,0,-78,0
0,0,0,0,0,0,0,0,0,0,0,0,0,0,0,0,-1553,1553,-837,837,-6290,6290,-1041,1041,0,0,0,0,0,0,0,0,0,0,0,0,0,0,0,-48,48,1434,-1434,-14180,14180,-4405,4405,0,0,0,0,0,0,0,0,0,0,0,0,0,0,0,-1353,1353,678,-678,-3022,3022,-14357,14357,0,0,0,0,0,0,0,0,0,0,0,0,0,0,-7749,7749,3180,-3180,-21796,21796,-2487,2487,0,0,0,0,0,0,0,0,0,0,0,0,0,19071,-19071,1490,-1490,-4437,4437,-4629,4629,0,0,0,0,0,0,0,0,0,0,0,0,0,-953,953,10733,-10733,-1824,1824,601,-601,0,0,0,0,0,0,0,0,0,0,0,0,0,-15792,15792,-3112,3112,26318,-26318,2572,-2572,0,0,0,0,0,0,0,0,0,0,0,0,-18944,18944,-4371,4371,4949,-4949,2956,-2956,0,0,0,0,0,0,0,0,0,0,0,0,0,82,-82,3701,-3701,-10493,10493,1040,-1040,0,0,0,0,0,0,0,0,0,0,0,0,0,-1116,1116,-4664,4664,-10093,10093,3625,-3625,0,0,0,0,0,0,0,0,0,0,0,0,0,-4640,4640,-1305,1305,-1693,1693,10340,-10340,0,0,0,0,0,0,0,0,0,0,22594,-22594,-3112,3112,-16322,16322,2572,-2572,0,0,0,0,0,0,0,0,0,-18944,18944,6511,-6511,4949,-4949,-1679,1679,0,0,0,0,0,0,0,0,0,0,0,-5040,5040,-13964,13964,-2892,2892,-1382,1382,0,0,0,0,0,0,0,0,0,6380,-6380,3180,-3180,33810,-33810,-2487,2487,0,0,0,0,0,0,0,0,19071,-19071,-702,702,-4437,4437,6994,-6994,0,0,0,0,0,0,0,0,0,0,0,-1247,1247,-4329,4329,-13780,13780,-5057,5057,1424,-996,1880,-2317,6161,-2772,4198,-930,-279,10481,-6330,-1009,-199,-1424,996,-1880,2317,-6161,2772,-4198,279,930,6330,-10481,199,1009,3230,800,13816,-3711,1984,-14297,2262,-2773,2121,2510,-273,-3230,-800,-13816,3711,-1984,14297,-2262,-2121,2773,273,-2510,-4134,9577,63,519,11344,-3678,17002,-2852,-2042,4134,-9577,-63,-519,-11344,3678,-17002,2042,2852,-14356,1255,3171,13757,2207,-3770,2814,14356,-1255,-3171,-13757,-2207,3770,-2814
0,0,0,0,0,0,0,0,0,0,0,0,0,0,0,0,4842,-4842,3979,-3979,-1884,1884,962,-962,0,0,0,0,0,0,0,0,0,0,0,0,0,0,0,-724,724,-1829,1829,-1747,1747,-842,842,0,0,0,0,0,0,0,0,0,0,0,0,0,0,0,1532,-1532,-1599,1599,-92,92,-1843,1843,0,0,0,0,0,0,0,0,0,0,0,0,0,0,-27691,27691,-3069,3069,2825,-2825,11985,-11985,0,0,0,0,0,0,0,0,0,0,0,0,0,5497,-5497,-16698,16698,14710,-14710,9928,-9928,0,0,0,0,0,0,0,0,0,0,0,0,0,7455,-7455,11377,-11377,-3246,3246,-2730,2730,0,0,0,0,0,0,0,0,0,0,0,0,0,11352,-11352,2745,-2745,20687,-20687,-12063,12063,0,0,0,0,0,0,0,0,0,0,0,0,-5891,5891,13752,-13752,-14557,14557,4999,-4999,0,0,0,0,0,0,0,0,0,0,0,0,0,1201,-1201,2694,-2694,-11448,11448,-7651,7651,0,0,0,0,0,0,0,0,0,0,0,0,0,4355,-4355,17185,-17185,-5525,5525,1563,-1563,0,0,0,0,0,0,0,0,0,0,0,0,0,17156,-17156,4583,-4583,-1320,1320,5556,-5556,0,0,0,0,0,0,0,0,0,0,-18601,18601,2745,-2745,-14245,14245,-12063,12063,0,0,0,0,0,0,0,0,0,-5891,5891,-21339,21339,-14557,14557,-4098,4098,0,0,0,0,0,0,0,0,0,0,0,11233,-11233,3978,-3978,1833,-1833,3452,-3452,0,0,0,0,0,0,0,0,0,17994,-17994,-3069,3069,-2674,2674,11985,-11985,0,0,0,0,0,0,0,0,5497,-5497,10361,-10361,14710,-14710,-14196,14196,0,0,0,0,0,0,0,0,0,0,0,2429,-2429,289,-289,4176,-4176,11363,-11363,-7501,-9125,-759,10284,-6981,3541,-13090,3432,336,-3953,-8990,2258,1510,7501,9125,759,-10284,6981,-3541,13090,-336,-3432,8990,3953,-1510,-2258,-9679,-6070,5354,11965,-7165,-3068,-10755,815,2281,-6603,-4032,9679,6070,-5354,-11965,7165,3068,10755,-2281,-815,4032,6603,1609,5889,-9433,-2691,378,8351,5093,-359,-1107,-1609,-5889,9433,2691,-378,-8351,-5093,1107,359,-3935,664,-10546,4488,-3864,11098,-2600,3935,-664,10546,-4488,3864,-11098,2600
0,0,0,0,0,0,0,0,0,0,0,0,0,0,0,0,-1929,1929,3903,-3903,771,-771,-4920,4920,0,0,0,0,0,0,0,0,0,0,0,0,0,0,0,-3215,3215,11318,-11318,-8172,8172,-1352,1352,0,0,0,0,0,0,0,0,0,0,0,0,0,0,0,-11385,11385,2695,-2695,-2852,2852,-7980,7980,0,0,0,0,0,0,0,0,0,0,0,0,0,0,11081,-11081,14710,-14710,-1063,1063,11994,-11994,0,0,0,0,0,0,0,0,0,0,0,0,0,-2252,2252,-30522,30522,-5861,5861,-8030,8030,0,0,0,0,0,0,0,0,0,0,0,0,0,5937,-5937,6017,-6017,-2202,2202,-613,613,0,0,0,0,0,0,0,0,0,0,0,0,0,-4486,4486,-15028,15028,-8340,8340,-11594,11594,0,0,0,0,0,0,0,0,0,0,0,0,2409,-2409,3154,-3154,5799,-5799,32931,-32931,0,0,0,0,0,0,0,0,0,0,0,0,0,2418,-2418,971,-971,-6174,6174,-5706,5706,0,0,0,0,0,0,0,0,0,0,0,0,0,1768,-1768,3743,-3743,11148,-11148,-2337,2337,0,0,0,0,0,0,0,0,0,0,0,0,0,3940,-3940,232,-232,3430,-3430,-11008,11008,0,0,0,0,0,0,0,0,0,0,7361,-7361,-15028,15028,5737,-5737,-11594,11594,0,0,0,0,0,0,0,0,0,2409,-2409,-6786,6786,5799,-5799,-21788,21788,0,0,0,0,0,0,0,0,0,0,0,-13382,13382,9045,-9045,2780,-2780,-3076,3076,0,0,0,0,0,0,0,0,0,-7205,7205,14710,-14710,967,-967,11994,-11994,0,0,0,0,0,0,0,0,-2252,2252,20498,-20498,-5861,5861,14104,-14104,0,0,0,0,0,0,0,0,0,0,0,-3864,3864,1955,-1955,9150,-9150,-13281,13281,-9276,3647,10441,8168,2770,-11550,5215,768,-2269,1547,3609,-2665,1164,9276,-3647,-10441,-8168,-2770,11550,-5215,2269,-768,-3609,-1547,-1164,2665,5433,-9290,-602,-3190,-3691,2845,-10550,1818,1218,1360,-11791,-5433,9290,602,3190,3691,-2845,10550,-1218,-1818,11791,-1360,-10774,-2380,-8500,11217,-185,8944,-2085,-1614,2214,10774,2380,8500,-11217,185,-8944,2085,-2214,1614,310,10403,2898,-3137,5962,-5725,13300,-310,-10403,-2898,3137,-5962,5725,-13300
0,0,0,0,0,0,0,0,0,0,0,0,0,0,0,0,-3765,3765,3463,-3463,-224,224,4188,-4188,0,0,0,0,0,0,0,0,0,0,0,0,0,0,0,-3622,3622,14074,-14074,7789,-7789,1427,-1427,0,0,0,0,0,0,0,0,0,0,0,0,0,0,0,-14064,14064,3701,-3701,2589,-2589,7641,-7641,0,0,0,0,0,0,0,0,0,0,0,0,0,0,17454,-17454,-12797,12797,-7316,7316,10295,-10295,0,0,0,0,0,0,0,0,0,0,0,0,0,831,-831,-6451,6451,-11368,11368,18794,-18794,0,0,0,0,0,0,0,0,0,0,0,0,0,-15487,15487,7123,-7123,-2295,2295,3973,-3973,0,0,0,0,0,0,0,0,0,0,0,0,0,-11804,11804,12515,-12515,-8009,8009,-10636,10636,0,0,0,0,0,0,0,0,0,0,0,0,-525,525,17875,-17875,11386,-11386,-11664,11664,0,0,0,0,0,0,0,0,0,0,0,0,0,-4085,4085,1441,-1441,-7232,7232,15472,-15472,0,0,0,0,0,0,0,0,0,0,0,0,0,799,-799,-709,709,-8655,8655,1713,-1713,0,0,0,0,0,0,0,0,0,0,0,0,0,-466,466,-1105,1105,-2757,2757,8522,-8522,0,0,0,0,0,0,0,0,0,0,18536,-18536,12515,-12515,5956,-5956,-10636,10636,0,0,0,0,0,0,0,0,0,-525,525,-26655,26655,11386,-11386,6586,-6586,0,0,0,0,0,0,0,0,0,0,0,958,-958,6242,-6242,2127,-2127,-833,833,0,0,0,0,0,0,0,0,0,-11013,11013,-12797,12797,10154,-10154,10295,-10295,0,0,0,0,0,0,0,0,831,-831,3112,-3112,-11368,11368,-28371,28371,0,0,0,0,0,0,0,0,0,0,0,1262,-1262,1155,-1155,6366,-6366,690,-690,-8821,6134,-10441,6658,6389,8278,10177,-117,-2812,5331,4731,165,-3094,8821,-6134,10441,-6658,-6389,-8278,-10177,2812,117,-4731,-5331,3094,-165,9409,-3376,1497,-7419,-8142,494,-9361,1260,1435,-10225,969,-9409,3376,-1497,7419,8142,-494,9361,-1435,-1260,-969,10225,9295,-1769,-7804,-9424,2515,7675,607,1542,-1717,-9295,1769,7804,9424,-2515,-7675,-607,1717,-1542,702,-4994,9617,1705,-8935,-7210,-11321,-702,4994,-9617,-1705,8935,7210,11321
11649,-11649,0,0,183,0,0,-183,-11649,11649,0,0,-183,0,0,183,0,0,0,0,0,0,0,0,1668,6898,-20453,5245,4998,5245,-20453,5093,31018,-20776,5331,5093,5331,-20776,4998,4364,4364,8928,8928,8928,8928,4364,4364,-6898,-1668,-5331,20776,-5093,20776,-5331,-4998,-31018,-5245,20453,-4998,20453,-5245,-5093,-8928,-8928,-4364,-4364,-4364,-4364,-8928,-8928,-1446,0,0,-2647,0,0,-7373,1446,5331,0,2647,0,0,7373,0,0,0,0,0,0,0,0,1215,0,2813,0,0,7415,-5245,-1215,0,-2813,0,0,-7415,0,0,0,0,0,0,0,0,-2945,3103,26,9963,-10609,108,3103,-2945,2813,-2647,-10609,9963,486,140,140,140,140,68,68,68,68,1215,0,-7415,0,0,-2813,-5245,-1215,0,0,7415,0,2813,0,0,0,0,0,0,0,0,-1446,0,7373,0,2647,1446,5331,0,0,-7373,0,-2647,0,0,0,0,0,0,0,0,-3103,2945,10609,-9963,-108,-26,2945,-3103,-9963,10609,-486,2647,-2813,-68,-68,-68,-68,-140,-140,-140,-140,-31018,20453,-5093,20453,-4998,-1668,-6898,20776,-5331,-4998,-5331,20776,-5093,-4364,-4364,-8928,-8928,-8928,-8928,-4364,-4364,31018,-20776,4998,-20776,5093,6898,1668,5245,-20453,5093,-20453,5245,4998,8928,8928,4364,4364,4364,4364,8928,8928,-1215,0,7415,1215,0,0,-2813,0,0,-7415,0,0,0,0,0,0,0,0,1446,0,-7373,-1446,0,2647,0,0,7373,0,0,0,0,0,0,0,0,-3103,2945,-9963,10609,-486,2945,-3103,-26,10609,-9963,-108,-140,-140,-140,-140,-68,-68,-68,-68,1446,0,7373,-1446,0,-7373,0,0,-2647,0,0,0,0,0,0,0,0,-1215,0,-7415,1215,0,7415,0,2813,0,0,0,0,0,0,0,0,-2945,3103,-10609,9963,486,3103,-2945,9963,-10609,108,26,68,68,68,68,140,140,140,140,-30,0,0,30,0,0,0,0,0,0,0,0,0,-30,0,0,30,0,0,0,0,0,0,0,0,0,30,0,0,-30,0,0,0,0,0,0,0,30,0,0,-30,0,0,0,0,0,0,0,30,0,0,-30,0,0,0,0,0,30,0,0,-30,0,0,0,0,0,-30,0,0,30,0,0,0,-30,0,0,30,0,0,0
-183,183,0,0,11649,0,0,-11649,183,-183,0,0,-11649,0,0,11649,0,0,0,0,0,0,0,0,-26,-108,10609,-2813,-3103,-2813,10609,2945,-486,-9963,2647,2945,2647,-9963,-3103,-68,-68,-140,-140,-140,-140,-68,-68,108,26,-2647,9963,-2945,9963,-2647,3103,486,2813,-10609,3103,-10609,2813,-2945,140,140,68,68,68,68,140,140,-7373,0,0,5331,0,0,1446,7373,2647,0,-5331,0,0,-1446,0,0,0,0,0,0,0,0,-7415,0,5245,0,0,1215,2813,7415,0,-5245,0,0,-1215,0,0,0,0,0,0,0,0,5093,4998,1668,-20776,-20453,6898,4998,5093,5245,5331,-20453,-20776,31018,8928,8928,8928,8928,4364,4364,4364,4364,-7415,0,-1215,0,0,-5245,2813,7415,0,0,1215,0,5245,0,0,0,0,0,0,0,0,-7373,0,-1446,0,-5331,7373,2647,0,0,1446,0,5331,0,0,0,0,0,0,0,0,-4998,-5093,20453,20776,-6898,-1668,-5093,-4998,20776,20453,-31018,-5331,-5245,-4364,-4364,-4364,-4364,-8928,-8928,-8928,-8928,486,-10609,-2945,-10609,3103,26,108,9963,-2647,3103,-2647,9963,-2945,68,68,140,140,140,140,68,68,-486,-9963,-3103,-9963,2945,-108,-26,-2813,10609,2945,10609,-2813,-3103,-140,-140,-68,-68,-68,-68,-140,-140,7415,0,1215,-7415,0,0,-5245,0,0,-1215,0,0,0,0,0,0,0,0,7373,0,1446,-7373,0,-5331,0,0,-1446,0,0,0,0,0,0,0,0,-4998,-5093,20776,20453,-31018,-5093,-4998,-1668,20453,20776,-6898,-8928,-8928,-8928,-8928,-4364,-4364,-4364,-4364,7373,0,-1446,-7373,0,1446,0,0,5331,0,0,0,0,0,0,0,0,7415,0,-1215,-7415,0,1215,0,5245,0,0,0,0,0,0,0,0,5093,4998,-20453,-20776,31018,4998,5093,-20776,-20453,6898,1668,4364,4364,4364,4364,8928,8928,8928,8928,0,0,30,0,0,-30,0,0,0,0,0,0,0,0,0,30,0,0,-30,0,0,0,0,0,0,0,0,0,30,0,0,-30,0,0,0,0,0,0,0,30,0,0,-30,0,0,0,0,0,0,0,-30,0,0,30,0,0,0,0,0,-30,0,0,30,0,0,0,0,0,-30,0,0,30,0,0,0,-30,0,0,30,0
0,0,0,0,0,0,0,0,0,0,0,0,0,0,0,0,0,0,0,0,0,0,0,0,0,0,12519,4011,-1008,3409,-2864,1008,0,2864,-3409,-7446,-4011,-12519,7446,-11652,-11652,-336,-336,336,336,11652,11652,0,0,-4011,-12519,1008,2864,-3409,-1008,0,3409,-2864,7446,12519,4011,-7446,336,336,11652,11652,-11652,-11652,-336,-336,-2665,0,0,1038,0,0,212,2665,4011,0,-1038,0,0,-212,0,0,0,0,0,0,0,0,2665,0,-1038,0,0,-212,-4011,-2665,0,1038,0,0,212,0,0,0,0,0,0,0,0,-7780,7780,0,19038,-19038,0,-10722,10722,-2353,2353,14626,-14626,0,736,736,-736,-736,-25499,-25499,25499,25499,1904,0,-1876,0,0,-2353,-3409,-1904,0,0,1876,0,2353,0,0,0,0,0,0,0,0,-1904,0,1876,0,2353,1904,3409,0,0,-1876,0,-2353,0,0,0,0,0,0,0,0,7780,-7780,14626,-14626,0,0,10722,-10722,19038,-19038,0,1038,-1038,-25499,-25499,25499,25499,736,736,-736,-736,0,-12519,7446,2864,-7446,0,0,-2864,3409,1008,4011,12519,-1008,11652,11652,336,336,-336,-336,-11652,-11652,0,12519,-7446,-2864,7446,0,0,-3409,2864,-1008,-12519,-4011,1008,-336,-336,-11652,-11652,11652,11652,336,336,1904,0,-1876,-1904,0,0,2353,0,0,1876,0,0,0,0,0,0,0,0,-1904,0,1876,1904,0,-2353,0,0,-1876,0,0,0,0,0,0,0,0,10722,-10722,-19038,19038,0,7780,-7780,0,-14626,14626,0,-736,-736,736,736,25499,25499,-25499,-25499,-2665,0,212,2665,0,-212,0,0,-1038,0,0,0,0,0,0,0,0,2665,0,-212,-2665,0,212,0,1038,0,0,0,0,0,0,0,0,-10722,10722,-14626,14626,0,-7780,7780,-19038,19038,0,0,25499,25499,-25499,-25499,-736,-736,736,736,2122,0,4644,-2122,0,-4644,0,0,0,0,0,0,0,2122,0,4644,-2122,0,-4644,0,0,0,0,0,0,0,-2122,0,-4644,2122,0,4644,0,0,0,0,0,-2122,0,-4644,2122,0,4644,0,0,0,0,0,2122,0,4644,-2122,0,-4644,0,0,0,2122,0,4644,-2122,0,-4644,0,0,0,-2122,0,-4644,2122,0,4644,0,-2122,0,-4644,2122,0,4644,0
0,0,0,0,0,0,0,0,0,0,0,0,0,0,0,0,0,0,0,0,0,0,0,0,0,0,14626,-1038,-10722,-2353,-19038,10722,0,19038,2353,-7780,1038,-14626,7780,-25499,-25499,-736,-736,736,736,25499,25499,0,0,1038,-14626,10722,19038,2353,-10722,0,-2353,-19038,7780,14626,-1038,-7780,736,736,25499,25499,-25499,-25499,-736,-736,212,0,0,4011,0,0,2665,-212,-1038,0,-4011,0,0,-2665,0,0,0,0,0,0,0,0,-212,0,-4011,0,0,-2665,1038,212,0,4011,0,0,2665,0,0,0,0,0,0,0,0,7446,-7446,0,-2864,2864,0,1008,-1008,-3409,3409,-12519,12519,0,-336,-336,336,336,11652,11652,-11652,-11652,-1876,0,-1904,0,0,-3409,2353,1876,0,0,1904,0,3409,0,0,0,0,0,0,0,0,1876,0,1904,0,3409,-1876,-2353,0,0,-1904,0,-3409,0,0,0,0,0,0,0,0,-7446,7446,-12519,12519,0,0,-1008,1008,-2864,2864,0,4011,-4011,11652,11652,-11652,-11652,-336,-336,336,336,0,-14626,7780,19038,-7780,0,0,-19038,-2353,10722,-1038,14626,-10722,25499,25499,736,736,-736,-736,-25499,-25499,0,14626,-7780,-19038,7780,0,0,2353,19038,-10722,-14626,1038,10722,-736,-736,-25499,-25499,25499,25499,736,736,-1876,0,-1904,1876,0,0,3409,0,0,1904,0,0,0,0,0,0,0,0,1876,0,1904,-1876,0,-3409,0,0,-1904,0,0,0,0,0,0,0,0,-1008,1008,2864,-2864,0,-7446,7446,0,12519,-12519,0,336,336,-336,-336,-11652,-11652,11652,11652,212,0,2665,-212,0,-2665,0,0,-4011,0,0,0,0,0,0,0,0,-212,0,-2665,212,0,2665,0,4011,0,0,0,0,0,0,0,0,1008,-1008,12519,-12519,0,7446,-7446,2864,-2864,0,0,-11652,-11652,11652,11652,336,336,-336,-336,4644,0,-2122,-4644,0,2122,0,0,0,0,0,0,0,4644,0,-2122,-4644,0,2122,0,0,0,0,0,0,0,-4644,0,2122,4644,0,-2122,0,0,0,0,0,-4644,0,2122,4644,0,-2122,0,0,0,0,0,4644,0,-2122,-4644,0,2122,0,0,0,4644,0,-2122,-4644,0,2122,0,0,0,-4644,0,2122,4644,0,-2122,0,-4644,0,2122,4644,0,-2122,0
0,0,0,0,0,0,0,0,0,0,0,0,0,0,0,0,0,0,0,0,0,0,0,0,0,0,-10404,4695,1170,-4695,10404,-5519,0,-12748,6591,5519,-6591,12748,-1170,13877,13877,-16673,-16673,16673,16673,-13877,-13877,0,0,6591,-12748,5519,12748,-6591,-1170,0,4695,-10404,1170,10404,-4695,-5519,-16673,-16673,13877,13877,-13877,-13877,16673,16673,8662,0,0,4099,0,0,2627,-8662,-6591,0,-4099,0,0,-2627,0,0,0,0,0,0,0,0,7155,0,6180,0,0,5544,-4695,-7155,0,-6180,0,0,-5544,0,0,0,0,0,0,0,0,-11174,-12407,0,4221,8491,0,12407,11174,-6180,-4099,-8491,-4221,0,3075,3075,-3075,-3075,2559,2559,-2559,-2559,-7155,0,5544,0,0,6180,4695,7155,0,0,-5544,0,-6180,0,0,0,0,0,0,0,0,-8662,0,2627,0,4099,8662,6591,0,0,-2627,0,-4099,0,0,0,0,0,0,0,0,12407,11174,8491,4221,0,0,-11174,-12407,-4221,-8491,0,-4099,-6180,-2559,-2559,2559,2559,-3075,-3075,3075,3075,0,10404,-5519,-10404,1170,0,0,12748,-6591,-1170,6591,-12748,5519,-13877,-13877,16673,16673,-16673,-16673,13877,13877,0,12748,-1170,-12748,5519,0,0,-4695,10404,-5519,-10404,4695,1170,16673,16673,-13877,-13877,13877,13877,-16673,-16673,7155,0,-5544,-7155,0,0,6180,0,0,5544,0,0,0,0,0,0,0,0,8662,0,-2627,-8662,0,4099,0,0,2627,0,0,0,0,0,0,0,0,-12407,-11174,-4221,-8491,0,11174,12407,0,8491,4221,0,-3075,-3075,3075,3075,-2559,-2559,2559,2559,-8662,0,-2627,8662,0,2627,0,0,4099,0,0,0,0,0,0,0,0,-7155,0,-5544,7155,0,5544,0,6180,0,0,0,0,0,0,0,0,11174,12407,-8491,-4221,0,-12407,-11174,4221,8491,0,0,2559,2559,-2559,-2559,3075,3075,-3075,-3075,8617,0,-1589,-8617,0,1589,0,-25174,25174,0,0,4642,-4642,8617,0,-1589,-8617,0,1589,0,25174,-25174,0,0,-4642,4642,8617,0,1589,-8617,0,-1589,0,-4642,4642,0,0,8617,0,1589,-8617,0,-1589,0,4642,-4642,0,0,-8617,0,1589,8617,0,-1589,0,-25174,25174,-8617,0,1589,8617,0,-1589,0,25174,-25174,-8617,0,-1589,8617,0,1589,0,-8617,0,-1589,8617,0,1589,0
0,0,0,0,0,0,0,0,0,0,0,0,0,0,0,0,0,0,0,0,0,0,0,0,0,0,-8491,6180,12407,-6180,8491,11174,0,4221,-4099,-11174,4099,-4221,-12407,2559,2559,-3075,-3075,3075,3075,-2559,-2559,0,0,-4099,4221,-11174,-4221,4099,-12407,0,6180,-8491,12407,8491,-6180,11174,-3075,-3075,2559,2559,-2559,-2559,3075,3075,-2627,0,0,6591,0,0,8662,2627,4099,0,-6591,0,0,-8662,0,0,0,0,0,0,0,0,5544,0,-4695,0,0,-7155,-6180,-5544,0,4695,0,0,7155,0,0,0,0,0,0,0,0,-5519,1170,0,12748,-10404,0,-1170,5519,4695,-6591,10404,-12748,0,-16673,-16673,16673,16673,-13877,-13877,13877,13877,-5544,0,-7155,0,0,-4695,6180,5544,0,0,7155,0,4695,0,0,0,0,0,0,0,0,2627,0,8662,0,6591,-2627,-4099,0,0,-8662,0,-6591,0,0,0,0,0,0,0,0,-1170,5519,-10404,12748,0,0,-5519,1170,-12748,10404,0,-6591,4695,13877,13877,-13877,-13877,16673,16673,-16673,-16673,0,8491,11174,-8491,12407,0,0,-4221,4099,-12407,-4099,4221,-11174,-2559,-2559,3075,3075,-3075,-3075,2559,2559,0,-4221,-12407,4221,-11174,0,0,-6180,8491,11174,-8491,6180,12407,3075,3075,-2559,-2559,2559,2559,-3075,-3075,5544,0,7155,-5544,0,0,-4695,0,0,-7155,0,0,0,0,0,0,0,0,-2627,0,-8662,2627,0,6591,0,0,8662,0,0,0,0,0,0,0,0,1170,-5519,-12748,10404,0,5519,-1170,0,-10404,12748,0,16673,16673,-16673,-16673,13877,13877,-13877,-13877,2627,0,-8662,-2627,0,8662,0,0,6591,0,0,0,0,0,0,0,0,-5544,0,7155,5544,0,-7155,0,-4695,0,0,0,0,0,0,0,0,5519,-1170,10404,-12748,0,1170,-5519,12748,-10404,0,0,-13877,-13877,13877,13877,-16673,-16673,16673,16673,1589,0,8617,-1589,0,-8617,0,-4642,4642,0,0,-25174,25174,1589,0,8617,-1589,0,-8617,0,4642,-4642,0,0,25174,-25174,1589,0,-8617,-1589,0,8617,0,25174,-25174,0,0,1589,0,-8617,-1589,0,8617,0,-25174,25174,0,0,-1589,0,-8617,1589,0,8617,0,-4642,4642,-1589,0,-8617,1589,0,8617,0,4642,-4642,-1589,0,8617,1589,0,-8617,0,-1589,0,8617,1589,0,-8617,0
0,0,0,0,0,0,0,0,0,0,0,0,0,0,0,0,0,0,0,0,0,0,0,0,0,0,0,0,0,0,0,0,0,0,0,0,0,0,0,-24703,24703,22831,-22831,5078,-5078,3740,-3740,0,0,0,0,0,0,0,0,0,0,0,0,0,0,0,1790,-1790,2577,-2577,-9102,9102,-9213,9213,0,0,0,0,0,0,0,0,0,0,0,0,0,0,0,0,-3969,3969,0,0,-3880,3880,0,0,0,0,0,0,0,0,0,0,0,0,0,-16375,16375,0,0,12461,-12461,0,0,0,0,0,0,0,0,0,0,0,0,0,0,0,7471,-7471,-9382,9382,9745,-9745,-12877,12877,0,0,0,0,0,0,0,0,0,0,0,0,0,0,0,1569,-1569,0,0,5325,-5325,0,0,0,0,0,0,0,0,0,0,0,0,20375,-20375,0,0,-2879,2879,0,0,0,0,0,0,0,0,0,0,0,0,0,0,0,27290,-27290,1179,-1179,-2774,2774,-23509,23509,0,0,0,0,0,0,0,0,0,0,0,0,0,-26646,26646,-23340,23340,-6487,6487,9122,-9122,0,0,0,0,0,0,0,0,0,0,0,0,0,-5168,5168,-10316,10316,-12332,12332,10059,-10059,0,0,0,0,0,0,0,0,0,0,0,0,-1569,1569,0,0,-5325,5325,0,0,0,0,0,0,0,0,0,-20375,20375,0,0,2879,-2879,0,0,0,0,0,0,0,0,0,0,0,0,0,-4094,4094,9891,-9891,11689,-11689,15,-15,0,0,0,0,0,0,0,0,0,0,0,3969,-3969,0,0,3880,-3880,0,0,0,0,0,0,0,0,16375,-16375,0,0,-12461,12461,0,0,0,0,0,0,0,0,0,0,0,0,0,24060,-24060,6560,-6560,4184,-4184,22663,-22663,-7836,0,11822,-10831,0,6845,0,26321,19427,0,0,-17145,-28603,7836,0,-11822,10831,0,-6845,0,-19427,-26321,0,0,28603,17145,8528,0,-2740,-11342,0,5554,0,-12995,6100,0,0,-8528,0,2740,11342,0,-5554,0,-6100,12995,0,0,-1407,0,2399,-6384,0,5393,0,3818,15277,1407,0,-2399,6384,0,-5393,0,-15277,-3818,-1809,0,-12273,6485,0,7597,0,1809,0,12273,-6485,0,-7597,0
0,0,0,0,0,0,0,0,0,0,0,0,0,0,0,0,0,0,0,0,0,0,0,0,0,0,0,0,0,0,0,0,0,0,0,0,0,0,0,12913,-12913,-7193,7193,-1921,1921,-3098,3098,0,0,0,0,0,0,0,0,0,0,0,0,0,0,0,25221,-25221,-29113,29113,-5839,5839,-4972,4972,0,0,0,0,0,0,0,0,0,0,0,0,0,0,0,0,-19436,19436,0,0,6399,-6399,0,0,0,0,0,0,0,0,0,0,0,0,0,5288,-5288,0,0,2750,-2750,0,0,0,0,0,0,0,0,0,0,0,0,0,0,0,-1959,1959,-3041,3041,-1531,1531,3243,-3243,0,0,0,0,0,0,0,0,0,0,0,0,0,0,0,20086,-20086,0,0,3906,-3906,0,0,0,0,0,0,0,0,0,0,0,0,-3272,3272,0,0,-4982,4982,0,0,0,0,0,0,0,0,0,0,0,0,0,0,0,-6417,6417,26256,-26256,-24472,24472,5492,-5492,0,0,0,0,0,0,0,0,0,0,0,0,0,-953,953,3561,-3561,1211,-1211,-385,385,0,0,0,0,0,0,0,0,0,0,0,0,0,-24434,24434,-26110,26110,-4965,4965,4743,-4743,0,0,0,0,0,0,0,0,0,0,0,0,-20086,20086,0,0,-3906,3906,0,0,0,0,0,0,0,0,0,3272,-3272,0,0,4982,-4982,0,0,0,0,0,0,0,0,0,0,0,0,0,1173,-1173,6673,-6673,12334,-12334,240,-240,0,0,0,0,0,0,0,0,0,0,0,19436,-19436,0,0,-6399,6399,0,0,0,0,0,0,0,0,-5288,5288,0,0,-2750,2750,0,0,0,0,0,0,0,0,0,0,0,0,0,-5543,5543,28968,-28968,25183,-25183,-5262,5262,12858,0,-2848,-8511,0,-1500,0,19272,-29927,0,0,3776,6879,-12858,0,2848,8511,0,1500,0,29927,-19272,0,0,-6879,-3776,-12352,0,7947,-7724,0,12128,0,-29412,-19787,0,0,12352,0,-7947,7724,0,-12128,0,19787,29412,0,0,-2638,0,-8721,-1290,0,12648,0,6364,3261,2638,0,8721,1290,0,-12648,0,-3261,-6364,-2723,0,2947,1457,0,-1681,0,2723,0,-2947,-1457,0,1681,0
0,0,0,0,0,0,0,0,0,0,0,0,0,0,0,0,0,0,0,0,0,0,0,0,0,0,0,0,0,0,0,0,0,0,0,0,0,0,0,-7527,7527,7932,-7932,3465,-3465,8514,-8514,0,0,0,0,0,0,0,0,0,0,0,0,0,0,0,5924,-5924,-4924,4924,26683,-26683,23682,-23682,0,0,0,0,0,0,0,0,0,0,0,0,0,0,0,0,-5566,5566,0,0,-29,29,0,0,0,0,0,0,0,0,0,0,0,0,0,-11583,11583,0,0,-17003,17003,0,0,0,0,0,0,0,0,0,0,0,0,0,0,0,2357,-2357,24033,-24033,-28022,28022,-4285,4285,0,0,0,0,0,0,0,0,0,0,0,0,0,0,0,4844,-4844,0,0,2743,-2743,0,0,0,0,0,0,0,0,0,0,0,0,1805,-1805,0,0,20494,-20494,0,0,0,0,0,0,0,0,0,0,0,0,0,0,0,9840,-9840,13850,-13850,-8263,8263,-8538,8538,0,0,0,0,0,0,0,0,0,0,0,0,0,-11179,11179,-8889,8889,-18,18,-4640,4640,0,0,0,0,0,0,0,0,0,0,0,0,0,-7155,7155,-9621,9621,25710,-25710,-23427,23427,0,0,0,0,0,0,0,0,0,0,0,0,-4844,4844,0,0,-2743,2743,0,0,0,0,0,0,0,0,0,-1805,1805,0,0,-20494,20494,0,0,0,0,0,0,0,0,0,0,0,0,0,-1126,1126,-23076,23076,-24370,24370,412,-412,0,0,0,0,0,0,0,0,0,0,0,5566,-5566,0,0,29,-29,0,0,0,0,0,0,0,0,11583,-11583,0,0,17003,-17003,0,0,0,0,0,0,0,0,0,0,0,0,0,8867,-8867,696,-696,4816,-4816,8283,-8283,-586,0,4150,-6215,0,2651,0,14813,1854,0,0,-6608,-10059,586,0,-4150,6215,0,-2651,0,-1854,-14813,0,0,10059,6608,975,0,12781,-6263,0,-7493,0,16859,-29818,0,0,-975,0,-12781,6263,0,7493,0,29818,-16859,0,0,10273,0,-12337,8774,0,-6709,0,-25064,-21613,-10273,0,12337,-8774,0,6709,0,21613,25064,10841,0,-4323,-9433,0,2915,0,-10841,0,4323,9433,0,-2915,0
0,0,0,0,0,0,0,0,0,0,0,0,0,0,0,0,0,0,0,0,0,0,0,0,0,0,0,0,0,0,0,0,0,0,0,0,0,0,0,-7006,7006,6247,-6247,-25169,25169,-28047,28047,0,0,0,0,0,0,0,0,0,0,0,0,0,0,0,-749,749,2065,-2065,-7336,7336,-2122,2122,0,0,0,0,0,0,0,0,0,0,0,0,0,0,0,0,5453,-5453,0,0,19955,-19955,0,0,0,0,0,0,0,0,0,0,0,0,0,-4897,4897,0,0,1517,-1517,0,0,0,0,0,0,0,0,0,0,0,0,0,0,0,-24693,24693,-304,304,396,-396,26230,-26230,0,0,0,0,0,0,0,0,0,0,0,0,0,0,0,4986,-4986,0,0,-20077,20077,0,0,0,0,0,0,0,0,0,0,0,0,5014,-5014,0,0,1067,-1067,0,0,0,0,0,0,0,0,0,0,0,0,0,0,0,-98,98,-405,405,314,-314,-4386,4386,0,0,0,0,0,0,0,0,0,0,0,0,0,-6842,6842,-6204,6204,25128,-25128,-27890,27890,0,0,0,0,0,0,0,0,0,0,0,0,0,-162,162,-1412,1412,6708,-6708,-1558,1558,0,0,0,0,0,0,0,0,0,0,0,0,-4986,4986,0,0,20077,-20077,0,0,0,0,0,0,0,0,0,-5014,5014,0,0,-1067,1067,0,0,0,0,0,0,0,0,0,0,0,0,0,25604,-25604,261,-261,232,-232,29707,-29707,0,0,0,0,0,0,0,0,0,0,0,-5453,5453,0,0,-19955,19955,0,0,0,0,0,0,0,0,4897,-4897,0,0,-1517,1517,0,0,0,0,0,0,0,0,0,0,0,0,0,13946,-13946,-247,247,-273,273,8065,-8065,-2643,0,-8306,-2391,0,13340,0,5878,6459,0,0,-31086,18749,2643,0,8306,2391,0,-13340,0,-6459,-5878,0,0,-18749,31086,2798,0,-240,-2561,0,3,0,11,570,0,0,-2798,0,240,2561,0,-3,0,-570,-11,0,0,-10937,0,240,10709,0,-12,0,25197,-24638,10937,0,-240,-10709,0,12,0,24638,-25197,-10289,0,7488,-10046,0,12847,0,10289,0,-7488,10046,0,-12847,0
787,-787,0,0,-10358,0,0,10358,-787,787,0,0,10358,0,0,-10358,0,0,0,0,0,0,0,0,-1170,2809,16738,-8602,-1031,-8602,16738,1181,-580,-18144,9302,1181,9302,-18144,-1031,244,244,-125,-125,-125,-125,244,244,-2809,1170,-9302,18144,-1181,18144,-9302,1031,580,8602,-16738,1031,-16738,8602,-1181,125,125,-244,-244,-244,-244,125,125,-1917,0,0,-3926,0,0,13735,1917,9302,0,3926,0,0,-13735,0,0,0,0,0,0,0,0,-3971,0,-5287,0,0,13287,8602,3971,0,5287,0,0,-13287,0,0,0,0,0,0,0,0,-900,-1068,15393,7923,10575,-36944,-1068,-900,-5287,-3926,10575,7923,7629,1642,1642,1642,1642,-3211,-3211,-3211,-3211,-3971,0,-13287,0,0,5287,8602,3971,0,0,13287,0,-5287,0,0,0,0,0,0,0,0,-1917,0,-13735,0,3926,1917,9302,0,0,13735,0,-3926,0,0,0,0,0,0,0,0,1068,900,-10575,-7923,36944,-15393,900,1068,-7923,-10575,-7629,3926,5287,3211,3211,3211,3211,-1642,-1642,-1642,-1642,580,-16738,-1181,-16738,1031,1170,-2809,18144,-9302,1031,-9302,18144,-1181,-244,-244,125,125,125,125,-244,-244,-580,-18144,-1031,-18144,1181,2809,-1170,-8602,16738,1181,16738,-8602,-1031,-125,-125,244,244,244,244,-125,-125,3971,0,13287,-3971,0,0,5287,0,0,-13287,0,0,0,0,0,0,0,0,1917,0,13735,-1917,0,3926,0,0,-13735,0,0,0,0,0,0,0,0,1068,900,-7923,-10575,-7629,900,1068,-15393,-10575,-7923,36944,-1642,-1642,-1642,-1642,3211,3211,3211,3211,1917,0,-13735,-1917,0,13735,0,0,-3926,0,0,0,0,0,0,0,0,3971,0,-13287,-3971,0,13287,0,-5287,0,0,0,0,0,0,0,0,-900,-1068,10575,7923,7629,-1068,-900,7923,10575,-36944,15393,-3211,-3211,-3211,-3211,1642,1642,1642,1642,1856,0,24413,-1856,0,-24413,0,0,0,0,0,0,0,1856,0,24413,-1856,0,-24413,0,0,0,0,0,0,0,-1856,0,24413,1856,0,-24413,0,0,0,0,0,-1856,0,24413,1856,0,-24413,0,0,0,0,0,-1856,0,-24413,1856,0,24413,0,0,0,-1856,0,-24413,1856,0,24413,0,0,0,1856,0,-24413,-1856,0,24413,0,1856,0,-24413,-1856,0,24413,0
-10358,10358,0,0,-787,0,0,787,10358,-10358,0,0,787,0,0,-787,0,0,0,0,0,0,0,0,15393,-36944,10575,-5287,-1068,-5287,10575,-900,7629,7923,-3926,-900,-3926,7923,-1068,-3211,-3211,1642,1642,1642,1642,-3211,-3211,36944,-15393,3926,-7923,900,-7923,3926,1068,-7629,5287,-10575,1068,-10575,5287,900,-1642,-1642,3211,3211,3211,3211,-1642,-1642,-13735,0,0,-9302,0,0,-1917,13735,-3926,0,9302,0,0,1917,0,0,0,0,0,0,0,0,13287,0,8602,0,0,3971,5287,-13287,0,-8602,0,0,-3971,0,0,0,0,0,0,0,0,-1181,1031,1170,18144,-16738,-2809,1031,-1181,8602,-9302,-16738,18144,580,125,125,125,125,-244,-244,-244,-244,13287,0,-3971,0,0,-8602,5287,-13287,0,0,3971,0,8602,0,0,0,0,0,0,0,0,-13735,0,1917,0,9302,13735,-3926,0,0,-1917,0,-9302,0,0,0,0,0,0,0,0,-1031,1181,16738,-18144,2809,-1170,1181,-1031,-18144,16738,-580,9302,-8602,244,244,244,244,-125,-125,-125,-125,-7629,-10575,900,-10575,1068,-15393,36944,-7923,3926,1068,3926,-7923,900,3211,3211,-1642,-1642,-1642,-1642,3211,3211,7629,7923,-1068,7923,-900,-36944,15393,-5287,10575,-900,10575,-5287,-1068,1642,1642,-3211,-3211,-3211,-3211,1642,1642,-13287,0,3971,13287,0,0,-8602,0,0,-3971,0,0,0,0,0,0,0,0,13735,0,-1917,-13735,0,9302,0,0,1917,0,0,0,0,0,0,0,0,-1031,1181,-18144,16738,-580,1181,-1031,-1170,16738,-18144,2809,-125,-125,-125,-125,244,244,244,244,13735,0,1917,-13735,0,-1917,0,0,-9302,0,0,0,0,0,0,0,0,-13287,0,-3971,13287,0,3971,0,8602,0,0,0,0,0,0,0,0,-1181,1031,-16738,18144,580,1031,-1181,18144,-16738,-2809,1170,-244,-244,-244,-244,125,125,125,125,-24413,0,1856,24413,0,-1856,0,0,0,0,0,0,0,-24413,0,1856,24413,0,-1856,0,0,0,0,0,0,0,24413,0,1856,-24413,0,-1856,0,0,0,0,0,24413,0,1856,-24413,0,-1856,0,0,0,0,0,24413,0,-1856,-24413,0,1856,0,0,0,24413,0,-1856,-24413,0,1856,0,0,0,-24413,0,-1856,24413,0,1856,0,-24413,0,-1856,24413,0,1856,0
