0,896712,0,0,0,0,0,0,0,0,0,0,0,0,281288,0,0,0,-2,0,0,0,0,0,-1,0,0,1,0,0,1,0,0,0,0,0,0,0,-351592,0,0,0,0,0,0,0,0,0,0,0,-138496,0,0,0,0,0,0,0,0,0,0,0,-84680,0,0,0,0,0,0,0,-8,0,0,0,0,0,0,0,0,0,8096,0,0,0,0,0,0,0,0,0,0,0,0,0,0,-325016,0,0,0,0,0,0,0,143024,0,0,0,0,0,0,0,0,0,0,0,0,0,0,0,0,0,0,0,0,0,0,0,0,0,162136,0,0,0,0,0,0,0,0,0,0,0,0,0,0,0,0,0,0,0,0,1159752,0,0,0,0,0,0,0,0,0,-209112,0,0,0,0,0,0,0,0,-143000,0,0,0,0,0,0,0,0,0,0,0,0,0,0,0,0,0,0,0,0,0,0,0,0,0,0,0,0,0,0,0,0,0,0,0,0,0,0,-286200,0,0,0,0,0,0,0,0,0,0,0,0,0,0,0,0,0,0,0,0,0,0,0,0,0,-284488,0,0,0,0,0,0,0,0,0,0,0,0,0,0,0,0,0,0,162136,0,0,0,0,0,0,0,0,0,0,0,0,0,0,437888,0,0,0,0,0,0,0,0,0,0,0,0,0,0,0,0,0,0,0,0,-223992,0,0,0,0,0,0,0,0,0,0,0,0,0,0,0,0,0,0,0,0,0,0,0,-196248,0,0,0,0,0,0,0,0,0,0,0,0,0,0,0,0,0,0,0,0,0,0,0,0,0,0,0,0,0,0,0,0,0,0,0,0,0,0,0,536672,0,0,0,0,0,0,0,0,0,0,0,0,0,0,0,0,0,0,0,0,0,0,0,0,0,0,0,-315056,0,0,0,0,0,0,0,0,0,0,496680,0,0,0,0,0,0,0,0,0,0,0,0,0,0,0,0,0,0,0,0,0,0,0,0,-664896,0,0,0,0,210424,-12836472
2726,-1758,0,0,3951,0,0,0,-921,-4261,0,0,0,0,1945,0,134,0,0,0,0,0,0,0,0,0,0,0,0,0,0,0,0,0,0,0,463,2545,802,0,2937,0,0,0,0,0,224,0,0,0,1016,0,0,0,0,558,0,0,0,0,0,0,280,0,0,1,0,249,0,0,-1451,0,-2384,-4071,0,0,0,0,0,-461,-548,0,0,-608,0,0,0,0,-1446,0,0,-2970,800,0,2950,325,0,0,0,0,0,0,-4114,2644,0,0,-94,-1500,0,0,7927,0,-6930,0,0,0,0,0,0,0,0,0,0,0,0,0,0,0,0,167,-6181,-581,-288,1355,0,0,0,0,11649,-183,0,0,0,0,0,0,0,0,787,-10358,3305,0,0,0,-3318,78,0,0,0,0,-862,-93,4216,0,0,1018,-1387,0,0,14050,0,0,0,0,0,7743,-5741,10679,1441,-6978,0,0,-12361,8665,1095,-5931,0,0,0,0,0,0,-423,22068,0,0,0,0,-11253,0,0,0,0,-16841,2907,0,0,0,14544,-9670,0,8201,-245,871,-3662,0,0,-572,40848,0,0,0,0,0,0,0,0,0,0,4021,0,-5734,-6295,312,-6117,0,-803,12968,0,0,0,0,0,0,0,0,0,523,-13625,15582,0,0,0,-50443,0,0,2127,-12,0,0,0,0,0,0,0,0,0,0,-17666,0,0,0,59125,0,0,0,-626,3,-3975,1770,-410,432,0,2921,-46734,0,0,0,0,6726,0,3760,0,3840,4863,-12623,0,0,0,0,0,-56517,27908,0,0,0,0,275,-15664,0,-22233,36099,0,-19473,0,0,0,0,0,0,0,0,0,0,0,0,0,51424,-6124,53978,0,0,0,0,0,34831,-47253,0,0,0,0,0,0,0,0,-44885,6611,0,0,0,6635,-35020,0,-27638,0,0,0,152760,-29332,0,0,0,0,0,0,0,0,0,0,0,-13693,0,0,0,0,119854,-75578,0,0,0,0,92649,0,0,0,0,0,0,0,0,3180,-52510,-21532,36,-1,0,0,88698,0,0,876888,-466456,0,-158718,3686,-204406,964169,0,0,0,0,0,0,0,0,27671,-1464153,822584,0,-1006465,589807,-179960,-260286,939975
2726,-1758,0,0,-3951,0,0,0,-921,4261,0,0,0,0,1945,0,-134,0,0,0,0,0,0,0,0,0,0,0,0,0,0,0,0,0,0,0,-463,2545,802,0,-2937,0,0,0,0,0,224,0,0,0,1016,0,0,0,0,-558,0,0,0,0,0,0,280,0,0,-1,0,-249,0,0,-1451,0,-2384,4071,0,0,0,0,0,-461,-548,0,0,608,0,0,0,0,1446,0,0,2970,800,0,2950,325,0,0,0,0,0,0,4114,2644,0,0,94,1500,0,0,7927,0,6930,0,0,0,0,0,0,0,0,0,0,0,0,0,0,0,0,167,6181,581,-288,1355,0,0,0,0,-11649,183,0,0,0,0,0,0,0,0,-787,10358,3305,0,0,0,3318,-78,0,0,0,0,-862,-93,4216,0,0,-1018,1387,0,0,14050,0,0,0,0,0,7743,5741,-10679,-1441,6978,0,0,-12361,8665,-1095,5931,0,0,0,0,0,0,-423,22068,0,0,0,0,-11253,0,0,0,0,16841,-2907,0,0,0,14544,-9670,0,8201,-245,-871,3662,0,0,572,-40848,0,0,0,0,0,0,0,0,0,0,4021,0,-5734,6295,-312,-6117,0,803,-12968,0,0,0,0,0,0,0,0,0,-523,13625,-15582,0,0,0,-50443,0,0,2127,-12,0,0,0,0,0,0,0,0,0,0,-17666,0,0,0,59125,0,0,0,-626,3,3975,-1770,410,-432,0,-2921,46734,0,0,0,0,6726,0,-3760,0,3840,-4863,12623,0,0,0,0,0,56517,-27908,0,0,0,0,-275,15664,0,22233,-36099,0,-19473,0,0,0,0,0,0,0,0,0,0,0,0,0,51424,-6124,53978,0,0,0,0,0,34831,-47253,0,0,0,0,0,0,0,0,44885,-6611,0,0,0,-6635,35020,0,-27638,0,0,0,-152760,29332,0,0,0,0,0,0,0,0,0,0,0,-13693,0,0,0,0,-119854,75578,0,0,0,0,92649,0,0,0,0,0,0,0,0,-3180,52510,-21532,36,-1,0,0,88698,0,0,-876888,466456,0,158718,-3686,204406,-964169,0,0,0,0,0,0,0,0,27671,-1464153,822584,0,-1006465,-589807,179960,-260286,939975
0,-1310,3407,-2658,-2658,-14,5780,1151,0,0,0,-2107,2108,-450,441,864,-864,-1885,0,0,0,0,0,0,0,0,0,0,0,0,365,0,0,0,0,1334,-1334,0,2950,1854,1019,-1019,2095,155,-2413,1835,0,0,3832,0,1121,0,0,0,0,725,725,0,0,-2494,-359,-35,-146,0,0,0,2433,2433,4633,-623,1844,-876,0,1016,1016,0,71,644,0,0,-7,94,683,0,0,0,0,0,-1921,-1921,0,0,0,0,0,637,-2162,-772,-881,0,2696,-2940,-2940,-3579,0,0,-547,-483,-5799,0,0,0,0,0,0,0,0,0,0,0,0,0,0,0,75,0,0,0,0,4217,948,-785,0,0,0,0,0,0,0,0,0,0,0,0,0,0,0,0,0,0,-96,-7706,321,3834,-4828,-4606,0,0,0,0,-7473,0,0,20112,-9159,-661,-4311,0,0,289,0,0,0,0,23030,0,4320,14368,8535,12976,-2304,-1311,0,0,0,0,0,0,0,0,-329,283,0,0,0,22910,0,0,0,0,0,0,0,6110,-8660,23760,0,0,-15162,0,21126,0,0,0,0,0,0,0,0,0,0,0,0,0,0,0,0,0,0,0,0,0,6288,5694,-9873,-6384,-1855,-2100,-1019,-1586,0,-52933,0,0,0,0,-27682,-12340,-13326,0,0,0,0,16310,0,1650,0,0,-5115,0,0,0,0,6787,-5028,0,0,0,3149,-52485,15941,37862,0,0,0,0,0,0,-657,1712,-659,-25385,0,0,0,0,0,0,0,47108,23343,0,0,0,-20437,9069,18849,0,0,1987,-10181,34635,11736,0,0,0,0,-7008,-7258,0,0,0,0,-41116,0,0,-16709,0,0,6388,0,0,0,0,-23203,-32894,0,0,0,0,-18291,0,0,0,0,0,0,-24322,31460,19145,64129,0,0,0,0,-8440,11356,-49498,0,0,-55598,37886,0,4535,-56074,50935,-46420,13899,9421,0,0,0,0,0,0,0,0,0,0,32695,0,0,0,118154,-91689,15369,-67837,0,0,0,0,-16773,0,0,0,0,0,0,0,0,66090,74611,61844,0,0,8496,50324,0,0,0,0,0,188662,217123,207267,-236575,-363872,909157,0,0,0,0,-970450,97388,-1392124,0,0,-108986,-964790,0,1191746,634520,956399,1044949
0,-1310,3407,-2658,2658,-5780,-14,-1151,0,0,0,-2107,450,2108,441,864,864,1885,0,0,0,0,0,0,0,0,0,0,0,0,-365,0,0,0,0,1334,1334,0,2950,1854,-1019,-1019,-2095,2413,155,-1835,0,0,-3832,0,1121,0,0,0,0,-725,725,0,0,2494,-35,359,-146,0,0,0,2433,-2433,-623,-4633,1844,876,0,-1016,1016,0,71,644,0,0,-7,683,-94,0,0,0,0,0,1921,-1921,0,0,0,0,0,637,-772,2162,-881,0,-2696,-2940,2940,-3579,0,0,-483,547,5799,0,0,0,0,0,0,0,0,0,0,0,0,0,0,0,-75,0,0,0,0,4217,-785,-948,0,0,0,0,0,0,0,0,0,0,0,0,0,0,0,0,0,0,-96,-321,-7706,-3834,4606,-4828,0,0,0,0,-7473,0,0,20112,9159,-4311,661,0,0,289,0,0,0,0,23030,0,14368,-4320,12976,-8535,1311,-2304,0,0,0,0,0,0,0,0,283,329,0,0,0,-22910,0,0,0,0,0,0,0,-8660,-6110,-23760,0,0,-15162,0,-21126,0,0,0,0,0,0,0,0,0,0,0,0,0,0,0,0,0,0,0,0,0,-5694,6288,-9873,6384,-2100,1855,-1586,1019,0,52933,0,0,0,0,-27682,-13326,12340,0,0,0,0,16310,0,-1650,0,0,5115,0,0,0,0,5028,6787,0,0,0,3149,-52485,-37862,15941,0,0,0,0,0,0,1712,657,-25385,659,0,0,0,0,0,0,0,47108,-23343,0,0,0,-9069,-20437,-18849,0,0,10181,1987,-11736,34635,0,0,0,0,-7258,7008,0,0,0,0,-41116,0,0,16709,0,0,6388,0,0,0,0,32894,-23203,0,0,0,0,18291,0,0,0,0,0,0,31460,24322,19145,-64129,0,0,0,0,11356,8440,49498,0,0,-37886,-55598,0,4535,50935,56074,46420,-9421,13899,0,0,0,0,0,0,0,0,0,0,-32695,0,0,0,91689,118154,-67837,-15369,0,0,0,0,-16773,0,0,0,0,0,0,0,0,74611,-66090,61844,0,0,50324,-8496,0,0,0,0,0,-188662,-207267,217123,-363872,236575,-909157,0,0,0,0,970450,1392124,97388,0,0,-108986,-964790,0,-634520,1191746,956399,1044949
-2726,-1758,0,-3951,0,0,0,0,921,0,4261,0,0,0,1945,134,0,0,0,0,0,0,0,0,0,0,0,0,0,0,0,0,0,0,0,463,0,-2545,802,0,0,2937,0,0,0,0,0,-224,0,0,1016,0,0,0,0,0,-558,0,0,0,0,0,280,0,1,0,-249,0,0,0,-1451,0,2384,0,4071,0,0,0,461,0,-548,0,0,0,608,0,0,0,0,1446,-2970,0,0,800,-2950,325,0,0,0,0,0,4114,0,2644,0,0,1500,-94,0,7927,0,-6930,0,0,0,0,0,0,0,0,0,0,0,0,0,0,0,0,0,167,581,-6181,-1355,-288,0,0,0,0,183,11649,0,0,0,0,0,0,0,0,-10358,-787,3305,0,0,0,78,3318,0,0,0,0,-862,-4216,-93,0,0,1387,1018,0,0,14050,0,0,0,0,0,-7743,-10679,-5741,6978,1441,0,0,-8665,-12361,-5931,-1095,0,0,0,0,0,0,22068,423,0,0,0,0,11253,0,0,0,0,-2907,-16841,0,0,0,14544,9670,0,245,8201,3662,871,0,0,40848,572,0,0,0,0,0,0,0,0,0,0,-4021,5734,0,312,6295,-6117,0,-12968,-803,0,0,0,0,0,0,0,0,0,13625,523,0,15582,0,0,-50443,0,0,12,2127,0,0,0,0,0,0,0,0,0,0,-17666,0,0,0,-59125,0,0,0,-3,-626,-1770,-3975,-432,-410,0,-46734,-2921,0,0,0,0,6726,0,0,3760,-3840,-12623,-4863,0,0,0,0,0,27908,56517,0,0,0,0,15664,275,0,36099,22233,0,-19473,0,0,0,0,0,0,0,0,0,0,0,0,0,-51424,-53978,-6124,0,0,0,0,0,47253,34831,0,0,0,0,0,0,0,0,-6611,-44885,0,0,0,-35020,-6635,0,-27638,0,0,0,-29332,-152760,0,0,0,0,0,0,0,0,0,0,0,13693,0,0,0,0,75578,119854,0,0,0,0,92649,0,0,0,0,0,0,0,0,52510,3180,-21532,1,36,0,0,-88698,0,0,466456,876888,0,3686,158718,-964169,-204406,0,0,0,0,0,0,0,0,-1464153,-27671,822584,0,1006465,-179960,-589807,-260286,939975
0,-1310,-3407,2658,2658,-14,5780,-1151,0,0,0,2107,2108,-450,441,-864,864,-1885,0,0,0,0,0,0,0,0,0,0,0,0,365,0,0,0,0,-1334,1334,0,2950,-1854,-1019,1019,2095,155,-2413,-1835,0,0,-3832,0,1121,0,0,0,0,-725,-725,0,0,-2494,-359,-35,-146,0,0,0,-2433,-2433,4633,-623,1844,876,0,-1016,-1016,0,-71,-644,0,0,-7,94,683,0,0,0,0,0,1921,1921,0,0,0,0,0,637,-2162,-772,881,0,2696,2940,2940,-3579,0,0,547,483,5799,0,0,0,0,0,0,0,0,0,0,0,0,0,0,0,75,0,0,0,0,4217,-948,785,0,0,0,0,0,0,0,0,0,0,0,0,0,0,0,0,0,0,-96,-7706,321,3834,4828,4606,0,0,0,0,-7473,0,0,-20112,-9159,661,4311,0,0,289,0,0,0,0,-23030,0,-4320,-14368,-8535,-12976,-2304,-1311,0,0,0,0,0,0,0,0,-329,283,0,0,0,22910,0,0,0,0,0,0,0,-6110,8660,-23760,0,0,-15162,0,-21126,0,0,0,0,0,0,0,0,0,0,0,0,0,0,0,0,0,0,0,0,0,-6288,-5694,-9873,-6384,1855,2100,-1019,-1586,0,52933,0,0,0,0,27682,12340,13326,0,0,0,0,16310,0,-1650,0,0,-5115,0,0,0,0,6787,-5028,0,0,0,3149,52485,15941,37862,0,0,0,0,0,0,657,-1712,659,25385,0,0,0,0,0,0,0,47108,23343,0,0,0,20437,-9069,-18849,0,0,1987,-10181,-34635,-11736,0,0,0,0,7008,7258,0,0,0,0,-41116,0,0,-16709,0,0,-6388,0,0,0,0,-23203,-32894,0,0,0,0,18291,0,0,0,0,0,0,-24322,31460,-19145,64129,0,0,0,0,8440,-11356,-49498,0,0,55598,-37886,0,4535,-56074,50935,-46420,-13899,-9421,0,0,0,0,0,0,0,0,0,0,-32695,0,0,0,118154,-91689,-15369,67837,0,0,0,0,-16773,0,0,0,0,0,0,0,0,-66090,-74611,61844,0,0,8496,50324,0,0,0,0,0,188662,-217123,-207267,236575,363872,909157,0,0,0,0,970450,97388,-1392124,0,0,-108986,964790,0,-1191746,-634520,956399,1044949
0,-1310,-3407,2658,-2658,-5780,-14,1151,0,0,0,2107,450,2108,441,-864,-864,1885,0,0,0,0,0,0,0,0,0,0,0,0,-365,0,0,0,0,-1334,-1334,0,2950,-1854,1019,1019,-2095,2413,155,1835,0,0,3832,0,1121,0,0,0,0,725,-725,0,0,2494,-35,359,-146,0,0,0,-2433,2433,-623,-4633,1844,-876,0,1016,-1016,0,-71,-644,0,0,-7,683,-94,0,0,0,0,0,-1921,1921,0,0,0,0,0,637,-772,2162,881,0,-2696,2940,-2940,-3579,0,0,483,-547,-5799,0,0,0,0,0,0,0,0,0,0,0,0,0,0,0,-75,0,0,0,0,4217,785,948,0,0,0,0,0,0,0,0,0,0,0,0,0,0,0,0,0,0,-96,-321,-7706,-3834,-4606,4828,0,0,0,0,-7473,0,0,-20112,9159,4311,-661,0,0,289,0,0,0,0,-23030,0,-14368,4320,-12976,8535,1311,-2304,0,0,0,0,0,0,0,0,283,329,0,0,0,-22910,0,0,0,0,0,0,0,8660,6110,23760,0,0,-15162,0,21126,0,0,0,0,0,0,0,0,0,0,0,0,0,0,0,0,0,0,0,0,0,5694,-6288,-9873,6384,2100,-1855,-1586,1019,0,-52933,0,0,0,0,27682,13326,-12340,0,0,0,0,16310,0,1650,0,0,5115,0,0,0,0,5028,6787,0,0,0,3149,52485,-37862,15941,0,0,0,0,0,0,-1712,-657,25385,-659,0,0,0,0,0,0,0,47108,-23343,0,0,0,9069,20437,18849,0,0,10181,1987,11736,-34635,0,0,0,0,7258,-7008,0,0,0,0,-41116,0,0,16709,0,0,-6388,0,0,0,0,32894,-23203,0,0,0,0,-18291,0,0,0,0,0,0,31460,24322,-19145,-64129,0,0,0,0,-11356,-8440,49498,0,0,37886,55598,0,4535,50935,56074,46420,9421,-13899,0,0,0,0,0,0,0,0,0,0,32695,0,0,0,91689,118154,67837,15369,0,0,0,0,-16773,0,0,0,0,0,0,0,0,-74611,66090,61844,0,0,50324,-8496,0,0,0,0,0,-188662,207267,-217123,363872,-236575,-909157,0,0,0,0,-970450,1392124,97388,0,0,-108986,964790,0,634520,-1191746,956399,1044949
-2726,-1758,0,3951,0,0,0,0,921,0,-4261,0,0,0,1945,-134,0,0,0,0,0,0,0,0,0,0,0,0,0,0,0,0,0,0,0,-463,0,-2545,802,0,0,-2937,0,0,0,0,0,-224,0,0,1016,0,0,0,0,0,558,0,0,0,0,0,280,0,-1,0,249,0,0,0,-1451,0,2384,0,-4071,0,0,0,461,0,-548,0,0,0,-608,0,0,0,0,-1446,2970,0,0,800,-2950,325,0,0,0,0,0,-4114,0,2644,0,0,-1500,94,0,7927,0,6930,0,0,0,0,0,0,0,0,0,0,0,0,0,0,0,0,0,167,-581,6181,-1355,-288,0,0,0,0,-183,-11649,0,0,0,0,0,0,0,0,10358,787,3305,0,0,0,-78,-3318,0,0,0,0,-862,-4216,-93,0,0,-1387,-1018,0,0,14050,0,0,0,0,0,-7743,10679,5741,-6978,-1441,0,0,-8665,-12361,5931,1095,0,0,0,0,0,0,22068,423,0,0,0,0,11253,0,0,0,0,2907,16841,0,0,0,14544,9670,0,245,8201,-3662,-871,0,0,-40848,-572,0,0,0,0,0,0,0,0,0,0,-4021,5734,0,-312,-6295,-6117,0,12968,803,0,0,0,0,0,0,0,0,0,-13625,-523,0,-15582,0,0,-50443,0,0,12,2127,0,0,0,0,0,0,0,0,0,0,-17666,0,0,0,-59125,0,0,0,-3,-626,1770,3975,432,410,0,46734,2921,0,0,0,0,6726,0,0,-3760,-3840,12623,4863,0,0,0,0,0,-27908,-56517,0,0,0,0,-15664,-275,0,-36099,-22233,0,-19473,0,0,0,0,0,0,0,0,0,0,0,0,0,-51424,-53978,-6124,0,0,0,0,0,47253,34831,0,0,0,0,0,0,0,0,6611,44885,0,0,0,35020,6635,0,-27638,0,0,0,29332,152760,0,0,0,0,0,0,0,0,0,0,0,13693,0,0,0,0,-75578,-119854,0,0,0,0,92649,0,0,0,0,0,0,0,0,-52510,-3180,-21532,1,36,0,0,-88698,0,0,-466456,-876888,0,-3686,-158718,964169,204406,0,0,0,0,0,0,0,0,-1464153,-27671,822584,0,1006465,179960,589807,-260286,939975
2726,-1758,0,0,3951,0,0,0,-921,4261,0,0,0,0,1945,0,134,0,0,0,0,0,0,0,0,0,0,0,0,0,0,0,0,0,0,0,463,2545,802,0,2937,0,0,0,0,0,-224,0,0,0,1016,0,0,0,0,558,0,0,0,0,0,0,280,0,0,-1,0,249,0,0,-1451,0,-2384,-4071,0,0,0,0,0,461,-548,0,0,608,0,0,0,0,-1446,0,0,2970,-800,0,2950,325,0,0,0,0,0,0,-4114,2644,0,0,-94,-1500,0,0,-7927,0,6930,0,0,0,0,0,0,0,0,0,0,0,0,0,0,0,0,167,-6181,-581,288,-1355,0,0,0,0,-11649,183,0,0,0,0,0,0,0,0,-787,10358,3305,0,0,0,-3318,78,0,0,0,0,-862,93,-4216,0,0,1018,-1387,0,0,14050,0,0,0,0,0,7743,-5741,10679,1441,-6978,0,0,12361,-8665,-1095,5931,0,0,0,0,0,0,423,-22068,0,0,0,0,-11253,0,0,0,0,-16841,2907,0,0,0,14544,-9670,0,-8201,245,-871,3662,0,0,572,-40848,0,0,0,0,0,0,0,0,0,0,4021,0,5734,-6295,312,-6117,0,-803,12968,0,0,0,0,0,0,0,0,0,523,-13625,-15582,0,0,0,-50443,0,0,-2127,12,0,0,0,0,0,0,0,0,0,0,-17666,0,0,0,59125,0,0,0,626,-3,-3975,1770,-410,432,0,-2921,46734,0,0,0,0,6726,0,-3760,0,3840,4863,-12623,0,0,0,0,0,-56517,27908,0,0,0,0,275,-15664,0,22233,-36099,0,-19473,0,0,0,0,0,0,0,0,0,0,0,0,0,51424,6124,-53978,0,0,0,0,0,-34831,47253,0,0,0,0,0,0,0,0,-44885,6611,0,0,0,6635,-35020,0,-27638,0,0,0,152760,-29332,0,0,0,0,0,0,0,0,0,0,0,-13693,0,0,0,0,119854,-75578,0,0,0,0,92649,0,0,0,0,0,0,0,0,3180,-52510,-21532,-36,1,0,0,88698,0,0,-876888,466456,0,-158718,3686,-204406,964169,0,0,0,0,0,0,0,0,-27671,1464153,822584,0,-1006465,589807,-179960,-260286,939975
2726,-1758,0,0,-3951,0,0,0,-921,-4261,0,0,0,0,1945,0,-134,0,0,0,0,0,0,0,0,0,0,0,0,0,0,0,0,0,0,0,-463,2545,802,0,-2937,0,0,0,0,0,-224,0,0,0,1016,0,0,0,0,-558,0,0,0,0,0,0,280,0,0,1,0,-249,0,0,-1451,0,-2384,4071,0,0,0,0,0,461,-548,0,0,-608,0,0,0,0,1446,0,0,-2970,-800,0,2950,325,0,0,0,0,0,0,4114,2644,0,0,94,1500,0,0,-7927,0,-6930,0,0,0,0,0,0,0,0,0,0,0,0,0,0,0,0,167,6181,581,288,-1355,0,0,0,0,11649,-183,0,0,0,0,0,0,0,0,787,-10358,3305,0,0,0,3318,-78,0,0,0,0,-862,93,-4216,0,0,-1018,1387,0,0,14050,0,0,0,0,0,7743,5741,-10679,-1441,6978,0,0,12361,-8665,1095,-5931,0,0,0,0,0,0,423,-22068,0,0,0,0,-11253,0,0,0,0,16841,-2907,0,0,0,14544,-9670,0,-8201,245,871,-3662,0,0,-572,40848,0,0,0,0,0,0,0,0,0,0,4021,0,5734,6295,-312,-6117,0,803,-12968,0,0,0,0,0,0,0,0,0,-523,13625,15582,0,0,0,-50443,0,0,-2127,12,0,0,0,0,0,0,0,0,0,0,-17666,0,0,0,59125,0,0,0,626,-3,3975,-1770,410,-432,0,2921,-46734,0,0,0,0,6726,0,3760,0,3840,-4863,12623,0,0,0,0,0,56517,-27908,0,0,0,0,-275,15664,0,-22233,36099,0,-19473,0,0,0,0,0,0,0,0,0,0,0,0,0,51424,6124,-53978,0,0,0,0,0,-34831,47253,0,0,0,0,0,0,0,0,44885,-6611,0,0,0,-6635,35020,0,-27638,0,0,0,-152760,29332,0,0,0,0,0,0,0,0,0,0,0,-13693,0,0,0,0,-119854,75578,0,0,0,0,92649,0,0,0,0,0,0,0,0,-3180,52510,-21532,-36,1,0,0,88698,0,0,876888,-466456,0,158718,-3686,204406,-964169,0,0,0,0,0,0,0,0,-27671,1464153,822584,0,-1006465,-589807,179960,-260286,939975
0,-1310,-3407,-2658,-2658,14,-5780,-1151,0,0,0,2107,-2108,450,441,864,-864,-1885,0,0,0,0,0,0,0,0,0,0,0,0,365,0,0,0,0,1334,-1334,0,2950,-1854,1019,-1019,2095,-155,2413,-1835,0,0,-3832,0,1121,0,0,0,0,725,725,0,0,-2494,359,35,-146,0,0,0,2433,2433,-4633,623,1844,876,0,1016,1016,0,-71,-644,0,0,-7,-94,-683,0,0,0,0,0,-1921,-1921,0,0,0,0,0,637,2162,772,881,0,2696,-2940,-2940,-3579,0,0,-547,-483,5799,0,0,0,0,0,0,0,0,0,0,0,0,0,0,0,75,0,0,0,0,4217,948,-785,0,0,0,0,0,0,0,0,0,0,0,0,0,0,0,0,0,0,-96,7706,-321,3834,-4828,-4606,0,0,0,0,-7473,0,0,-20112,-9159,-661,-4311,0,0,289,0,0,0,0,-23030,0,4320,14368,8535,12976,2304,1311,0,0,0,0,0,0,0,0,329,-283,0,0,0,22910,0,0,0,0,0,0,0,6110,-8660,-23760,0,0,-15162,0,-21126,0,0,0,0,0,0,0,0,0,0,0,0,0,0,0,0,0,0,0,0,0,6288,5694,-9873,-6384,-1855,-2100,1019,1586,0,52933,0,0,0,0,27682,-12340,-13326,0,0,0,0,16310,0,-1650,0,0,-5115,0,0,0,0,-6787,5028,0,0,0,3149,52485,-15941,-37862,0,0,0,0,0,0,-657,1712,-659,-25385,0,0,0,0,0,0,0,47108,23343,0,0,0,-20437,9069,-18849,0,0,-1987,10181,34635,11736,0,0,0,0,-7008,-7258,0,0,0,0,-41116,0,0,-16709,0,0,-6388,0,0,0,0,23203,32894,0,0,0,0,18291,0,0,0,0,0,0,24322,-31460,-19145,64129,0,0,0,0,-8440,11356,-49498,0,0,-55598,37886,0,4535,56074,-50935,-46420,13899,9421,0,0,0,0,0,0,0,0,0,0,-32695,0,0,0,-118154,91689,15369,-67837,0,0,0,0,-16773,0,0,0,0,0,0,0,0,66090,74611,61844,0,0,-8496,-50324,0,0,0,0,0,188662,217123,207267,-236575,-363872,909157,0,0,0,0,970450,-97388,1392124,0,0,-108986,964790,0,1191746,634520,956399,1044949
0,-1310,-3407,-2658,2658,5780,14,1151,0,0,0,2107,-450,-2108,441,864,864,1885,0,0,0,0,0,0,0,0,0,0,0,0,-365,0,0,0,0,1334,1334,0,2950,-1854,-1019,-1019,-2095,-2413,-155,1835,0,0,3832,0,1121,0,0,0,0,-725,725,0,0,2494,35,-359,-146,0,0,0,2433,-2433,623,4633,1844,-876,0,-1016,1016,0,-71,-644,0,0,-7,-683,94,0,0,0,0,0,1921,-1921,0,0,0,0,0,637,772,-2162,881,0,-2696,-2940,2940,-3579,0,0,-483,547,-5799,0,0,0,0,0,0,0,0,0,0,0,0,0,0,0,-75,0,0,0,0,4217,-785,-948,0,0,0,0,0,0,0,0,0,0,0,0,0,0,0,0,0,0,-96,321,7706,-3834,4606,-4828,0,0,0,0,-7473,0,0,-20112,9159,-4311,661,0,0,289,0,0,0,0,-23030,0,14368,-4320,12976,-8535,-1311,2304,0,0,0,0,0,0,0,0,-283,-329,0,0,0,-22910,0,0,0,0,0,0,0,-8660,-6110,23760,0,0,-15162,0,21126,0,0,0,0,0,0,0,0,0,0,0,0,0,0,0,0,0,0,0,0,0,-5694,6288,-9873,6384,-2100,1855,1586,-1019,0,-52933,0,0,0,0,27682,-13326,12340,0,0,0,0,16310,0,1650,0,0,5115,0,0,0,0,-5028,-6787,0,0,0,3149,52485,37862,-15941,0,0,0,0,0,0,1712,657,-25385,659,0,0,0,0,0,0,0,47108,-23343,0,0,0,-9069,-20437,18849,0,0,-10181,-1987,-11736,34635,0,0,0,0,-7258,7008,0,0,0,0,-41116,0,0,16709,0,0,-6388,0,0,0,0,-32894,23203,0,0,0,0,-18291,0,0,0,0,0,0,-31460,-24322,-19145,-64129,0,0,0,0,11356,8440,49498,0,0,-37886,-55598,0,4535,-50935,-56074,46420,-9421,13899,0,0,0,0,0,0,0,0,0,0,32695,0,0,0,-91689,-118154,-67837,-15369,0,0,0,0,-16773,0,0,0,0,0,0,0,0,74611,-66090,61844,0,0,-50324,8496,0,0,0,0,0,-188662,-207267,217123,-363872,236575,-909157,0,0,0,0,-970450,-1392124,-97388,0,0,-108986,964790,0,-634520,1191746,956399,1044949
-2726,-1758,0,-3951,0,0,0,0,921,0,-4261,0,0,0,1945,134,0,0,0,0,0,0,0,0,0,0,0,0,0,0,0,0,0,0,0,463,0,-2545,802,0,0,2937,0,0,0,0,0,224,0,0,1016,0,0,0,0,0,-558,0,0,0,0,0,280,0,-1,0,-249,0,0,0,-1451,0,2384,0,4071,0,0,0,-461,0,-548,0,0,0,-608,0,0,0,0,1446,2970,0,0,-800,-2950,325,0,0,0,0,0,4114,0,2644,0,0,1500,-94,0,-7927,0,6930,0,0,0,0,0,0,0,0,0,0,0,0,0,0,0,0,0,167,581,-6181,1355,288,0,0,0,0,-183,-11649,0,0,0,0,0,0,0,0,10358,787,3305,0,0,0,78,3318,0,0,0,0,-862,4216,93,0,0,1387,1018,0,0,14050,0,0,0,0,0,-7743,-10679,-5741,6978,1441,0,0,8665,12361,5931,1095,0,0,0,0,0,0,-22068,-423,0,0,0,0,11253,0,0,0,0,-2907,-16841,0,0,0,14544,9670,0,-245,-8201,-3662,-871,0,0,-40848,-572,0,0,0,0,0,0,0,0,0,0,-4021,-5734,0,312,6295,-6117,0,-12968,-803,0,0,0,0,0,0,0,0,0,13625,523,0,-15582,0,0,-50443,0,0,-12,-2127,0,0,0,0,0,0,0,0,0,0,-17666,0,0,0,-59125,0,0,0,3,626,-1770,-3975,-432,-410,0,46734,2921,0,0,0,0,6726,0,0,-3760,-3840,-12623,-4863,0,0,0,0,0,27908,56517,0,0,0,0,15664,275,0,-36099,-22233,0,-19473,0,0,0,0,0,0,0,0,0,0,0,0,0,-51424,53978,6124,0,0,0,0,0,-47253,-34831,0,0,0,0,0,0,0,0,-6611,-44885,0,0,0,-35020,-6635,0,-27638,0,0,0,-29332,-152760,0,0,0,0,0,0,0,0,0,0,0,13693,0,0,0,0,75578,119854,0,0,0,0,92649,0,0,0,0,0,0,0,0,52510,3180,-21532,-1,-36,0,0,-88698,0,0,-466456,-876888,0,3686,158718,-964169,-204406,0,0,0,0,0,0,0,0,1464153,27671,822584,0,1006465,-179960,-589807,-260286,939975
0,-1310,3407,2658,2658,14,-5780,1151,0,0,0,-2107,-2108,450,441,-864,864,-1885,0,0,0,0,0,0,0,0,0,0,0,0,365,0,0,0,0,-1334,1334,0,2950,1854,-1019,1019,2095,-155,2413,1835,0,0,3832,0,1121,0,0,0,0,-725,-725,0,0,-2494,359,35,-146,0,0,0,-2433,-2433,-4633,623,1844,-876,0,-1016,-1016,0,71,644,0,0,-7,-94,-683,0,0,0,0,0,1921,1921,0,0,0,0,0,637,2162,772,-881,0,2696,2940,2940,-3579,0,0,547,483,-5799,0,0,0,0,0,0,0,0,0,0,0,0,0,0,0,75,0,0,0,0,4217,-948,785,0,0,0,0,0,0,0,0,0,0,0,0,0,0,0,0,0,0,-96,7706,-321,3834,4828,4606,0,0,0,0,-7473,0,0,20112,-9159,661,4311,0,0,289,0,0,0,0,23030,0,-4320,-14368,-8535,-12976,2304,1311,0,0,0,0,0,0,0,0,329,-283,0,0,0,22910,0,0,0,0,0,0,0,-6110,8660,23760,0,0,-15162,0,21126,0,0,0,0,0,0,0,0,0,0,0,0,0,0,0,0,0,0,0,0,0,-6288,-5694,-9873,-6384,1855,2100,1019,1586,0,-52933,0,0,0,0,-27682,12340,13326,0,0,0,0,16310,0,1650,0,0,-5115,0,0,0,0,-6787,5028,0,0,0,3149,-52485,-15941,-37862,0,0,0,0,0,0,657,-1712,659,25385,0,0,0,0,0,0,0,47108,23343,0,0,0,20437,-9069,18849,0,0,-1987,10181,-34635,-11736,0,0,0,0,7008,7258,0,0,0,0,-41116,0,0,-16709,0,0,6388,0,0,0,0,23203,32894,0,0,0,0,-18291,0,0,0,0,0,0,24322,-31460,19145,64129,0,0,0,0,8440,-11356,-49498,0,0,55598,-37886,0,4535,56074,-50935,-46420,-13899,-9421,0,0,0,0,0,0,0,0,0,0,32695,0,0,0,-118154,91689,-15369,67837,0,0,0,0,-16773,0,0,0,0,0,0,0,0,-66090,-74611,61844,0,0,-8496,-50324,0,0,0,0,0,188662,-217123,-207267,236575,363872,909157,0,0,0,0,-970450,-97388,1392124,0,0,-108986,-964790,0,-1191746,-634520,956399,1044949
0,-1310,3407,2658,-2658,5780,14,-1151,0,0,0,-2107,-450,-2108,441,-864,-864,1885,0,0,0,0,0,0,0,0,0,0,0,0,-365,0,0,0,0,-1334,-1334,0,2950,1854,1019,1019,-2095,-2413,-155,-1835,0,0,-3832,0,1121,0,0,0,0,725,-725,0,0,2494,35,-359,-146,0,0,0,-2433,2433,623,4633,1844,876,0,1016,-1016,0,71,644,0,0,-7,-683,94,0,0,0,0,0,-1921,1921,0,0,0,0,0,637,772,-2162,-881,0,-2696,2940,-2940,-3579,0,0,483,-547,5799,0,0,0,0,0,0,0,0,0,0,0,0,0,0,0,-75,0,0,0,0,4217,785,948,0,0,0,0,0,0,0,0,0,0,0,0,0,0,0,0,0,0,-96,321,7706,-3834,-4606,4828,0,0,0,0,-7473,0,0,20112,9159,4311,-661,0,0,289,0,0,0,0,23030,0,-14368,4320,-12976,8535,-1311,2304,0,0,0,0,0,0,0,0,-283,-329,0,0,0,-22910,0,0,0,0,0,0,0,8660,6110,-23760,0,0,-15162,0,-21126,0,0,0,0,0,0,0,0,0,0,0,0,0,0,0,0,0,0,0,0,0,5694,-6288,-9873,6384,2100,-1855,1586,-1019,0,52933,0,0,0,0,-27682,13326,-12340,0,0,0,0,16310,0,-1650,0,0,5115,0,0,0,0,-5028,-6787,0,0,0,3149,-52485,37862,-15941,0,0,0,0,0,0,-1712,-657,25385,-659,0,0,0,0,0,0,0,47108,-23343,0,0,0,9069,20437,-18849,0,0,-10181,-1987,11736,-34635,0,0,0,0,7258,-7008,0,0,0,0,-41116,0,0,16709,0,0,6388,0,0,0,0,-32894,23203,0,0,0,0,18291,0,0,0,0,0,0,-31460,-24322,19145,-64129,0,0,0,0,-11356,-8440,49498,0,0,37886,55598,0,4535,-50935,-56074,46420,9421,-13899,0,0,0,0,0,0,0,0,0,0,-32695,0,0,0,-91689,-118154,67837,15369,0,0,0,0,-16773,0,0,0,0,0,0,0,0,-74611,66090,61844,0,0,-50324,8496,0,0,0,0,0,-188662,207267,-217123,363872,-236575,-909157,0,0,0,0,970450,-1392124,-97388,0,0,-108986,-964790,0,634520,-1191746,956399,1044949
-2726,-1758,0,3951,0,0,0,0,921,0,4261,0,0,0,1945,-134,0,0,0,0,0,0,0,0,0,0,0,0,0,0,0,0,0,0,0,-463,0,-2545,802,0,0,-2937,0,0,0,0,0,224,0,0,1016,0,0,0,0,0,558,0,0,0,0,0,280,0,1,0,249,0,0,0,-1451,0,2384,0,-4071,0,0,0,-461,0,-548,0,0,0,608,0,0,0,0,-1446,-2970,0,0,-800,-2950,325,0,0,0,0,0,-4114,0,2644,0,0,-1500,94,0,-7927,0,-6930,0,0,0,0,0,0,0,0,0,0,0,0,0,0,0,0,0,167,-581,6181,1355,288,0,0,0,0,183,11649,0,0,0,0,0,0,0,0,-10358,-787,3305,0,0,0,-78,-3318,0,0,0,0,-862,4216,93,0,0,-1387,-1018,0,0,14050,0,0,0,0,0,-7743,10679,5741,-6978,-1441,0,0,8665,12361,-5931,-1095,0,0,0,0,0,0,-22068,-423,0,0,0,0,11253,0,0,0,0,2907,16841,0,0,0,14544,9670,0,-245,-8201,3662,871,0,0,40848,572,0,0,0,0,0,0,0,0,0,0,-4021,-5734,0,-312,-6295,-6117,0,12968,803,0,0,0,0,0,0,0,0,0,-13625,-523,0,15582,0,0,-50443,0,0,-12,-2127,0,0,0,0,0,0,0,0,0,0,-17666,0,0,0,-59125,0,0,0,3,626,1770,3975,432,410,0,-46734,-2921,0,0,0,0,6726,0,0,3760,-3840,12623,4863,0,0,0,0,0,-27908,-56517,0,0,0,0,-15664,-275,0,36099,22233,0,-19473,0,0,0,0,0,0,0,0,0,0,0,0,0,-51424,53978,6124,0,0,0,0,0,-47253,-34831,0,0,0,0,0,0,0,0,6611,44885,0,0,0,35020,6635,0,-27638,0,0,0,29332,152760,0,0,0,0,0,0,0,0,0,0,0,13693,0,0,0,0,-75578,-119854,0,0,0,0,92649,0,0,0,0,0,0,0,0,-52510,-3180,-21532,-1,-36,0,0,-88698,0,0,466456,876888,0,-3686,-158718,964169,204406,0,0,0,0,0,0,0,0,1464153,27671,822584,0,1006465,179960,589807,-260286,939975
0,-13,0,-5,-5,0,0,0,0,0,0,0,0,0,-3902,4038,-4038,-6064,217,-136,322,-1383,0,0,0,0,1036,408,-765,543,5309,-3360,-2054,8390,8382,-180,180,0,512,0,699,-699,-359,0,0,0,0,0,0,0,407,0,0,0,0,-86,-86,0,0,253,0,0,-238,0,0,0,-109,-109,0,0,-159,0,0,7,7,0,0,0,0,0,166,0,0,0,0,0,0,0,-8,-8,0,0,0,0,0,-34,0,0,0,0,58,33,33,49,0,0,-761,-671,0,0,0,0,0,-414,3522,-3059,-2012,0,3924,21,-2207,546,0,0,-3438,0,0,0,0,-4673,-5816,4816,0,0,-1553,4842,-1929,-3765,0,0,0,0,0,0,0,0,0,0,0,0,-5352,0,0,-1046,7828,7468,-4402,-3052,10619,2785,8782,0,0,0,-9252,2562,16700,0,0,-7704,0,0,0,0,0,0,-1361,-4527,5552,8441,0,0,0,0,0,0,0,0,0,0,0,0,0,0,0,-11982,0,0,0,8543,-20547,-1898,2313,2971,-4211,0,0,0,260,0,0,0,0,0,0,0,0,0,0,0,0,0,0,-975,5412,18854,-10810,0,0,0,0,0,34953,31655,9703,-28033,-21072,-23852,0,0,0,0,7320,-10943,15246,-4820,0,-2815,-3040,0,0,0,0,23399,0,0,0,0,4707,-1327,-4460,8946,-15327,0,0,0,0,0,-18282,0,0,0,0,0,0,0,0,0,-1802,4694,-1563,-60219,0,0,0,0,0,0,0,-29329,9282,0,0,0,-714,317,0,0,0,0,0,52801,17892,-17473,-14780,5063,-18156,-27960,-28958,0,0,0,0,14374,0,0,67528,0,0,0,30872,36216,-34760,32655,0,0,0,0,0,0,0,0,0,0,0,0,0,0,0,0,-59283,-29444,-60922,-59114,68898,56642,-76208,-8404,0,0,-29097,19828,0,22315,0,0,40459,12493,8468,0,-4061,-3725,-4024,-26477,0,0,0,0,0,0,0,0,0,0,0,17899,-79004,1409,-4530,6928,-5946,-39601,81693,-127554,55200,-175845,0,0,0,0,-45174,-50999,-3969,0,0,0,0,0,0,0,0,0,-688621,721836,689069,158102,243173,251261,-1465848,-178128,237595,-1184932,0,0,0,0,0,-511699,0,0,-270673,-144114,-604820,1313246
0,-13,0,-5,-5,0,0,0,0,0,0,0,0,0,-3902,4038,-4038,-6064,-217,136,-322,1383,0,0,0,0,-1036,-408,765,-543,5309,3360,2054,-8390,-8382,-180,180,0,512,0,699,-699,-359,0,0,0,0,0,0,0,407,0,0,0,0,-86,-86,0,0,253,0,0,-238,0,0,0,-109,-109,0,0,-159,0,0,7,7,0,0,0,0,0,166,0,0,0,0,0,0,0,-8,-8,0,0,0,0,0,-34,0,0,0,0,58,33,33,49,0,0,-761,-671,0,0,0,0,0,414,-3522,3059,2012,0,-3924,-21,2207,-546,0,0,-3438,0,0,0,0,-4673,-5816,4816,0,0,1553,-4842,1929,3765,0,0,0,0,0,0,0,0,0,0,0,0,-5352,0,0,-1046,7828,7468,4402,3052,-10619,-2785,8782,0,0,0,-9252,2562,16700,0,0,-7704,0,0,0,0,0,0,-1361,-4527,5552,8441,0,0,0,0,0,0,0,0,0,0,0,0,0,0,0,-11982,0,0,0,-8543,20547,1898,-2313,2971,-4211,0,0,0,260,0,0,0,0,0,0,0,0,0,0,0,0,0,0,975,-5412,-18854,10810,0,0,0,0,0,34953,31655,9703,-28033,-21072,-23852,0,0,0,0,-7320,10943,-15246,4820,0,-2815,-3040,0,0,0,0,23399,0,0,0,0,4707,1327,4460,-8946,15327,0,0,0,0,0,-18282,0,0,0,0,0,0,0,0,0,-1802,4694,-1563,-60219,0,0,0,0,0,0,0,-29329,9282,0,0,0,-714,317,0,0,0,0,0,52801,17892,17473,14780,-5063,18156,-27960,-28958,0,0,0,0,14374,0,0,67528,0,0,0,-30872,-36216,34760,-32655,0,0,0,0,0,0,0,0,0,0,0,0,0,0,0,0,-59283,29444,60922,59114,-68898,56642,-76208,-8404,0,0,-29097,19828,0,22315,0,0,40459,12493,8468,0,4061,3725,4024,26477,0,0,0,0,0,0,0,0,0,0,0,17899,-79004,-1409,4530,-6928,5946,-39601,-81693,127554,-55200,175845,0,0,0,0,-45174,-50999,-3969,0,0,0,0,0,0,0,0,0,-688621,721836,689069,158102,243173,251261,1465848,178128,-237595,1184932,0,0,0,0,0,-511699,0,0,-270673,-144114,-604820,1313246
0,-13,0,-5,5,0,0,0,0,0,0,0,0,0,-3902,4038,4038,6064,445,86,1319,369,0,0,0,0,-840,-13,-1187,-62,-5309,11266,-755,5269,-944,-180,-180,0,512,0,-699,-699,359,0,0,0,0,0,0,0,407,0,0,0,0,86,-86,0,0,-253,0,0,-238,0,0,0,-109,109,0,0,-159,0,0,-7,7,0,0,0,0,0,166,0,0,0,0,0,0,0,8,-8,0,0,0,0,0,-34,0,0,0,0,-58,33,-33,49,0,0,-671,761,0,0,0,0,0,-4883,-510,805,-1111,0,2126,1495,3696,-394,0,0,3438,0,0,0,0,-4673,4816,5816,0,0,-837,3979,3903,3463,0,0,0,0,0,0,0,0,0,0,0,0,-5352,0,0,1046,-7468,7828,-503,-3747,-4133,10856,8782,0,0,0,9252,16700,-2562,0,0,-7704,0,0,0,0,0,0,-4527,1361,8441,-5552,0,0,0,0,0,0,0,0,0,0,0,0,0,0,0,11982,0,0,0,-11426,-6473,18208,-361,-4211,-2971,0,0,0,260,0,0,0,0,0,0,0,0,0,0,0,0,0,0,-12052,-18360,2506,-3733,0,0,0,0,0,-31655,34953,9703,28033,-23852,21072,0,0,0,0,8892,-12681,-13710,-1072,0,-3040,2815,0,0,0,0,23399,0,0,0,0,-4707,-2854,6762,-13716,-9726,0,0,0,0,0,-18282,0,0,0,0,0,0,0,0,0,4694,1802,-60219,1563,0,0,0,0,0,0,0,-29329,-9282,0,0,0,-317,-714,0,0,0,0,0,-17892,52801,-16058,825,15864,19205,-28958,27960,0,0,0,0,14374,0,0,-67528,0,0,0,19814,-12095,45888,43529,0,0,0,0,0,0,0,0,0,0,0,0,0,0,0,0,59283,-48404,91564,-29794,34715,-76208,-56642,8404,0,0,-19828,-29097,0,22315,0,0,-40459,-8468,12493,0,-10,-27013,2490,3424,0,0,0,0,0,0,0,0,0,0,0,-79004,-17899,3736,4620,-4053,-7357,-39601,20878,162369,164045,-56584,0,0,0,0,-50999,45174,-3969,0,0,0,0,0,0,0,0,0,688621,-689069,721836,243173,-158102,-251261,1086478,-812986,-356339,-1293290,0,0,0,0,0,-511699,0,0,144114,-270673,-604820,1313246
0,-13,0,-5,5,0,0,0,0,0,0,0,0,0,-3902,4038,4038,6064,-445,-86,-1319,-369,0,0,0,0,840,13,1187,61,-5309,-11266,755,-5269,944,-180,-180,0,512,0,-699,-699,359,0,0,0,0,0,0,0,407,0,0,0,0,86,-86,0,0,-253,0,0,-238,0,0,0,-109,109,0,0,-159,0,0,-7,7,0,0,0,0,0,166,0,0,0,0,0,0,0,8,-8,0,0,0,0,0,-34,0,0,0,0,-58,33,-33,49,0,0,-671,761,0,0,0,0,0,4883,510,-805,1111,0,-2126,-1495,-3696,394,0,0,3438,0,0,0,0,-4673,4816,5816,0,0,837,-3979,-3903,-3463,0,0,0,0,0,0,0,0,0,0,0,0,-5352,0,0,1046,-7468,7828,503,3747,4133,-10856,8782,0,0,0,9252,16700,-2562,0,0,-7704,0,0,0,0,0,0,-4527,1361,8441,-5552,0,0,0,0,0,0,0,0,0,0,0,0,0,0,0,11982,0,0,0,11426,6473,-18208,361,-4211,-2971,0,0,0,260,0,0,0,0,0,0,0,0,0,0,0,0,0,0,12052,18360,-2506,3733,0,0,0,0,0,-31655,34953,9703,28033,-23852,21072,0,0,0,0,-8892,12681,13710,1072,0,-3040,2815,0,0,0,0,23399,0,0,0,0,-4707,2854,-6762,13716,9726,0,0,0,0,0,-18282,0,0,0,0,0,0,0,0,0,4694,1802,-60219,1563,0,0,0,0,0,0,0,-29329,-9282,0,0,0,-317,-714,0,0,0,0,0,-17892,52801,16058,-825,-15864,-19205,-28958,27960,0,0,0,0,14374,0,0,-67528,0,0,0,-19814,12095,-45888,-43529,0,0,0,0,0,0,0,0,0,0,0,0,0,0,0,0,59283,48404,-91564,29794,-34715,-76208,-56642,8404,0,0,-19828,-29097,0,22315,0,0,-40459,-8468,12493,0,10,27013,-2490,-3424,0,0,0,0,0,0,0,0,0,0,0,-79004,-17899,-3736,-4620,4053,7357,-39601,-20878,-162369,-164045,56584,0,0,0,0,-50999,45174,-3969,0,0,0,0,0,0,0,0,0,688621,-689069,721836,243173,-158102,-251261,-1086478,812986,356339,1293290,0,0,0,0,0,-511699,0,0,144114,-270673,-604820,1313246
0,-13,0,5,5,0,0,0,0,0,0,0,0,0,-3902,-4038,4038,-6064,907,-1069,-287,181,0,0,0,0,-583,646,347,1115,5309,-3610,-6752,5255,-8362,180,-180,0,512,0,-699,699,-359,0,0,0,0,0,0,0,407,0,0,0,0,86,86,0,0,253,0,0,-238,0,0,0,109,109,0,0,-159,0,0,-7,-7,0,0,0,0,0,166,0,0,0,0,0,0,0,8,8,0,0,0,0,0,-34,0,0,0,0,58,-33,-33,49,0,0,761,671,0,0,0,0,0,-9,3580,3505,938,0,-755,4281,-1292,47,0,0,-3438,0,0,0,0,-4673,5816,-4816,0,0,-6290,-1884,771,-224,0,0,0,0,0,0,0,0,0,0,0,0,-5352,0,0,-1046,-7828,-7468,-951,-10987,-2315,-4717,8782,0,0,0,-9252,-2562,-16700,0,0,-7704,0,0,0,0,0,0,1361,4527,-5552,-8441,0,0,0,0,0,0,0,0,0,0,0,0,0,0,0,-11982,0,0,0,-710,2148,761,22326,-2971,4211,0,0,0,260,0,0,0,0,0,0,0,0,0,0,0,0,0,0,16681,-11185,7697,6320,0,0,0,0,0,-34953,-31655,9703,-28033,21072,23852,0,0,0,0,11818,4209,2497,16291,0,2815,3040,0,0,0,0,23399,0,0,0,0,4707,8570,14830,6446,-1295,0,0,0,0,0,-18282,0,0,0,0,0,0,0,0,0,1802,-4694,1563,60219,0,0,0,0,0,0,0,-29329,9282,0,0,0,714,-317,0,0,0,0,0,-52801,-17892,-14712,23573,-7497,-7121,27960,28958,0,0,0,0,14374,0,0,67528,0,0,0,7921,50585,34946,-26390,0,0,0,0,0,0,0,0,0,0,0,0,0,0,0,0,-59283,92220,25316,-59684,10589,-56642,76208,-8404,0,0,29097,-19828,0,22315,0,0,40459,-12493,-8468,0,-26167,1037,7365,2749,0,0,0,0,0,0,0,0,0,0,0,-17899,79004,-9016,3543,1446,-3150,-39601,-98334,-117353,159549,89526,0,0,0,0,45174,50999,-3969,0,0,0,0,0,0,0,0,0,-688621,-721836,-689069,-158102,-243173,251261,555788,1235242,1184045,-635824,0,0,0,0,0,-511699,0,0,270673,144114,-604820,1313246
0,-13,0,5,5,0,0,0,0,0,0,0,0,0,-3902,-4038,4038,-6064,-907,1069,287,-181,0,0,0,0,583,-646,-347,-1115,5309,3610,6752,-5255,8362,180,-180,0,512,0,-699,699,-359,0,0,0,0,0,0,0,407,0,0,0,0,86,86,0,0,253,0,0,-238,0,0,0,109,109,0,0,-159,0,0,-7,-7,0,0,0,0,0,166,0,0,0,0,0,0,0,8,8,0,0,0,0,0,-34,0,0,0,0,58,-33,-33,49,0,0,761,671,0,0,0,0,0,9,-3580,-3505,-938,0,755,-4281,1292,-47,0,0,-3438,0,0,0,0,-4673,5816,-4816,0,0,6290,1884,-771,224,0,0,0,0,0,0,0,0,0,0,0,0,-5352,0,0,-1046,-7828,-7468,951,10987,2315,4717,8782,0,0,0,-9252,-2562,-16700,0,0,-7704,0,0,0,0,0,0,1361,4527,-5552,-8441,0,0,0,0,0,0,0,0,0,0,0,0,0,0,0,-11982,0,0,0,710,-2148,-761,-22326,-2971,4211,0,0,0,260,0,0,0,0,0,0,0,0,0,0,0,0,0,0,-16681,11185,-7697,-6320,0,0,0,0,0,-34953,-31655,9703,-28033,21072,23852,0,0,0,0,-11818,-4209,-2497,-16291,0,2815,3040,0,0,0,0,23399,0,0,0,0,4707,-8570,-14830,-6446,1295,0,0,0,0,0,-18282,0,0,0,0,0,0,0,0,0,1802,-4694,1563,60219,0,0,0,0,0,0,0,-29329,9282,0,0,0,714,-317,0,0,0,0,0,-52801,-17892,14712,-23573,7497,7121,27960,28958,0,0,0,0,14374,0,0,67528,0,0,0,-7921,-50585,-34946,26390,0,0,0,0,0,0,0,0,0,0,0,0,0,0,0,0,-59283,-92220,-25316,59684,-10589,-56642,76208,-8404,0,0,29097,-19828,0,22315,0,0,40459,-12493,-8468,0,26167,-1037,-7365,-2749,0,0,0,0,0,0,0,0,0,0,0,-17899,79004,9016,-3543,-1446,3150,-39601,98334,117353,-159549,-89526,0,0,0,0,45174,50999,-3969,0,0,0,0,0,0,0,0,0,-688621,-721836,-689069,-158102,-243173,251261,-555788,-1235242,-1184045,635824,0,0,0,0,0,-511699,0,0,270673,144114,-604820,1313246
0,-13,0,5,-5,0,0,0,0,0,0,0,0,0,-3902,-4038,-4038,6064,-1007,-955,394,28,0,0,0,0,-46,1239,58,-760,-5309,-2215,10285,5513,-3885,180,180,0,512,0,699,699,359,0,0,0,0,0,0,0,407,0,0,0,0,-86,86,0,0,-253,0,0,-238,0,0,0,109,-109,0,0,-159,0,0,7,-7,0,0,0,0,0,166,0,0,0,0,0,0,0,-8,8,0,0,0,0,0,-34,0,0,0,0,-58,-33,33,49,0,0,671,-761,0,0,0,0,0,-1404,710,-1920,4452,0,284,-84,-607,-4485,0,0,3438,0,0,0,0,-4673,-4816,-5816,0,0,-1041,962,-4920,4188,0,0,0,0,0,0,0,0,0,0,0,0,-5352,0,0,1046,7468,-7828,-11344,2272,-3744,-1167,8782,0,0,0,9252,-16700,2562,0,0,-7704,0,0,0,0,0,0,4527,-1361,-8441,5552,0,0,0,0,0,0,0,0,0,0,0,0,0,0,0,11982,0,0,0,17323,5952,12977,-464,4211,2971,0,0,0,260,0,0,0,0,0,0,0,0,0,0,0,0,0,0,-8836,3330,9031,18216,0,0,0,0,0,31655,-34953,9703,28033,23852,-21072,0,0,0,0,-12517,-11434,1534,11800,0,3040,-2815,0,0,0,0,23399,0,0,0,0,-4707,15914,-7145,-5185,-2325,0,0,0,0,0,-18282,0,0,0,0,0,0,0,0,0,-4694,-1802,60219,-1563,0,0,0,0,0,0,0,-29329,-9282,0,0,0,317,714,0,0,0,0,0,17892,-52801,-9971,-10210,-23357,11394,28958,-27960,0,0,0,0,14374,0,0,-67528,0,0,0,55955,-22859,-2017,-29695,0,0,0,0,0,0,0,0,0,0,0,0,0,0,0,0,59283,-33246,-9132,-69825,-82192,76208,56642,8404,0,0,19828,29097,0,22315,0,0,-40459,8468,-12493,0,6810,1723,25903,-5224,0,0,0,0,0,0,0,0,0,0,0,79004,17899,2937,7172,6272,2540,-39601,-200333,22510,-38709,-121548,0,0,0,0,50999,-45174,-3969,0,0,0,0,0,0,0,0,0,688621,689069,-721836,-243173,158102,-251261,-53954,1192669,-1433724,-400028,0,0,0,0,0,-511699,0,0,-144114,270673,-604820,1313246
0,-13,0,5,-5,0,0,0,0,0,0,0,0,0,-3902,-4038,-4038,6064,1007,955,-394,-28,0,0,0,0,46,-1239,-58,760,-5309,2215,-10285,-5513,3885,180,180,0,512,0,699,699,359,0,0,0,0,0,0,0,407,0,0,0,0,-86,86,0,0,-253,0,0,-238,0,0,0,109,-109,0,0,-159,0,0,7,-7,0,0,0,0,0,166,0,0,0,0,0,0,0,-8,8,0,0,0,0,0,-34,0,0,0,0,-58,-33,33,49,0,0,671,-761,0,0,0,0,0,1404,-710,1920,-4452,0,-284,84,607,4485,0,0,3438,0,0,0,0,-4673,-4816,-5816,0,0,1041,-962,4920,-4188,0,0,0,0,0,0,0,0,0,0,0,0,-5352,0,0,1046,7468,-7828,11344,-2272,3744,1167,8782,0,0,0,9252,-16700,2562,0,0,-7704,0,0,0,0,0,0,4527,-1361,-8441,5552,0,0,0,0,0,0,0,0,0,0,0,0,0,0,0,11982,0,0,0,-17323,-5952,-12977,464,4211,2971,0,0,0,260,0,0,0,0,0,0,0,0,0,0,0,0,0,0,8836,-3330,-9031,-18216,0,0,0,0,0,31655,-34953,9703,28033,23852,-21072,0,0,0,0,12517,11434,-1534,-11800,0,3040,-2815,0,0,0,0,23399,0,0,0,0,-4707,-15914,7145,5185,2325,0,0,0,0,0,-18282,0,0,0,0,0,0,0,0,0,-4694,-1802,60219,-1563,0,0,0,0,0,0,0,-29329,-9282,0,0,0,317,714,0,0,0,0,0,17892,-52801,9971,10210,23357,-11394,28958,-27960,0,0,0,0,14374,0,0,-67528,0,0,0,-55955,22859,2017,29695,0,0,0,0,0,0,0,0,0,0,0,0,0,0,0,0,59283,33246,9132,69825,82192,76208,56642,8404,0,0,19828,29097,0,22315,0,0,-40459,8468,-12493,0,-6810,-1723,-25903,5224,0,0,0,0,0,0,0,0,0,0,0,79004,17899,-2937,-7172,-6272,-2540,-39601,200333,-22510,38709,121548,0,0,0,0,50999,-45174,-3969,0,0,0,0,0,0,0,0,0,688621,689069,-721836,-243173,158102,-251261,53954,-1192669,1433724,400028,0,0,0,0,0,-511699,0,0,-144114,270673,-604820,1313246
3449,-4562,0,0,8020,0,0,0,19639,9074,0,0,0,0,1439,0,8400,0,0,0,0,0,0,0,0,0,0,0,0,0,0,0,0,0,0,0,-1913,5829,-10749,0,17406,0,0,0,0,0,17329,0,0,0,-2047,0,0,0,0,3013,0,0,0,0,0,0,-2890,0,0,9892,0,-5031,0,0,17502,0,-11180,25520,0,0,0,0,0,-1423,3577,0,0,28227,0,0,0,0,4182,0,0,10904,18543,0,-8856,2009,0,0,0,0,0,0,-16286,16588,0,0,-139,-2215,0,0,5424,0,-16951,0,0,0,0,0,0,0,0,0,0,0,0,0,0,0,0,576,4837,455,-7111,33439,0,0,0,0,1668,-26,0,0,0,0,0,0,0,0,-1170,15393,-6265,0,0,0,-282,7,0,0,0,0,4152,325,-14728,0,0,-369,503,0,0,-12944,0,0,0,0,0,-24436,711,-1322,-8732,42292,0,0,49272,-34539,4159,-22522,0,0,0,0,0,0,-546,28454,0,0,0,0,-14808,0,0,0,0,-17441,3011,0,0,0,12559,-26059,0,50566,-1510,14235,-59817,0,0,-684,48810,0,0,0,0,0,0,0,0,0,0,-62521,0,-23721,28777,-1425,-33820,0,-2695,43549,0,0,0,0,0,0,0,0,0,208,-5424,7822,0,0,0,9747,0,0,54657,-319,0,0,0,0,0,0,0,0,0,0,-52162,0,0,0,2977,0,0,0,-68799,362,-36159,16101,-20759,21865,0,5061,-80970,0,0,0,0,6251,0,-33157,0,42832,6841,-17756,0,0,0,0,0,2866,-1415,0,0,0,0,645,-36775,0,-45338,73614,0,33973,0,0,0,0,0,0,0,0,0,0,0,0,0,15641,-1093,9637,0,0,0,0,0,43824,-59453,0,0,0,0,0,0,0,0,-53699,7909,0,0,0,-58,305,0,-22439,0,0,0,-8789,1688,0,0,0,0,0,0,0,0,0,0,0,-4082,0,0,0,0,24918,-15713,0,0,0,0,11500,0,0,0,0,0,0,0,0,1457,-24052,-11293,-31329,1027,0,0,53721,0,0,-67516,35915,0,18738,-435,5039,-23767,0,0,0,0,0,0,0,0,-1403,74224,-21024,0,60488,-110627,33754,83727,13757
7354,-5865,0,0,5531,0,0,0,-12197,5993,0,0,0,0,6916,0,-5401,0,0,0,0,0,0,0,0,0,0,0,0,0,0,0,0,0,0,0,8573,-1383,-5661,0,-20990,0,0,0,0,0,-25340,0,0,0,4775,0,0,0,0,-17834,0,0,0,0,0,0,-11865,0,0,23930,0,10339,0,0,-9514,0,702,4695,0,0,0,0,0,14757,-17329,0,0,-16193,0,0,0,0,-1993,0,0,3036,5031,0,-21636,-7382,0,0,0,0,0,0,-18834,4748,0,0,-172,-2739,0,0,15591,0,-17524,0,0,0,0,0,0,0,0,0,0,0,0,0,0,0,0,4727,-11326,-1065,-6101,28691,0,0,0,0,6898,-108,0,0,0,0,0,0,0,0,2809,-36944,1290,0,0,0,-6205,146,0,0,0,0,5622,-400,18117,0,0,8741,-11908,0,0,13592,0,0,0,0,0,8482,-16308,30333,-3440,16663,0,0,-3196,2241,-5663,30669,0,0,0,0,0,0,866,-45144,0,0,0,0,-1634,0,0,0,0,-36457,6294,0,0,0,900,15647,0,-26357,787,6771,-28451,0,0,770,-54975,0,0,0,0,0,0,0,0,0,0,8589,1,46977,-31766,1573,4670,0,-1389,22444,0,0,0,0,0,0,0,0,0,615,-16014,-17603,0,0,0,37711,0,0,-170,1,0,0,0,0,0,0,0,0,0,0,-4082,0,0,0,38874,0,0,0,-34371,181,-20924,9317,7606,-8011,0,1189,-19017,0,0,0,0,-4129,0,-46368,0,58957,13561,-35198,0,0,0,0,0,-11855,5854,0,0,0,0,-261,14871,0,-35965,58396,0,18840,0,0,0,0,0,0,0,0,0,0,0,0,0,-1281,-4251,37462,0,0,0,0,0,26951,-36562,0,0,0,0,0,0,0,0,25401,-3741,0,0,0,813,-4290,0,-11405,0,0,0,-46389,8907,0,0,0,0,0,0,0,0,0,0,0,-21410,0,0,0,0,-2769,1746,0,0,0,0,-2157,0,0,0,0,0,0,0,0,1043,-17225,-9379,-46672,1530,0,0,-4821,0,0,-93555,49766,0,22121,-514,11945,-56342,0,0,0,0,0,0,0,0,-1570,83096,-81919,0,63060,-97222,29664,27053,-5401
3742,-2648,2654,-2028,2546,-563,3059,11738,4861,-6470,-4917,-1549,-4348,5278,793,2105,4131,-9,0,0,0,0,0,0,0,0,0,0,0,0,2704,0,0,0,0,-4606,-1003,-3495,-3001,-4007,-2918,-2624,713,4919,8037,-3882,-802,-2221,-60,-1710,-4422,10261,-781,-2607,-1113,-481,-1310,7550,-4767,-5462,-6016,755,10651,-10385,10961,2872,6075,4675,-1996,14174,-3893,2256,10405,-6412,3223,554,-11106,1736,-11453,3449,-3062,173,1889,-6013,2620,1448,6805,1204,1252,3489,-7852,-536,-1520,-9021,1167,3792,-10238,7838,7129,-10295,2241,-2775,-5834,972,4226,-1786,-485,-1743,886,-591,9598,7148,-6539,0,0,0,0,13377,0,0,0,0,6804,-870,1671,0,0,0,0,776,11522,-2691,1825,-12913,0,0,0,0,-20453,10609,12519,14626,-10404,-8491,0,0,0,0,16738,10575,-1203,5767,2549,4947,8621,-11291,0,0,0,0,1946,-8538,-2547,-3359,2981,-9239,17122,-38116,17428,-1806,0,0,0,0,457,-3126,7492,-27480,-37953,7722,21270,12108,32304,11403,-15309,-41228,-30005,35406,-16881,-28683,-8107,-4491,44922,-27427,14921,-41271,-5880,-1851,4093,0,0,0,0,9919,-37381,-1811,-76563,27766,4103,-260,-8220,67628,-15931,-27798,3294,-9983,-2475,17244,8929,0,0,0,0,0,0,0,0,-33021,83930,-2225,-21482,-17293,-4303,-23147,2898,14221,22899,-19369,40379,37478,3425,2989,0,0,0,0,2512,9485,-52827,-4825,7409,6999,58480,20981,78334,-22499,59502,25100,-31056,0,0,0,0,10286,-4898,-14422,89412,-99903,-2084,-8886,42812,26239,104,-3247,26341,164,10286,34828,-331,-18248,22073,57318,-7324,-6697,-48320,0,0,0,0,-2709,-49702,635,-3549,-27200,6089,-8083,-11497,7357,-35925,32098,101893,436,32544,0,0,0,0,-59133,-11124,-29923,3188,15822,77561,13011,5057,-91104,34428,-30159,98887,26316,0,0,0,0,29008,3313,75009,8117,25380,11731,60200,0,0,0,0,10882,22344,1428,111,11363,60595,0,0,0,0,-27329,-29513,-52386,-38736,-96282,40123,48703,30753,15519,93958,15691,14265,38721,32140,10024,0,0,0,0,0,0,0,0,-68330,77489,9683,89035,-22317,3707,65531,22039,-32213,0,0,0,0,-22723,0,0,0,0,0,0,0,0,-97777,-348,-10220,-1789,6661,5983,362,80254,-71006,-10276,1856,-3371,16008,-5609,43570,-11008,-17535,3250,0,0,0,0,-13139,-26949,-46529,4391,14515,15773,15514,16762,-16928,17622,27789,13624
999,-2814,2348,-2063,4930,-3464,456,3578,1535,4629,376,7249,972,3203,2309,3006,-425,1285,0,0,0,0,0,0,0,0,0,0,0,0,2179,0,0,0,0,-2095,8026,-2885,8778,2549,-791,922,1566,-7001,-5607,5420,2832,3303,-5449,-13566,-2133,13336,-1965,853,-11665,9095,1523,-1662,-10299,3436,-13914,-2986,1610,-7028,-4157,-5602,1079,-3488,5165,-3391,4405,5939,-6088,522,-316,5386,45,-5825,7913,-5713,-2119,8304,1891,2693,-977,-1365,6362,476,2327,3293,-9943,-4474,4174,758,-516,1038,1332,4505,-1087,8365,1546,-5508,-2306,2939,3186,-2988,2536,919,5600,3177,5672,3040,-8225,0,0,0,0,858,0,0,0,0,2384,-8128,-467,0,0,0,0,2755,-3099,-1170,4363,-1089,0,0,0,0,5245,-2813,4011,-1038,4695,6180,0,0,0,0,-8602,-5287,6743,9133,-2376,-5822,-850,3370,0,0,0,0,-3811,-7758,19095,-1863,3614,-10819,-2442,-5931,12772,15776,0,0,0,0,-8159,4174,88,1046,8444,-28205,21012,1177,-6147,4913,14999,-34786,-2525,4543,-12156,-5616,17906,-13803,15567,9767,-25943,-19170,2833,2023,-4128,0,0,0,0,-15999,-29550,-5890,-5737,37068,-10115,-2593,-2721,-33250,8159,3907,47895,30844,4731,20648,-67082,0,0,0,0,0,0,0,0,13139,-15768,53556,-17048,51306,-9993,5542,3574,19421,-7420,-17663,-11763,18851,-14804,14025,0,0,0,0,10914,26139,-35505,34292,13691,-24669,803,-12888,69703,43050,87139,5196,-42838,0,0,0,0,8007,15623,-765,44121,-23103,25579,76,29042,-3149,23208,18177,10430,-22871,29190,42858,-10450,48013,-9717,-44634,9779,-69864,-2024,0,0,0,0,4110,-32809,-10026,-129681,-77989,-106919,-36639,-46458,-60074,64272,21091,-64193,3862,72229,0,0,0,0,22060,59450,30902,54266,33663,-56749,-4259,-88623,160983,-63915,190310,-63935,116330,0,0,0,0,104808,-130730,-156286,-11419,30507,41942,-43114,0,0,0,0,115261,200297,29463,78467,36957,-84576,0,0,0,0,74488,91118,70783,74547,166444,-58849,30969,16625,-16223,31821,-1494,-71548,41195,8583,7688,0,0,0,0,0,0,0,0,-184,-54938,-29961,-130018,188456,-2032,-106201,25231,-60419,0,0,0,0,31139,0,0,0,0,0,0,0,0,52621,17890,13306,-10119,-53410,26593,5700,99532,95798,119687,-41086,-53881,-6691,-5092,-59706,90965,-88350,85962,0,0,0,0,-92237,-64178,76898,96573,40381,-106476,-17155,77919,-27028,-94458,-89536,-48118
2037,-3482,-1792,-2900,4891,2418,5151,-578,-4430,-1600,2622,2582,5901,6506,2993,-2980,408,49,0,0,0,0,0,0,0,0,0,0,0,0,-423,0,0,0,0,-1802,-7928,-5309,-2428,11854,3654,4378,-2771,-5922,6857,-3844,8614,-5966,-7795,-4952,3913,4292,-4493,-14556,1558,-5601,6169,-11826,-7147,7275,-311,-2460,-702,6146,3751,-3275,-1870,-2361,-8971,-6255,-4046,-5422,-3151,-5785,-7310,-8583,-3009,4860,-5917,3808,9933,-11608,-1644,667,-6095,13114,-597,9887,-5948,5009,-308,-9801,-6245,8851,6290,1432,8830,11775,3704,6269,8447,-4373,-666,692,15228,-710,1332,-824,-2776,2127,7469,-377,-5735,0,0,0,0,-6241,0,0,0,0,-19370,2628,3001,0,0,0,0,570,304,-1833,4464,6892,0,0,0,0,4998,-3103,-1008,-10722,1170,12407,0,0,0,0,-1031,-1068,3019,-2487,-686,-1996,-6759,-7278,0,0,0,0,-61,-10511,-13785,7785,-4080,-932,-1285,21858,7282,8836,0,0,0,0,4311,-19442,1212,115,9712,-15411,-3372,11340,-28274,35205,10793,5405,20545,1227,1950,-36379,989,5739,-29836,-13621,30901,504,-2647,-1792,-10793,0,0,0,0,-4816,30161,-12130,17721,-7302,-55,-4698,43743,-18578,-34225,-53638,-25583,-10894,8911,-13025,12937,0,0,0,0,0,0,0,0,30932,12525,-31074,12685,-18856,-5570,57262,27568,-26604,50589,39413,49938,18900,15945,4614,0,0,0,0,-7036,34012,-7933,-79483,-101107,-698,-16161,4947,39685,16957,22402,-57767,29737,0,0,0,0,-12101,-13614,-21938,68826,13262,20970,-7930,-27565,-22598,43888,-81431,78594,9276,22269,84665,-52788,52888,8340,30279,-44039,16723,-12900,0,0,0,0,1909,-68004,107938,-72587,23732,-6351,59644,-54071,7950,15696,62862,-48303,42355,-15668,0,0,0,0,-31891,11446,-8195,-78570,31346,119055,1653,-42221,295,3451,49612,-26945,-1590,0,0,0,0,7014,-12577,-29014,5153,23566,44484,611,0,0,0,0,50060,-34722,14263,26022,6241,16207,0,0,0,0,30318,-1132,-27798,-96506,-149444,37805,14607,-83828,-17383,15109,-71563,12478,33658,10514,-15401,0,0,0,0,0,0,0,0,-22547,53052,-43881,119169,-26972,43240,25321,18779,-36902,0,0,0,0,7160,0,0,0,0,0,0,0,0,-38946,-54929,4522,-55923,18072,4348,-6723,26865,-77286,-17502,-45217,85598,13054,26146,32040,-29179,-90112,869,0,0,0,0,-14615,-49653,-46427,-35904,93520,-51699,61048,98062,-42218,1062,-6733,-4310
999,-2814,-2348,2063,4930,-473,3461,3578,1535,4629,376,-7249,3321,-420,2309,-3006,-425,-1285,0,0,0,0,0,0,0,0,0,0,0,0,-2179,0,0,0,0,2095,8026,-2885,8778,-2549,-791,-922,-1566,4666,7660,5420,2832,-3303,-5449,13566,-2133,9313,-9746,-853,11665,9095,-1523,-1555,10315,-3436,277,14228,1610,-7028,-4157,-5602,-1079,-3488,1905,-5878,4405,5939,-6088,522,316,-5386,-45,5825,-7913,-5713,-2119,4063,7485,2693,-977,-6481,576,476,2327,-3293,-9943,-4474,4174,-758,-516,1038,-2643,-3884,1087,-8365,-1546,5508,-2306,2939,-3186,2988,-2402,1229,5600,-3177,5672,3040,-8225,0,0,0,0,-858,0,0,0,0,-2384,8128,467,0,0,0,0,2755,-3263,572,-3542,-2770,0,0,0,0,5245,-2813,3409,-2353,-4695,-6180,0,0,0,0,-8602,-5287,6743,-1608,9299,5822,-1008,-3326,0,0,0,0,-3811,6907,19419,1863,-3614,5572,9589,6244,12622,15776,0,0,0,0,8159,4174,-921,504,3417,-29243,-17462,11746,-6714,4103,14999,-34786,2525,-4543,12156,-5616,-15594,-16370,-15930,9162,25943,19170,2253,-2655,-4128,0,0,0,0,-5165,33204,-5890,5737,-37068,-10115,-2593,-2721,-33678,-6160,3907,47895,-30844,-4731,20648,-67082,0,0,0,0,0,0,0,0,-15160,-13836,53556,17050,51306,-10492,-4527,3574,-19421,9541,-16614,-2875,-22033,14804,14025,0,0,0,0,-10914,-23338,-37406,34292,13691,24669,-803,-12888,-69703,43050,87072,-6213,42838,0,0,0,0,12211,-12613,765,-44121,23103,25579,-76,-18572,-22549,23208,17179,-12003,22871,28738,-43162,-42675,-24358,45078,7388,-9779,-69864,-2024,0,0,0,0,4110,32809,-10026,-129681,-77989,103864,44570,-46458,79972,36666,67412,4594,-55002,-46976,0,0,0,0,-24131,58640,30902,54266,33663,56749,-4259,128903,130972,63915,-190310,63935,-116330,0,0,0,0,-54875,-158316,-156286,-11419,-39128,34041,-43114,0,0,0,0,-225432,-50837,-8753,83357,-36957,84576,0,0,0,0,45055,-108724,-70783,63997,-170779,43441,50350,-16625,-16223,-31531,-4536,71548,35087,-23230,-7688,0,0,0,0,0,0,0,0,-184,-54938,-29961,130018,-188456,-28336,102371,65394,3272,0,0,0,0,31139,0,0,0,0,0,0,0,0,-54395,11409,13306,-6600,53958,14114,23248,99532,-95798,-119687,-41086,-53881,6691,-2315,59878,-47290,-117660,-85962,0,0,0,0,-92237,-85085,52847,-98030,36703,-106476,17155,77919,30308,93457,-89536,-48118
3742,-2648,-2654,2028,2546,-3062,547,11738,4861,-6470,-4917,1549,3044,-6123,793,-2105,4131,9,0,0,0,0,0,0,0,0,0,0,0,0,-2704,0,0,0,0,4606,-1003,-3495,-3001,4007,-2918,2624,-713,-7343,-5906,-3882,-802,2221,-60,1710,-4422,6570,-7921,2607,1113,-481,1310,7599,4688,5462,-1889,5761,10651,-10385,10961,2872,-6075,4675,-13142,5672,-3893,2256,10405,-6412,-3223,-554,11106,-1736,11453,3449,-3062,1865,-343,-6013,2620,-6577,-2269,1204,1252,-3489,-7852,-536,-1520,9021,1167,3792,-12550,2960,-7129,10295,-2241,2775,-5834,972,-4226,1786,263,-1790,886,591,9598,7148,-6539,0,0,0,0,-13377,0,0,0,0,-6804,870,-1671,0,0,0,0,776,10818,4792,3587,-12539,0,0,0,0,-20453,10609,-2864,-19038,10404,8491,0,0,0,0,16738,10575,-1203,3020,5535,-4947,9142,10873,0,0,0,0,1946,8642,-2168,3359,-2981,-13565,13946,38534,16483,-1806,0,0,0,0,-457,-3126,18791,-21405,31791,22122,-12099,21275,298,-34256,-15309,-41228,30005,-35406,16881,-28683,8697,-3204,-43837,-29129,-14921,41271,-5249,3232,4093,0,0,0,0,21879,31891,-1811,76563,-27766,4103,-260,-8220,68459,11866,-27798,3294,9983,2475,17244,8929,0,0,0,0,0,0,0,0,44119,78665,-2225,21482,-17293,-1995,23459,2898,-14221,-20336,-22044,52293,-17333,-3425,2989,0,0,0,0,-2512,-5404,-53399,-4825,7409,-6999,-58480,20981,-78334,-22499,59205,-25793,31056,0,0,0,0,8412,7682,14422,-89412,99903,-2084,8886,-48959,-11152,104,-5574,-25949,-164,9920,-34934,13340,12455,-58386,-19070,7324,-6697,-48320,0,0,0,0,-2709,49702,635,-3549,-27200,908,-10079,-11497,-20440,-30446,-82347,-68055,-25574,-20131,0,0,0,0,59486,-9044,-29923,3188,15822,-77561,13011,-29537,-86331,-34428,30159,-98887,-26316,0,0,0,0,-28438,-6611,75009,8117,-27363,5746,60200,0,0,0,0,-24564,-3784,-1354,467,-11363,-60595,0,0,0,0,-17660,36139,52386,-32641,98515,-55158,30651,-30753,15519,-95029,6615,-14265,24063,-44195,-10024,0,0,0,0,0,0,0,0,-68330,77489,9683,-89035,22317,19862,-62559,38567,-6004,0,0,0,0,-22723,0,0,0,0,0,0,0,0,97104,11454,-10220,-2221,-6530,2306,5532,80254,71006,10276,1856,-3371,-16008,-7625,-43263,17176,-11560,-3250,0,0,0,0,-13139,42324,33165,-4936,14339,15773,-15514,16762,-23882,-5170,27789,13624
