164,262,960072
164,283,225080
164,284,397448
164,287,120950
164,288,119344
164,289,390530
164,290,390530
260,326,744132
260,328,251580
260,333,539154
260,335,800204
260,336,506002
260,339,92520
260,340,92520
260,346,1043290
260,347,922556
260,351,305274
235,106,150778
260,357,1299466
260,359,1043290
260,360,922556
260,364,305274
236,107,150778
260,369,1302594
260,371,332358
260,373,82688
260,377,190436
260,380,134060
260,382,332358
260,384,82688
260,388,190436
260,392,141830
236,28,654358
236,105,671382
235,28,654358
235,105,671382
260,411,330494
260,416,301686
260,417,64056
260,418,330494
260,423,301686
260,424,66336
280,25,491736
280,26,361104
280,29,486480
280,31,156300
280,32,76968
280,34,245362
280,37,807526
280,38,590296
280,40,180466
280,41,180466
280,44,43436
280,45,43436
280,46,392754
280,47,392754
280,48,221516
280,49,318904
280,52,195992
280,53,303162
280,55,486480
280,60,68454
280,61,468302
280,62,365026
280,63,424224
280,64,424224
280,65,296214
280,66,296214
226,34,814244
226,58,1480610
280,116,292726
280,117,635792
280,119,764728
280,121,649756
79,116,832810
100,116,584636
280,125,598886
280,126,202070
280,127,277806
280,128,277806
236,116,513052
235,116,513052
280,138,30708
280,140,554732
280,142,345572
280,147,40272
280,148,146832
280,149,146832
280,150,9714
280,151,9714
280,152,68410
280,153,68410
83,114,1469662
83,95,934680
83,116,409920
83,119,228834
72,158,930370
81,333,453638
83,129,133642
83,130,133642
280,176,1663074
280,177,1067482
280,180,619468
280,181,861506
280,185,1021010
280,186,58206
280,188,239492
280,189,215430
280,190,215430
280,191,173296
280,192,173296
280,197,319672
280,199,365026
280,208,1073120
280,209,1222012
280,212,513204
280,213,513204
72,95,2938354
72,133,422742
72,134,422742
79,117,238398
79,119,550282
79,124,896534
79,126,633568
79,133,706922
79,134,706922
100,118,116430
100,119,374586
100,129,441740
100,130,441740
100,131,293412
100,132,293412
280,295,950662
280,297,322206
280,300,536454
280,308,511698
280,309,511698
280,310,45492
280,312,164192
280,316,159012
280,317,548364
280,320,560652
280,321,561498
280,335,673526
280,336,114470
233,126,853378
234,126,853378
280,345,161438
280,347,207176
280,348,866202
280,353,950350
236,127,177520
280,358,161438
280,360,207176
280,361,866202
280,365,950350
235,128,177520
280,371,40862
280,372,824860
236,129,1279600
238,373,206966
280,382,40862
280,383,824860
235,130,1279600
237,384,216014
236,114,833338
236,117,756368
236,119,281912
236,124,556786
236,134,1057634
235,114,833338
235,117,756368
235,119,281912
235,124,556786
235,133,1080854
280,412,403874
280,414,884042
280,415,550328
280,419,403874
280,421,884042
280,422,550328
296,48,66814
296,51,79746
296,52,788148
296,53,882892
183,53,996370
296,58,18608
296,59,794918
296,63,1303316
296,64,1303316
234,135,174884
233,135,174884
296,67,415580
296,68,415580
296,71,952082
296,72,553746
296,74,706128
296,75,60216
228,178,259826
234,136,344176
233,136,344176
296,114,567698
296,116,380370
296,117,45600
296,118,281350
296,119,592030
82,180,234570
296,125,897692
296,135,902962
296,136,818680
296,137,27642
296,138,273210
228,140,1118924
296,143,327598
296,145,251174
296,148,898608
296,149,898608
296,152,483150
296,153,483150
296,154,73036
296,155,73036
183,31,1921374
228,179,744402
228,180,108638
222,140,1223246
82,160,68882
228,185,143332
228,193,137580
228,194,137580
234,140,197744
233,140,197744
296,193,254742
296,194,254742
33,135,1362842
33,136,489002
33,147,11940
82,191,390530
82,192,390530
82,193,134034
82,194,134034
100,135,1217138
100,144,65016
100,148,2611634
100,149,2611634
100,154,2094752
100,155,2094752
100,276,931272
296,275,67202
296,276,550740
296,284,93858
296,285,329460
296,286,329460
296,287,97890
296,288,97890
296,289,181198
296,290,181198
162,150,42558
162,151,44164
162,152,450716
162,153,450716
162,154,289820
162,155,289820
166,49,686676
166,50,2288906
82,125,113886
100,326,1136198
166,59,1647850
166,62,1924476
166,65,480208
166,66,485616
296,345,107978
296,347,301686
296,351,45382
234,148,378002
296,358,107978
296,360,301686
296,364,45382
233,149,378002
234,30,479426
234,96,443610
234,137,240458
231,403,35248
234,154,1228466
233,30,479426
233,96,443610
233,137,240458
232,394,35248
233,155,1229362
296,393,693642
296,394,183198
296,395,118732
296,401,18072
296,402,693642
296,403,183198
296,404,118732
296,411,780330
296,416,737984
296,418,780330
296,423,737984
229,26,111600
229,27,319154
229,28,471632
229,29,729824
229,31,590978
229,35,1190600
229,40,654358
229,41,654358
229,42,529310
229,43,529310
83,93,774524
77,179,1202914
229,105,1143732
229,106,117026
229,107,117026
229,108,221060
229,109,221060
229,110,483672
229,111,483672
229,114,692404
229,115,468302
229,116,247286
229,117,257860
83,158,934750
229,119,692008
229,123,266454
229,124,353418
229,129,248244
229,130,248244
229,131,508750
229,132,508750
229,133,527822
229,134,527822
222,179,73884
77,160,2391856
194,55,422742
193,55,422742
229,181,648294
229,186,380040
229,189,1159562
229,190,1159562
229,195,81250
229,196,81250
77,176,1177044
77,140,2170628
77,187,2288906
77,191,1282942
77,192,1287300
77,193,24854
77,194,24854
229,261,420726
229,272,351468
229,273,351468
116,162,52954
122,167,668256
122,168,59178
122,169,59178
122,172,174610
122,173,174610
122,174,419878
122,175,419878
140,52,593634
140,65,485616
140,66,480208
140,67,225454
140,68,225454
160,48,2006438
160,49,718060
160,51,1168398
77,125,1625250
77,61,586
160,58,1171568
160,59,324968
160,62,2002648
160,67,96368
160,68,96368
229,345,1519920
229,346,797744
229,350,1219114
229,354,1092898
229,356,381040
229,357,845828
229,358,1519920
229,359,797744
229,363,1219114
229,368,1092898
229,369,845828
229,370,381040
229,371,1200194
229,372,434772
229,382,1200194
229,383,440180
173,327,96368
229,401,497932
172,327,96368
229,409,497932
229,411,47286
229,412,837536
229,418,47286
229,419,837536
332,25,271426
332,26,370292
332,27,437930
332,28,692404
332,29,76968
332,31,182058
332,32,486480
142,310,912702
332,40,833338
332,41,833338
332,42,67322
332,43,67322
332,48,212328
332,49,539214
332,50,602106
332,52,486480
332,53,21492
332,55,195992
332,58,366466
332,59,365026
142,61,996370
162,177,1700946
332,69,400338
332,70,400338
332,71,567698
332,72,297534
332,73,285090
332,77,132958
332,85,73386
332,86,73386
234,178,357088
233,178,357088
332,89,958260
332,90,958260
332,91,293780
332,92,293780
332,94,646802
332,95,539464
332,97,465868
332,98,301766
332,100,2852
83,179,566402
332,102,110028
332,106,700076
332,107,700076
332,108,121246
332,109,121246
332,112,9000
332,113,9000
332,114,910384
332,115,1067482
332,116,686268
332,117,952556
332,118,735344
332,119,739328
83,180,703668
332,123,506664
332,124,43934
332,129,233358
332,130,233358
332,131,292838
332,132,292838
221,31,814244
221,53,1480610
332,178,515850
332,180,644868
332,181,467964
332,183,315430
332,186,110686
142,181,1370294
162,181,1019762
234,181,951576
233,181,951576
332,193,4262
332,194,4262
332,197,97104
332,198,632930
332,201,365026
332,206,1222012
332,214,587244
332,215,587244
316,179,434070
316,185,91538
316,186,394920
146,160,286750
83,176,773080
83,181,372592
72,183,632168
83,187,120554
83,191,24646
83,192,23040
83,193,1237032
83,194,1237032
332,259,640344
332,261,266134
332,262,455532
33,259,996618
332,264,397384
332,266,611374
332,267,611374
332,270,469328
332,271,469328
332,272,284980
332,273,284980
332,274,120730
79,186,106652
332,285,964772
332,286,964772
235,186,57410
236,186,57410
142,180,120920
75,54,2029638
117,76,1140556
142,191,44164
142,192,42558
142,195,75204
142,196,75204
162,176,217422
162,179,611494
162,180,2113984
162,185,1728472
126,76,386610
162,189,1333416
162,190,1333416
332,346,152538
332,347,280330
332,348,928598
332,350,214518
232,404,138650
332,359,152538
332,360,280330
332,361,928598
332,363,214518
231,395,157268
234,176,392754
234,179,22864
234,186,107320
234,193,410984
233,176,392754
233,179,22864
233,186,107320
233,194,439990
332,393,108684
332,397,601792
332,400,684952
332,402,108684
332,406,601792
332,410,684952
332,411,229332
332,412,245420
332,413,489628
332,414,215528
332,417,44190
332,418,229332
332,419,245420
332,420,489628
332,421,215528
332,424,44190
33,115,319672
33,116,175642
33,126,36974
33,131,460012
33,132,460012
33,133,281550
33,134,281550
33,177,97104
33,178,89638
33,180,19134
33,181,263614
33,184,140376
33,185,173742
33,186,36974
33,187,387490
33,188,535986
33,191,450776
33,192,450776
33,198,27436
33,200,636020
33,201,352540
33,204,412208
33,206,394796
33,208,298396
33,209,303412
33,212,587384
33,213,587384
33,214,77758
33,215,77758
33,257,828518
33,262,265468
33,264,399706
33,275,447434
33,277,331314
33,278,36974
33,281,473022
33,282,415418
33,283,382052
33,284,852334
33,285,367236
33,286,367236
33,287,710000
33,288,710000
33,289,939858
33,290,939858
33,293,1362842
33,297,40546
33,298,285820
33,315,86784
33,327,236834
33,328,577586
33,329,610952
33,330,36974
33,333,526848
33,336,360498
33,337,248476
33,338,248476
33,339,143890
33,340,143890
33,373,281126
33,384,281126
33,395,379446
33,398,375404
33,404,379446
33,407,375404
33,413,278972
33,416,94566
33,420,278972
33,423,94566
79,25,264312
79,26,28102
79,30,1442542
79,32,681756
79,34,861934
79,35,912702
79,36,801508
79,37,1138176
79,38,190964
79,39,447096
79,40,500496
79,41,500496
79,138,3830
79,140,266454
79,144,1185102
79,148,882318
79,149,882318
79,176,807526
79,177,602106
79,180,168710
79,181,14702
72,160,478316
79,185,180438
79,189,186108
79,190,186108
79,191,604418
79,192,604418
79,193,211948
79,194,211948
79,201,202396
79,209,280440
72,48,637306
72,53,513982
72,60,213996
72,61,286750
79,257,579310
73,158,68882
79,259,495426
79,261,662490
79,264,1566044
79,268,1404376
79,269,1404376
79,270,260848
79,271,260848
79,274,1178338
79,275,1341470
79,276,1371226
79,278,165904
79,281,1379238
79,282,968740
79,284,1153068
79,287,641260
79,288,641260
79,294,960072
79,297,629004
79,298,428396
76,60,934680
77,300,774524
79,304,759942
79,305,759942
79,306,33244
79,307,33244
76,48,2018556
76,58,120554
76,61,2938354
77,315,668256
77,318,1118894
77,319,1118894
77,324,520276
77,325,520276
79,345,471850
79,349,35728
79,351,27086
79,355,1384526
79,358,471850
79,362,35728
79,364,27086
79,367,1384526
79,373,147034
79,376,641260
79,378,1762956
79,379,1461220
79,381,2994434
79,384,147034
79,387,641260
79,389,1467474
79,390,1756702
79,391,2976004
79,393,1064914
79,402,1064914
79,411,1131644
79,415,323070
79,416,482946
79,418,1131644
79,422,323070
79,423,482946
100,55,142496
100,58,550596
100,59,351030
100,62,457510
100,63,56558
100,64,56558
100,65,92306
100,66,92306
100,67,768492
100,68,768492
100,69,1186940
100,70,1186940
100,156,2351954
97,158,960072
100,159,225080
100,170,119344
100,171,119344
100,172,390530
100,173,390530
100,176,45492
100,178,553562
100,180,590864
100,181,453188
100,184,706466
100,188,866000
100,189,460850
100,190,460850
100,259,27642
100,264,593674
100,265,251174
100,266,436018
100,267,436018
100,268,861710
100,269,861710
100,272,1283724
100,273,1283724
100,278,429758
100,283,1202914
100,284,787584
100,293,652158
100,297,1518794
100,300,1549234
100,308,300718
100,309,300718
100,310,859600
100,314,690098
100,318,196110
100,319,196110
100,322,472856
100,323,472856
100,324,362438
100,325,362438
100,334,59068
100,335,529804
100,336,73388
100,339,472898
100,340,472898
100,341,613720
100,342,613720
100,343,42732
100,344,42732
100,349,1043290
100,350,1816
100,356,1553708
100,362,1043290
100,363,1816
100,370,1553692
100,371,529488
100,373,4564
100,377,190436
100,381,372864
100,382,529488
100,384,4564
100,388,190436
100,391,367530
100,393,211520
100,398,180144
100,399,221866
100,402,211520
100,407,180144
100,408,221866
100,411,330494
100,413,301686
100,418,330494
100,420,301686
121,25,581006
121,26,904770
121,31,508050
121,36,486480
121,38,460860
121,39,76968
121,40,224
121,41,224
121,42,461666
121,43,461666
121,44,102218
121,45,102218
121,46,738542
121,47,738542
121,48,364542
121,49,592270
121,51,302396
121,53,82882
121,55,365026
121,59,195992
121,60,880344
121,62,486480
121,63,18042
121,64,18042
121,69,221274
121,70,221274
121,136,322206
121,139,536454
121,145,555740
121,154,346908
121,155,346908
121,156,744132
121,159,159012
121,160,425892
121,165,463266
121,167,361964
121,170,561498
121,171,561498
121,172,716402
121,173,716402
121,180,380724
121,181,292752
121,187,96844
121,193,546492
121,194,546492
121,197,447434
121,200,1155366
121,201,1222012
121,206,365026
121,274,676722
118,277,1480610
121,276,353964
121,277,93780
121,278,152942
121,281,166728
121,282,993904
121,284,364606
121,287,829116
121,288,829116
121,289,1532926
121,290,1532926
121,293,67202
121,298,596380
121,299,30708
121,301,498160
121,302,146832
121,303,146832
121,304,9714
121,305,9714
121,306,68410
121,307,68410
97,27,1136198
97,81,934680
118,81,2234
118,84,1079910
118,87,132796
118,88,133642
118,89,155648
118,90,155648
121,326,638108
121,327,711612
121,328,142688
121,329,594432
121,330,892908
121,334,263968
121,335,863142
121,336,683224
121,337,71404
121,338,71404
121,339,362886
121,340,362886
121,341,385704
121,342,385704
121,345,87084
121,348,940556
121,350,282402
121,352,51750
121,353,434894
121,357,1658464
121,358,87084
121,361,940556
121,363,282402
121,365,434894
121,366,51750
121,369,1658488
121,371,433256
121,375,824860
121,379,337996
121,381,1487864
121,382,433256
121,386,824860
121,389,337996
121,391,1480108
121,394,162188
121,395,422706
121,397,361770
121,403,162188
121,404,422706
121,406,361770
121,411,152600
121,412,32702
121,416,643214
121,418,152600
121,419,32702
121,423,643214
142,48,108696
142,49,237106
142,51,277820
142,52,399996
142,55,681338
142,57,127376
142,59,186460
142,60,367036
142,63,910602
142,64,910602
142,65,174884
142,66,174884
142,69,282550
142,70,282550
140,125,729718
139,84,68882
142,87,390530
142,88,390530
142,89,134034
142,90,134034
142,119,321630
142,122,59442
142,124,263684
142,129,683060
142,130,683060
142,131,245360
142,132,245360
142,239,2210498
142,243,553746
142,245,410330
142,246,60216
142,247,259826
142,251,344176
142,252,344176
142,281,429488
142,282,332656
142,283,517776
142,284,364258
142,285,123986
142,286,123986
142,291,450990
142,292,450990
142,293,902962
142,294,327598
142,295,251174
142,297,818680
142,298,27642
142,299,273210
142,300,484372
142,302,898608
142,303,898608
142,306,483150
142,307,483150
142,308,73036
142,309,73036
142,311,143332
142,314,744402
139,62,354996
142,322,3072
142,323,3072
142,336,764232
142,339,639196
142,340,639196
142,341,542896
142,342,542896
142,345,107978
142,350,301686
142,351,133688
142,355,905036
142,358,107978
142,363,301686
142,364,133688
142,367,905036
142,375,443610
142,377,75662
142,379,240228
142,381,260964
142,386,443610
142,388,74754
142,389,240228
142,391,249484
142,393,390720
142,395,196856
142,397,183198
142,402,390720
142,404,196856
142,406,183198
142,411,780330
142,413,779504
142,418,780330
142,420,779504
162,26,76272
162,28,1190600
162,34,223446
162,35,275772
162,36,323068
162,38,379084
162,40,211520
162,41,211520
162,44,950876
162,45,950876
162,46,378672
162,47,378672
162,94,420726
162,102,266454
162,112,351468
162,113,351468
81,322,355170
81,323,355170
81,324,256292
81,325,256292
162,199,271936
162,257,60596
97,50,774524
162,265,497046
162,266,117026
162,267,117026
162,268,221060
162,269,221060
162,270,483672
162,271,483672
162,274,252656
162,282,213318
159,81,668546
162,284,252240
162,287,174650
162,288,174650
162,289,328190
162,290,328190
162,291,691408
162,292,691408
159,67,422742
159,68,422742
162,329,583178
162,330,19390
162,336,793552
162,341,203176
162,342,203176
162,345,1519920
162,347,298374
162,349,797744
162,351,266552
162,354,382452
162,356,527024
162,357,297454
162,358,1519920
162,360,298374
162,362,797744
162,364,266552
162,368,382452
162,369,297454
162,370,527024
162,371,2199974
162,375,434772
162,377,858016
162,382,2199974
162,386,434772
162,388,848444
162,398,1168436
162,399,432038
162,407,1168436
162,408,432038
162,411,71094
162,413,8208
162,415,837536
162,418,71094
162,420,8208
162,422,837536
183,25,544792
183,26,513318
183,27,437204
183,34,67860
183,35,252656
183,36,76968
183,38,759240
183,39,486480
183,44,535706
183,45,535706
183,48,755994
183,49,628484
183,51,98760
183,52,365026
183,57,330052
183,58,43904
183,59,486480
183,60,326052
183,62,195992
183,63,147234
183,64,147234
183,67,343666
183,68,343666
183,69,459120
183,70,459120
163,326,931272
160,125,28602
163,147,120554
163,334,566402
163,335,96324
163,341,1237032
163,342,1237032
183,94,266134
183,95,48776
183,97,397384
183,102,913420
183,105,334264
183,106,403084
183,107,403084
183,110,469328
183,111,469328
183,112,284980
183,113,284980
183,114,120730
183,116,117514
183,122,155636
183,123,498364
183,129,537256
183,130,537256
183,197,236834
183,199,1222012
183,204,1003000
183,209,365026
159,329,359244
159,335,731724
183,243,297534
183,244,285090
183,248,868176
183,249,73386
183,250,73386
183,251,91322
183,252,91322
183,253,958260
183,254,958260
183,255,293780
183,256,293780
183,261,646802
183,262,151128
183,264,465868
183,265,893148
183,266,491786
183,267,491786
183,268,121246
183,269,121246
183,272,9000
183,273,9000
183,274,430426
183,275,711612
183,281,560270
183,282,585390
183,283,1093456
183,284,339206
183,285,531132
183,286,531132
183,289,4276
183,290,4276
183,291,339062
183,292,339062
183,326,676722
183,327,1480610
183,329,43136
183,330,545266
183,333,818920
183,335,888542
183,336,289682
183,339,1335258
183,340,1335258
183,341,32476
183,342,32476
183,343,430152
183,344,430152
183,345,377356
183,346,38338
183,347,159020
183,349,328740
183,350,169708
183,352,128108
183,354,2350306
183,358,377356
183,359,38338
183,360,159020
183,362,328740
183,363,169708
183,366,128108
183,368,2350306
183,371,738542
183,375,38386
183,379,1562102
183,381,10770
183,382,738542
183,386,38386
183,389,1562102
183,391,10770
183,393,320878
183,394,601792
183,400,423360
183,402,320878
183,403,601792
183,410,423360
183,414,1008450
183,415,245420
183,416,76474
183,417,44190
183,421,1008450
183,422,245420
183,423,76474
183,424,44190
361,48,346624
361,49,55468
361,50,471850
361,51,951866
361,52,320664
361,57,933646
361,58,412246
361,59,245438
361,63,465848
361,69,545186
361,71,693642
361,75,36096
361,85,344604
235,346,1265256
361,91,423662
361,114,108684
361,115,161438
361,116,91198
361,117,868696
361,118,225214
361,124,846762
361,125,66168
235,347,197590
361,239,390720
361,245,110968
361,246,36096
361,248,65290
234,349,107296
236,349,500348
92,63,507674
361,256,123310
361,274,320878
361,275,87084
361,276,329136
361,281,273114
361,282,351070
361,283,60424
361,284,775242
361,287,165748
232,289,760338
236,350,1520780
361,291,967350
361,347,747576
361,349,115024
361,351,645344
235,351,152172
361,356,1482258
361,357,103020
234,347,77198
234,266,822840
234,350,866180
234,354,294782
234,355,2488112
236,40,683430
236,302,60830
236,354,105100
361,411,261298
361,415,37602
361,419,1157354
361,424,1254350
348,48,346624
348,49,55468
348,50,471850
348,51,951866
348,52,320664
348,57,933646
348,58,412246
348,59,245438
348,64,465848
348,70,545186
348,71,693642
348,75,36096
348,86,344604
236,359,1265256
348,92,403672
348,114,108684
348,115,161438
348,116,91198
348,117,868696
348,118,225214
348,124,846762
348,125,66168
236,360,197590
348,239,390720
348,245,110968
348,246,36096
348,248,65290
233,362,107296
235,362,500348
348,255,125776
91,64,510140
348,274,320878
348,275,87084
348,276,329136
348,281,273114
348,282,351070
348,283,60424
348,284,775242
231,290,760338
348,288,165748
235,363,1520780
348,292,954784
348,360,747576
348,362,115024
348,364,645344
236,364,152172
348,369,119908
348,370,1499146
233,360,77198
233,267,822840
233,363,866180
233,367,2488112
233,368,294782
235,41,683430
235,303,60830
235,368,105100
348,412,1157338
348,417,1257900
348,418,237314
348,422,40730
234,25,388806
234,26,1160540
234,27,398770
234,29,475872
234,31,919036
234,32,243352
234,34,562940
234,35,378672
234,38,831730
234,39,53762
234,42,242938
234,93,92306
234,94,269742
88,93,1088056
234,97,119006
234,98,417778
234,102,216946
234,108,27706
234,110,743788
234,113,563812
234,115,296214
234,116,560688
83,373,172124
234,119,470852
234,123,380532
234,125,542256
234,129,283984
234,199,36574
234,257,47582
234,259,37400
234,261,269742
109,50,924470
234,264,119006
234,265,8780
234,270,1541286
234,272,45344
234,276,39914
234,277,147658
234,281,915652
234,284,233892
234,287,166918
231,42,798496
234,372,279092
234,373,507868
234,376,41148
234,377,281618
234,379,1196842
234,381,499130
231,152,140808
234,397,1051716
234,398,176154
234,403,596692
234,404,801292
231,307,198376
234,409,418564
234,411,1407142
231,195,1066330
234,419,187848
231,344,1145388
233,25,388806
233,26,1160540
233,27,398770
233,29,475872
233,31,919036
233,32,243352
233,34,562940
233,35,378672
233,38,831730
233,39,53762
233,43,242938
233,93,92306
233,94,269742
87,93,1088056
233,97,119006
233,98,417778
233,102,216946
233,109,27706
233,111,743788
233,112,572464
233,115,296214
233,116,560688
83,384,176482
233,119,470852
233,123,380532
233,125,542256
233,130,283984
233,199,36574
233,257,47582
233,259,37400
233,261,269742
108,50,924470
233,264,119006
233,265,8780
233,271,1541286
233,273,38678
233,276,39914
233,277,147658
233,281,915652
233,284,233892
233,288,166918
232,43,798496
233,383,279092
233,384,507868
233,387,41148
233,388,281618
233,389,1196842
233,391,497218
233,394,596692
233,395,801292
232,306,203388
233,401,415360
232,153,140808
233,406,1046704
233,407,176154
233,412,187146
232,343,1127582
233,418,1382596
232,196,1076872
236,25,451996
236,26,862646
236,27,558176
236,29,123810
236,31,257310
236,34,426414
236,36,412372
236,37,500496
236,38,134408
236,39,78620
236,43,490272
236,138,99728
236,140,722246
236,145,300480
173,135,225454
236,176,180466
236,178,131800
236,179,84668
236,180,103416
236,181,457934
83,395,164270
153,54,450716
236,193,689512
236,196,201596
236,206,34410
236,293,415580
236,295,236318
236,299,99728
236,301,496984
236,309,578764
236,326,224
236,327,343666
163,398,179792
236,333,147322
236,335,77848
236,336,985642
236,341,1447844
236,393,1983784
236,398,86434
236,399,604454
236,419,594246
236,422,1226692
236,423,886276
236,424,453900
235,25,451996
235,26,862646
235,27,558176
235,29,123810
235,31,257310
235,34,426414
235,36,412372
235,37,500496
235,38,134408
235,39,78620
235,42,490272
235,138,99728
235,140,722246
235,145,300480
172,135,225454
235,176,180466
235,178,131800
235,179,84668
235,180,103416
235,181,457934
83,404,164270
152,54,450716
235,194,702482
235,195,201596
235,206,34410
235,293,415580
235,295,236318
235,299,99728
235,301,496984
235,308,566248
235,326,224
235,327,343666
163,407,179792
235,333,147322
235,335,77848
235,336,985642
235,342,1447844
235,402,1983784
235,407,86434
235,408,604454
235,412,598204
235,415,1229120
235,416,900636
235,417,459008
421,48,312388
421,49,275146
421,53,365108
421,54,71094
421,55,38212
421,60,182744
421,61,47286
421,62,451366
421,63,1298104
421,64,332868
421,156,332358
421,157,234664
421,165,214254
421,167,311416
421,176,40862
421,177,229332
421,178,344772
421,179,225904
421,180,288798
421,181,251538
421,184,503818
421,185,247838
421,310,529488
421,314,234664
421,315,136130
421,326,433256
421,328,295528
421,329,424040
421,333,136482
421,334,402106
421,335,400578
421,336,133022
421,343,140714
238,69,782252
421,413,331682
421,416,1169070
414,48,312388
414,49,275146
414,53,365108
414,54,71094
414,55,38212
414,60,182744
414,61,47286
414,62,451366
414,63,339038
414,64,1291934
414,156,332358
414,157,234664
414,165,214254
414,167,311416
414,176,40862
414,177,229332
414,178,344772
414,179,225904
414,180,288798
414,181,251538
414,184,503818
414,185,247838
414,310,529488
414,314,234664
414,315,136130
414,326,433256
414,328,295528
414,329,424040
414,333,136482
414,334,402106
414,335,400578
414,336,133022
414,344,144612
237,70,805896
414,420,335192
414,423,1162964
204,25,195220
204,26,716172
204,27,1176298
204,29,497868
204,31,394850
204,32,70132
143,25,178720
204,44,734250
204,45,734250
204,46,532302
204,47,532302
204,48,401400
204,49,201928
204,50,861934
204,54,223446
204,59,767344
204,60,443814
204,62,991304
204,65,562940
204,66,562940
204,67,426414
204,68,426414
204,69,372630
204,70,372630
204,71,882892
204,75,350756
204,77,125278
204,82,225080
204,87,14186
204,88,14186
204,89,531134
204,90,531134
204,93,350700
204,94,1223246
204,96,934680
204,98,1382026
143,28,2170628
204,110,133642
204,111,133642
204,114,21492
204,115,245362
204,116,193202
101,137,1566044
204,118,434826
204,119,379478
204,124,492260
204,126,90166
204,129,126972
204,130,126972
204,131,352718
204,132,352718
204,133,214434
204,134,214434
204,136,22216
184,32,199568
204,139,566402
143,326,1371226
204,152,621882
204,153,621882
204,154,759942
204,155,759942
204,157,107678
204,158,381230
62,71,1312490
143,156,243908
204,168,978370
204,169,978370
204,172,708324
204,173,708324
204,176,303162
204,178,835980
204,180,164130
204,181,272298
101,140,744402
101,179,814322
204,191,320870
204,192,320870
204,193,858976
204,194,858976
143,36,182640
143,37,513982
143,39,399004
143,42,21926
143,43,21926
204,314,242646
204,315,627006
204,317,53250
204,318,929866
204,319,929866
204,322,356788
204,323,356788
204,326,82882
204,327,67860
204,328,12560
143,105,143332
204,330,247738
204,334,434826
204,335,434662
204,336,79602
204,337,148278
204,338,148278
204,345,1121022
204,347,379616
204,349,1295716
204,350,56960
204,352,337952
204,355,231198
204,357,941212
204,358,1121022
204,360,379616
204,362,1295716
204,363,56960
204,366,337952
204,367,231198
204,369,941212
204,371,365108
204,372,541400
204,375,61928
204,376,246964
204,380,952750
204,381,431326
204,382,365108
204,383,541400
204,386,61928
204,387,246964
204,391,431326
204,392,952750
204,395,55192
204,397,738242
204,398,594752
204,399,30712
204,401,557430
204,404,55192
204,406,738242
204,407,594752
204,408,30712
204,409,557430
204,412,664760
204,413,513536
204,415,371696
204,416,589624
204,417,416086
204,419,664760
204,420,513536
204,422,371696
204,423,589624
204,424,416086
243,25,504834
243,26,421628
243,28,1118924
243,29,159012
243,32,646802
243,37,3830
243,38,99562
243,39,266134
243,40,99728
243,41,99728
243,44,30638
243,45,30638
243,71,273210
243,72,126364
243,73,758368
243,75,692820
101,72,1854768
243,82,108500
163,72,389632
243,85,813424
243,86,813424
243,91,168120
243,92,168120
34,71,2391856
243,98,65016
164,72,493084
243,105,65016
243,106,702354
243,107,702354
243,110,1883876
243,111,1883876
227,72,1552328
51,115,2938354
163,115,930370
70,115,422742
69,115,422742
243,135,553746
243,136,209664
243,138,527984
101,75,562172
243,154,531152
243,155,531152
243,159,179582
243,170,3458408
243,171,3458016
243,176,30708
163,178,632168
243,180,535198
243,181,156754
243,187,420726
57,178,1112868
243,189,269742
243,190,269742
243,195,59302
243,196,59302
243,201,266134
243,206,159012
243,208,99562
243,209,646802
243,214,30638
243,215,30638
52,114,300502
49,115,1552328
52,117,199568
94,72,179582
101,82,1331220
101,87,818222
101,88,818222
101,89,1279456
101,90,1279456
101,91,1704304
101,92,1704304
143,82,1237374
34,82,225080
243,297,294408
163,82,79690
243,301,420726
243,306,785392
243,307,785392
243,308,45604
243,309,45604
163,73,493084
54,115,647872
163,85,780118
163,86,780118
163,87,1463560
163,88,1463952
163,89,940300
163,90,940300
163,91,2124524
163,92,2124524
243,327,297534
243,335,535198
243,336,156754
243,337,269742
243,338,269742
243,343,59302
243,344,59302
243,351,39112
243,353,77546
243,356,1255612
243,357,247808
243,364,39112
243,365,77546
243,369,247808
243,370,1255612
243,371,73036
109,72,818222
243,377,397106
243,380,973428
243,381,82980
243,382,73036
108,72,818222
243,388,392790
243,391,84158
243,392,972250
243,393,898608
243,394,399484
243,395,1283724
243,398,1283724
243,401,892566
243,402,898608
243,403,399484
243,404,1283724
243,407,1283724
243,409,892566
243,413,436018
175,72,2124524
243,416,436018
243,420,436018
174,72,2124524
243,423,436018
226,71,825534
226,73,632168
226,75,566402
226,76,120554
226,77,685444
226,84,865168
226,89,260848
226,90,260848
226,91,1237032
226,92,1237032
244,93,662490
244,94,389632
143,94,493084
244,104,79690
244,106,2124524
244,107,2124524
244,108,780118
244,109,780118
244,110,1463952
244,111,1463952
244,112,940300
244,113,940300
36,71,3857910
34,137,895058
58,158,1981050
164,115,2091756
45,71,1282942
44,71,1282942
47,71,24854
46,71,24854
244,135,1518794
244,136,389920
244,137,774524
244,139,765158
164,75,893150
244,154,1133266
244,155,1133266
244,156,1549234
244,159,562172
143,97,1084034
244,170,393056
244,171,393056
244,172,680774
244,173,680774
244,178,739710
244,180,1101846
34,179,143332
58,178,1185102
244,193,32802
244,194,32802
244,195,285162
244,196,285162
29,50,611712
29,74,354996
29,84,1382026
29,89,133642
29,90,133642
52,94,632168
52,96,566402
52,98,865168
52,105,685444
52,112,1237032
52,113,1237032
34,124,68882
143,101,3556678
143,103,79690
57,104,68882
164,80,3556678
164,84,1185102
164,87,848064
164,88,848064
244,326,536454
244,327,285090
244,328,739710
164,327,1171568
244,335,1101846
244,341,32802
244,342,32802
244,343,285162
244,344,285162
244,345,1043290
244,352,1432322
244,357,1560898
244,358,1043290
244,366,1432322
244,369,1560898
244,372,1416
244,379,1804360
244,383,1416
244,389,1805780
244,395,2094752
244,397,848064
244,398,2094752
244,399,2750618
244,404,2094752
244,406,848064
244,407,2094752
244,408,2750618
244,412,466032
244,413,2611634
244,416,2611634
244,417,3375374
244,419,466032
244,420,2611634
244,423,2611634
244,424,3375374
245,25,215672
245,26,477474
245,32,61062
102,114,1019762
245,37,266454
245,38,86130
245,39,725050
245,40,722246
245,41,722246
245,42,203302
245,43,203302
245,46,197744
245,47,197744
227,50,791772
81,115,1039768
227,82,132800
165,50,444720
227,84,305944
227,87,147034
227,88,147034
245,115,832810
245,116,864332
59,158,582572
245,119,75742
245,124,28016
165,115,409920
245,126,439124
245,127,20224
245,128,20224
245,129,248618
245,130,248618
245,135,59442
165,75,744402
239,334,3002054
245,150,117026
245,151,117026
245,152,221060
245,153,221060
245,154,483672
245,155,483672
61,116,52954
61,127,59178
61,128,59178
61,131,174610
61,132,174610
61,133,419878
61,134,419878
245,176,554732
165,178,703668
245,178,311038
245,180,198484
245,185,171688
245,187,1190600
59,178,1921374
245,191,901104
245,192,901104
245,193,863782
245,194,863782
245,195,732070
245,196,732070
27,59,119280
28,84,593634
50,114,1153780
50,116,1379238
50,117,1371226
50,119,1153068
50,124,968740
50,126,165904
101,119,3250228
101,125,934680
101,126,153348
245,293,234570
245,299,420726
165,82,143332
245,302,351468
245,303,351468
163,93,68882
59,125,996370
165,80,259826
165,83,934750
165,84,143662
165,87,176482
165,88,172124
245,327,155636
143,126,729718
165,327,1625250
245,334,198180
245,336,73098
245,337,26924
245,338,26924
245,343,185486
245,344,185486
245,346,837536
245,347,290088
245,353,1919154
245,356,475494
245,359,837536
245,360,290088
245,365,1919154
245,370,475494
245,373,1519920
245,375,797744
245,381,548780
245,384,1519920
245,386,797744
245,391,550680
245,394,434772
245,395,1734350
245,401,179072
245,403,434772
245,404,1734350
245,409,179072
245,411,706922
245,418,706922
297,48,183560
297,49,335258
297,50,629004
297,51,405078
297,52,397384
297,53,350756
184,53,259826
297,58,636446
297,59,465868
297,63,100316
297,64,100316
252,135,344176
251,135,344176
297,71,60216
297,72,209664
297,75,613926
247,136,1675048
297,77,690098
297,84,690098
297,85,420084
297,86,420084
252,136,2109748
251,136,2109748
297,89,131964
297,90,131964
256,136,81992
255,136,81992
297,115,322206
297,118,242646
297,119,95248
297,125,107678
297,127,145930
297,128,145930
297,131,119006
297,132,119006
256,137,472856
255,137,472856
297,135,818680
297,136,371570
297,137,593674
297,138,692820
82,246,1462912
297,145,593674
163,138,562172
297,148,399484
297,149,399484
252,138,531152
251,138,531152
297,152,112880
297,153,112880
82,166,3556678
104,75,1084034
34,156,895058
247,150,1133266
247,151,1132322
247,152,350928
247,153,350928
163,140,120554
297,189,434772
297,190,434772
252,140,483672
251,140,483672
297,193,202978
297,194,202978
34,135,40546
34,136,22216
34,139,566402
34,152,621882
34,153,621882
57,31,1764
297,219,405078
297,220,465868
297,221,350756
297,226,636446
297,227,397384
57,139,934680
297,231,100316
297,232,100316
82,37,960072
57,143,960072
82,304,1243324
82,305,1243324
82,306,1296100
82,307,1296100
82,308,1243324
82,309,1243324
101,139,893150
34,276,1566044
34,334,744402
101,148,466032
101,149,466032
101,150,1026944
101,151,1026944
101,152,127034
101,153,127034
101,154,680774
101,155,680774
95,75,120554
297,277,242646
122,185,198180
297,283,107678
297,284,95248
297,285,145930
297,286,145930
297,289,119006
297,290,119006
256,145,472856
255,145,472856
163,96,1084034
163,137,1549234
97,75,765158
163,145,1549234
163,148,393056
163,149,393056
163,150,679830
163,151,680774
184,30,784748
184,148,434772
184,149,434772
184,150,483672
184,151,483672
184,152,202978
184,153,202978
252,148,416272
297,354,618378
255,148,93890
251,149,416272
297,368,618378
256,149,93890
252,137,196110
252,145,196110
252,150,690174
252,153,559158
252,154,3621070
251,137,196110
251,145,196110
251,151,690174
251,152,559158
251,155,3621070
297,393,36096
297,394,165138
297,395,234664
297,398,234664
297,399,89958
255,152,719364
297,402,36096
297,403,165138
297,404,234664
297,407,234664
297,408,89958
256,153,719364
256,140,117026
175,75,1026944
256,147,117026
256,154,703070
255,140,117026
174,75,1026944
255,147,117026
255,155,703070
247,25,280092
247,28,744402
104,114,611494
247,42,507036
247,43,507036
247,44,789082
247,45,789082
247,46,443610
247,47,443610
247,93,1566044
38,71,2337494
143,157,893150
247,106,1026944
247,107,1026944
247,108,127034
247,109,127034
247,110,680774
247,111,680774
247,112,466032
247,113,466032
227,156,1145312
227,54,1418990
227,139,1382026
145,327,113886
227,172,355170
227,173,355170
247,157,562172
247,159,1854768
247,164,1331220
247,168,818222
247,169,818222
247,170,1279456
247,171,1279456
247,172,1704304
247,173,1704304
62,73,1018908
247,212,507036
247,213,507036
247,214,789082
247,215,789082
57,156,153348
57,157,120554
104,82,2507166
104,85,1066652
104,86,1066652
104,89,276480
104,90,276480
52,156,257824
52,139,1382026
143,166,1331220
143,170,276480
143,171,273824
184,157,1018908
77,115,461604
98,115,1168552
247,345,797744
247,351,1018156
247,352,21054
247,356,470146
247,357,1733854
247,358,797744
247,364,1018156
247,366,26992
247,369,1733854
247,370,470146
247,371,300718
247,372,393056
247,378,139436
247,380,1191364
247,382,299112
247,383,393056
247,390,125954
247,392,1209296
247,401,998566
247,409,998566
247,411,323070
247,418,323070
333,25,269310
333,26,586538
333,27,12560
333,28,257860
333,29,364138
333,31,434826
333,36,89914
143,176,238398
143,310,1185102
333,40,756368
333,41,756368
333,42,79670
333,43,79670
167,72,478316
167,73,1185102
62,125,912702
167,75,1566044
62,178,579310
167,81,747594
143,61,68882
167,85,1186090
167,86,1186090
167,87,23040
167,88,24646
167,89,164270
167,90,164270
333,71,45600
333,73,739710
333,74,659024
333,77,681986
333,85,159012
333,86,159012
333,89,255270
333,90,255270
333,93,706466
333,94,99562
333,97,636446
333,98,104530
60,103,1168398
333,106,371696
333,107,371696
333,108,315072
333,109,315072
333,114,952556
62,220,814244
333,119,394526
60,295,324968
333,123,43498
333,124,850064
333,129,1176558
333,130,1176558
333,131,809502
333,132,809502
333,133,277944
333,134,277944
333,176,635792
333,178,770048
333,180,723046
333,181,571684
333,185,394850
333,186,659594
143,181,239910
252,181,405376
251,181,405376
333,193,451994
333,194,451994
333,197,140376
333,198,835980
333,206,1299278
333,214,350796
333,215,350796
333,220,604502
333,226,434826
333,228,492260
333,231,327116
333,232,327116
60,187,2002648
156,276,1777062
333,259,79348
34,259,1140556
333,264,405078
333,266,664760
333,267,664760
333,270,440720
333,271,440720
126,315,187226
126,318,700692
126,319,700692
126,322,1504366
126,323,1504366
143,178,412028
143,180,272300
163,176,619340
163,180,96324
163,185,566402
163,186,28602
54,178,70248
163,193,1237032
163,194,1237032
333,347,1260656
60,397,1295716
251,189,1191156
333,356,31424
333,360,1260656
60,406,1295716
252,190,1191156
333,370,31424
252,179,929866
252,185,978370
252,186,1466114
252,196,2168888
251,179,929866
251,185,978370
251,186,1466114
251,195,2168888
333,393,868696
333,397,678460
333,399,114494
333,400,243478
333,401,332982
333,402,868696
333,406,678460
333,408,114494
333,409,332982
333,410,243478
333,411,503818
333,413,773238
333,415,729292
333,418,503818
333,420,773238
333,422,729292
34,49,830852
34,54,146422
34,55,86784
29,257,933074
34,59,535986
34,61,589570
34,63,700692
34,64,700692
34,67,1309714
34,68,1309714
34,74,484372
34,75,350756
34,84,125278
34,87,14186
34,88,14186
34,89,531134
34,90,531134
34,115,747594
25,71,683454
34,117,259826
34,118,744402
34,125,143332
34,127,3072
34,128,3072
34,157,107678
34,158,1396308
29,258,1728472
34,165,381230
34,168,978370
34,169,978370
34,172,708324
34,173,708324
34,178,12560
34,180,434662
34,181,79602
34,185,434826
34,186,247738
34,187,399004
34,188,53250
34,189,148278
34,190,148278
34,197,412208
34,198,1176298
34,200,394850
34,206,497868
34,209,70132
34,214,734250
34,215,734250
34,218,51254
34,220,767344
34,222,991304
34,228,443814
34,237,372630
34,238,372630
29,259,386610
29,265,2113984
29,270,1333416
29,271,1333416
34,258,996618
34,262,1370294
34,265,120920
34,268,75204
34,269,75204
34,274,286750
34,277,434826
34,278,90166
34,281,193202
34,282,492260
34,284,379478
34,287,126972
34,288,126972
34,289,352718
34,290,352718
34,291,214434
34,292,214434
34,295,182640
34,304,21926
34,305,21926
34,312,627006
34,314,242646
34,318,929866
34,319,929866
34,322,356788
34,323,356788
34,327,1003000
34,328,835980
34,335,164130
34,336,272298
34,339,320870
34,340,320870
34,341,858976
34,342,858976
34,347,56960
34,350,379616
34,353,972472
34,360,56960
34,363,379616
34,365,972472
34,372,541400
34,373,246964
34,375,61928
34,380,605192
34,381,778884
34,383,541400
34,384,246964
34,386,61928
34,391,778808
34,392,605268
34,395,594752
34,397,738242
34,398,55192
34,399,30712
34,400,622334
34,404,594752
34,406,738242
34,407,55192
34,408,30712
34,410,622334
34,411,1660766
34,412,664760
34,413,589624
34,415,371696
34,416,513536
34,418,1660766
34,419,664760
34,420,589624
34,422,371696
34,423,513536
57,25,594584
57,28,143662
57,29,987908
57,30,3382808
57,32,405996
57,39,223868
57,40,101984
57,41,101984
57,42,189854
57,43,189854
57,94,928694
57,97,1566044
57,103,1185102
57,105,11256
57,108,1102312
57,109,1102312
57,112,369330
57,113,369330
57,116,974508
57,117,784748
49,158,1875780
57,126,258018
57,129,100686
57,130,100686
57,133,155908
57,134,155908
57,136,629004
57,145,132598
57,147,774524
57,150,759942
57,151,759942
57,152,33244
57,153,33244
57,176,153770
57,180,179410
57,181,216532
57,187,266454
57,189,411370
57,190,411370
57,191,162966
57,192,162966
57,195,534148
57,196,534148
57,198,513948
26,73,958044
57,201,738328
57,209,243496
57,212,850940
57,213,850940
57,214,806402
57,215,806402
49,71,321802
49,73,353070
49,74,650074
49,85,115988
49,86,115988
57,266,289634
57,267,289634
52,239,858080
52,240,814322
52,246,1525644
52,248,1070792
26,82,465808
57,299,3830
54,82,2856106
57,302,882318
57,303,882318
57,326,353816
57,330,119280
57,334,185530
57,337,893632
57,338,893632
57,346,35728
57,350,414176
57,351,27086
57,354,963726
57,357,170824
57,359,35728
57,363,414176
57,364,27086
57,368,963726
57,369,186316
57,373,698048
57,380,1031932
57,384,698048
57,392,1031874
57,400,1131518
57,410,1128500
57,412,323070
57,416,441426
57,419,323070
57,423,441426
101,159,1331220
101,166,2507166
101,172,276480
101,173,276480
101,177,566402
101,181,280092
101,189,443610
101,190,443610
101,193,507036
101,194,507036
101,195,789082
101,196,789082
51,77,787584
51,82,285820
51,84,429758
94,89,3458408
94,90,3458408
95,77,153348
95,84,3250228
101,300,1084034
101,304,1066652
101,305,1066652
101,308,276480
101,309,276480
101,311,3556678
51,125,259826
101,314,1675048
101,315,259826
101,322,1133266
101,323,1133266
101,324,350928
101,325,350928
101,336,280092
101,337,443610
101,338,443610
101,341,507036
101,342,507036
101,343,789082
101,344,789082
101,347,323070
101,350,323070
101,352,1260520
101,353,943480
101,357,279124
101,360,323070
101,363,323070
101,365,943480
101,366,1260520
101,369,279124
101,373,797744
101,376,797744
101,379,344018
101,381,868334
101,384,797744
101,387,797744
101,388,15180
101,389,343696
101,391,885168
101,394,393056
101,395,300718
101,398,300718
101,399,651780
101,400,1369512
101,403,393056
101,404,300718
101,407,300718
101,408,651780
101,410,1369512
122,135,410330
118,221,744402
122,150,117026
122,151,117026
122,152,221060
122,153,221060
122,154,483672
122,155,483672
122,176,40272
122,181,73098
52,178,143662
122,189,26924
122,190,26924
122,195,185486
122,196,185486
122,201,725050
122,208,86130
122,209,61062
122,212,203302
122,213,203302
52,71,11940
52,77,305944
52,82,132800
95,27,1924476
116,76,582572
116,77,439124
116,81,864332
116,82,28016
116,84,75742
116,85,20224
116,86,20224
116,87,248618
116,88,248618
122,299,420726
118,228,143332
122,301,1190600
122,302,351468
122,303,351468
118,226,259826
118,227,996370
118,230,1921374
122,328,311038
122,334,171688
122,335,198484
122,339,901104
122,340,901104
122,341,863782
122,342,863782
122,343,732070
122,344,732070
122,345,110968
122,346,837536
122,350,290088
122,352,251816
122,353,797758
122,358,110968
122,359,837536
122,363,290088
122,365,797758
122,366,251816
122,371,737984
122,375,797744
122,376,1519920
122,377,170828
122,381,316350
122,382,737984
122,386,797744
122,387,1519920
122,388,175508
122,391,315828
122,394,434772
122,398,1734350
122,399,755824
122,403,434772
122,407,1734350
122,408,755824
122,417,1265680
122,424,1265680
143,49,106654
39,82,2351954
143,59,201966
143,60,225080
143,63,119344
143,64,119344
143,65,390530
143,66,390530
138,82,1237374
25,82,106654
143,127,134034
143,128,134034
47,82,390530
46,82,390530
32,82,201966
143,227,2351954
143,228,225080
143,231,119344
143,232,119344
143,246,294408
143,249,1296100
143,250,1296100
143,293,327598
143,299,108500
143,304,45604
143,305,45604
143,306,38196
143,307,38196
97,82,893150
143,316,493084
143,318,848064
143,319,848064
143,328,412028
143,335,272300
143,336,239910
143,346,237784
143,352,830854
143,353,561504
143,355,464972
143,359,237784
143,365,583774
143,366,853124
143,367,464972
143,378,591616
143,381,335754
143,390,573284
143,391,336932
143,397,785392
143,399,844844
143,400,416856
143,406,785392
143,408,844844
143,410,416856
143,412,1066652
143,419,1066652
163,26,1101846
163,28,143332
163,29,536454
163,32,285090
163,38,739710
163,42,32802
163,43,32802
163,44,285162
163,45,285162
163,94,79690
31,71,2934978
163,116,2234
163,119,1079910
97,74,934680
163,129,132796
163,130,133642
68,125,155648
67,125,155648
163,206,536454
163,208,739710
163,209,285090
163,212,32802
163,213,32802
163,214,285162
163,215,285162
97,77,1518794
97,83,389920
97,84,1518794
97,89,1133266
97,90,1133266
159,71,65016
54,125,668546
159,83,758368
159,87,1883876
159,88,1883876
159,91,702354
159,92,702354
163,346,1416
163,352,1061500
163,353,273074
163,356,735830
163,357,288270
163,359,1416
163,365,275020
163,366,1059554
163,369,288270
163,370,735830
163,371,2094752
163,372,848064
163,377,2601322
163,381,465334
163,382,2094752
163,383,848064
163,388,2614392
163,391,482928
163,393,2611634
163,394,466032
68,178,179792
163,399,3376098
163,401,93188
163,402,2611634
163,403,466032
67,178,179792
163,408,3376098
163,409,93188
163,413,1043290
163,416,1043290
163,417,42564
163,420,1043290
163,423,1043290
163,424,42564
184,25,462006
184,26,316006
184,27,835980
184,29,1299278
184,40,162188
184,41,162188
184,44,350796
184,45,350796
184,46,39914
184,47,39914
184,48,227602
184,49,3494
184,58,434826
184,59,604502
184,60,492260
184,63,327116
184,64,327116
184,65,91322
184,66,91322
184,67,147322
184,68,147322
184,71,550740
184,73,739710
160,115,453638
184,81,659024
184,84,681986
184,85,159012
184,86,159012
184,89,255270
184,90,255270
184,94,99562
184,97,636446
184,105,104530
184,106,371696
184,107,371696
184,108,315072
184,109,315072
184,116,187226
184,127,700692
184,128,700692
184,131,1504366
184,132,1504366
184,197,526848
184,198,12560
184,199,89914
184,200,434826
184,206,364138
184,212,79670
184,213,79670
160,73,1185102
55,125,747594
160,75,1566044
160,81,912702
160,84,579310
160,85,1186090
160,86,1186090
184,257,539154
184,262,43498
184,264,405078
184,265,79348
184,266,664760
184,267,664760
184,270,440720
184,271,440720
184,277,814244
184,282,850064
184,284,394526
184,287,1176558
184,288,1176558
184,289,809502
184,290,809502
184,291,277944
184,292,277944
184,326,353964
184,327,818920
184,328,770048
184,330,659594
184,334,394850
184,335,723046
184,336,571684
184,339,405376
184,340,405376
184,341,451994
184,342,451994
184,345,328740
184,350,1260656
184,353,811270
184,357,788804
184,358,328740
184,363,1260656
184,365,811270
184,369,788804
184,371,346908
184,372,929866
184,373,1466114
184,375,978370
184,379,249758
184,381,2187056
184,382,346908
184,383,929866
184,384,1466114
184,386,978370
184,389,249758
184,391,2187056
184,393,329136
184,397,678460
184,399,114494
184,400,332982
184,401,243478
184,402,329136
184,406,678460
184,408,114494
184,409,243478
184,410,332982
184,411,136482
184,415,729292
184,416,773238
184,418,136482
184,422,729292
184,423,773238
362,48,460054
362,50,35728
362,51,729292
362,55,824860
362,59,245420
362,60,738242
254,345,573274
362,71,183198
362,74,837536
362,75,165138
362,81,837536
362,85,1484112
252,346,260762
251,346,1735944
362,118,61928
362,119,282432
362,124,678460
362,125,541400
362,129,675696
254,347,981012
362,219,729292
362,220,245420
362,228,738242
362,230,824860
362,274,601792
362,277,61928
362,282,678460
362,283,541400
362,284,282432
250,376,578722
362,288,637940
254,350,1119076
362,349,2329738
252,351,1094036
256,351,462830
109,85,113052
252,350,200224
252,354,516112
252,357,428232
251,106,422876
251,347,1083790
128,88,83712
254,302,420156
254,337,331062
254,354,234468
256,345,1250508
256,168,348324
256,337,114248
232,92,31004
174,85,56014
349,48,460054
349,50,35728
349,51,729292
349,55,824860
349,59,245420
349,60,738242
253,358,573274
349,71,183198
349,74,837536
349,75,165138
349,81,837536
349,86,1484112
252,359,1758214
251,359,283032
349,118,61928
349,119,282432
349,124,678460
349,125,541400
349,130,675696
253,360,981012
349,219,729292
349,220,245420
349,228,738242
349,230,824860
349,274,601792
349,277,61928
349,282,678460
349,283,541400
349,284,282432
349,287,637940
249,387,578722
253,363,1119076
251,364,1094036
255,364,462830
252,107,422876
252,360,1083790
127,87,77562
108,86,113052
251,363,200224
251,368,516112
251,369,428232
253,303,420156
253,338,331062
253,368,234468
231,91,8426
175,86,56014
255,358,1227930
255,169,348324
255,338,114170
252,25,395826
252,27,14186
252,31,440720
109,71,289820
252,39,469328
252,44,58806
252,45,869098
252,47,210302
252,93,1404376
252,94,780118
252,97,127034
252,110,453906
252,111,878722
252,113,922718
252,119,351598
171,115,133642
252,127,566174
252,129,1606240
252,133,896766
252,198,14186
252,200,440720
252,201,469328
252,212,691756
252,214,633258
252,215,294646
109,90,1586210
109,91,203970
130,84,351598
130,87,1148098
130,92,633820
252,371,391308
252,375,1416450
252,376,539620
252,380,2252558
252,381,2438108
252,394,336532
252,398,344358
252,417,2401350
237,87,967772
252,419,769370
252,424,1305060
251,25,395826
251,27,14186
251,31,440720
108,71,289820
251,39,469328
251,44,869098
251,45,58806
251,46,210302
251,93,1404376
251,94,780118
251,97,127034
251,110,878722
251,111,453906
251,112,922718
251,119,351598
170,115,133642
251,128,572428
251,130,1603562
251,134,896766
251,198,14186
251,200,440720
251,201,469328
251,213,691822
251,214,294646
251,215,633258
108,89,1586210
108,92,203970
129,84,351598
129,88,1160976
129,91,633820
251,382,391308
251,386,1416450
251,387,539620
251,391,2411986
251,392,2262674
251,403,336532
251,407,344358
238,88,969202
251,412,749360
251,417,1277548
251,424,2428862
254,25,61194
254,26,126804
254,27,531134
254,29,561498
254,32,9000
215,73,133642
254,37,882318
254,39,284980
254,46,21086
254,136,131964
254,176,146832
173,178,1237032
254,178,255270
254,180,246102
254,187,351468
254,198,531134
45,73,133642
254,201,284980
254,206,561498
254,209,9000
254,214,1574
254,293,134034
45,82,119344
215,82,119344
254,301,351468
249,397,662064
254,309,1587196
254,327,958260
254,328,255270
254,335,246102
254,341,292574
254,393,371014
254,395,43124
254,399,582152
238,89,253956
254,412,241938
254,417,159550
254,420,110668
174,89,788894
253,25,61194
253,26,126804
253,27,531134
253,29,561498
253,32,9000
214,73,133642
253,37,882318
253,39,284980
253,47,21086
253,136,131964
253,176,146832
172,178,1237032
253,178,255270
253,180,246102
253,187,351468
253,198,531134
44,73,133642
253,201,284980
253,206,561498
253,209,9000
253,215,1574
253,293,134034
44,82,119344
214,82,119344
253,301,351468
250,406,662064
253,308,1587196
253,327,958260
253,328,255270
253,335,246102
253,342,292574
253,402,371014
253,404,43124
253,408,582152
253,413,110668
175,90,788894
237,90,254542
253,419,241938
253,424,159550
238,71,443602
238,73,1237032
238,82,21926
238,91,2626704
256,158,256292
196,50,520276
256,174,1804672
256,176,9714
256,179,356788
256,181,418406
256,185,708324
256,193,80790
256,194,582316
256,195,1204914
70,73,1237032
70,82,21926
70,91,2735454
70,125,221358
175,80,350928
175,81,221358
175,83,702354
256,327,293780
256,329,356788
256,334,708324
256,336,418406
256,341,666400
256,343,1033392
256,415,1598780
237,71,443602
237,73,1237032
237,82,21926
237,92,2626704
255,158,256292
195,50,520276
255,175,1804672
255,176,9714
255,179,356788
255,181,418406
255,185,708324
255,193,583634
255,194,82108
255,196,1204914
69,73,1237032
69,82,21926
69,92,2735454
69,125,221358
174,80,350928
174,81,221358
174,83,702354
255,327,293780
255,329,356788
255,334,708324
255,336,418406
255,342,666400
255,344,1033392
255,422,1598780
226,26,502334
226,28,590978
226,38,850064
226,39,982262
226,40,257310
226,41,257310
226,44,823102
226,45,823102
226,46,919036
226,47,919036
226,48,615238
226,49,463858
226,51,770048
226,52,414832
226,53,394850
226,55,118894
164,49,307956
226,62,667792
226,67,426010
226,68,426010
226,69,590794
226,70,590794
226,93,550596
226,98,484530
226,103,739710
226,105,111810
226,108,159012
226,109,159012
226,112,255270
226,113,255270
226,114,182058
226,116,97436
226,117,434826
226,119,101072
226,125,492260
226,129,410894
226,130,410894
226,131,593290
226,132,593290
226,136,405078
226,137,37100
39,93,996618
226,150,664760
226,151,664760
226,154,440720
226,155,440720
226,160,877880
226,170,434772
226,171,434772
226,172,483672
226,173,483672
226,174,202978
226,175,202978
226,176,156300
226,177,366466
226,179,835980
226,180,442536
226,181,368064
226,186,56800
80,178,1728472
226,191,367248
226,192,367248
226,195,267018
226,196,267018
226,293,18608
226,298,360810
226,299,99562
226,301,385048
226,304,371696
226,305,371696
226,306,315072
226,307,315072
164,48,403690
164,51,412028
226,326,508050
226,327,43904
226,329,12560
226,330,610424
226,335,460008
226,336,363252
226,339,551308
226,340,551308
226,341,287372
226,342,287372
226,345,412246
226,346,729292
226,347,158232
226,350,482068
226,352,751434
226,354,1284432
226,355,609140
226,356,139612
226,357,436848
226,358,412246
226,359,729292
226,360,158232
226,363,482068
226,366,751434
226,367,609140
226,368,1284432
226,369,436848
226,370,139612
226,371,1143220
226,375,1295716
226,376,209050
226,377,84780
226,379,562850
226,382,1143220
226,386,1295716
226,387,209050
226,388,84780
226,389,562850
226,394,978370
226,395,325158
226,397,929866
226,403,978370
226,404,325158
226,406,929866
226,413,676050
226,415,678460
226,416,521782
226,417,114494
226,420,676050
226,422,678460
226,423,521782
226,424,114494
261,48,535198
261,49,156754
261,52,297534
261,61,420726
261,62,30708
261,63,59302
261,64,59302
261,65,269742
261,66,269742
261,94,126364
261,96,1854768
261,97,692820
261,98,273210
144,94,758368
261,104,108500
261,105,273210
261,106,168120
261,107,168120
261,108,813424
261,109,813424
206,94,1552328
261,119,731724
261,125,359244
261,138,179582
261,139,562172
261,146,1331220
261,148,1704304
261,149,1704304
261,152,818222
261,153,818222
261,154,1279456
261,155,1279456
261,157,209664
261,158,553746
261,159,527984
261,165,553746
261,168,531152
261,169,531152
261,177,266134
261,178,99562
261,180,421628
261,181,504834
35,179,668546
261,188,3830
261,191,99728
261,192,99728
261,195,30638
261,196,30638
25,114,1552328
261,222,30708
261,227,297534
261,231,59302
261,232,59302
144,93,65016
144,73,493084
30,114,70248
144,108,702354
144,109,702354
144,112,1883876
144,113,1883876
261,310,225080
164,104,1237374
261,314,294408
261,317,3830
261,318,45604
261,319,45604
261,324,785392
261,325,785392
261,326,159012
261,327,646802
261,328,99562
261,335,421628
261,336,504834
261,339,99728
261,340,99728
261,343,30638
261,344,30638
261,345,436018
250,94,2124524
261,352,808320
261,353,695100
261,355,1089112
261,356,1514770
261,358,436018
249,94,2124524
261,365,695100
261,366,808320
261,367,1089112
261,370,1514770
261,377,39112
261,379,71334
261,380,426482
261,388,39112
261,389,71334
261,392,426482
261,394,818222
261,395,73036
261,398,73036
261,403,818222
261,404,73036
261,407,73036
261,411,1283724
261,412,399484
261,413,898608
261,416,898608
261,418,1283724
261,419,399484
261,420,898608
261,423,898608
206,28,976288
206,93,483552
206,97,877880
206,104,422572
206,105,304400
206,110,331328
206,111,331328
262,52,84172
262,55,176184
262,60,8708
262,61,266454
262,63,303506
262,64,303506
262,65,380532
262,66,380532
262,67,293412
262,68,293412
262,114,648294
262,115,584636
262,119,339204
145,114,372592
262,126,63124
262,129,1138066
262,130,1138066
37,74,774524
37,129,520276
37,130,520276
37,131,1118894
37,132,1118894
262,156,219314
262,157,629004
262,158,208150
262,160,340678
262,172,759942
262,173,759942
262,174,33244
262,175,33244
145,179,228834
262,177,506664
262,179,581994
262,180,114986
262,181,76874
36,179,912702
262,188,1442542
262,191,453732
262,192,453732
262,193,1069746
262,194,1069746
27,74,2002648
27,76,1171568
27,77,324968
27,83,1168398
27,84,1625250
50,96,243908
50,106,82612
50,107,82612
80,119,2018556
80,124,120554
80,126,1385020
144,71,68882
36,124,579310
145,103,478316
145,104,1185102
145,105,747594
145,106,164270
145,107,164270
145,110,1186090
145,111,1186090
145,112,24646
145,113,24646
262,316,3830
262,320,877960
262,321,882318
262,326,425892
262,327,498364
144,126,28602
145,326,165904
262,335,197040
262,336,663490
262,343,209708
262,344,209708
262,347,1131644
262,354,807434
262,356,1180930
262,360,1131644
262,368,807434
262,370,1180930
262,372,35728
262,373,714652
262,377,27086
262,380,512632
262,383,35728
262,384,714652
262,388,27086
262,392,512632
262,393,1159562
262,400,1565338
262,401,1703208
262,402,1159562
262,409,1703208
262,410,1565338
262,413,1599070
262,420,1599070
263,49,280092
185,53,744402
228,73,566402
263,63,789082
263,64,789082
263,65,443610
263,66,443610
263,69,507036
263,70,507036
246,28,259826
37,71,1154326
246,96,1675048
164,136,1084034
246,106,350928
246,107,350928
246,112,1133266
246,113,1133266
206,135,1290122
206,137,431652
206,139,685444
165,326,429758
263,154,3458408
263,155,3458408
185,31,1566044
104,146,3556678
35,156,1981050
263,168,680774
263,169,680774
263,170,466032
263,171,466032
263,172,1026944
263,173,1026944
263,174,127034
263,175,127034
39,73,1223834
39,98,582572
39,110,313204
39,111,313204
35,135,1385020
35,136,934680
35,139,120554
60,73,566402
263,231,789082
263,232,789082
263,237,507036
263,238,507036
29,139,685444
29,145,431652
164,148,276480
164,149,276480
164,152,1066652
164,153,1066652
185,30,1875780
185,135,623458
185,136,1223834
185,147,582572
185,148,174610
185,149,174610
185,152,313204
185,153,313204
263,353,552392
263,354,1125136
263,356,1557902
263,365,552392
263,368,1125136
263,370,1557902
263,371,323070
263,378,863658
263,379,1340342
263,382,323070
263,389,1340342
263,390,863658
263,393,797744
263,399,460314
263,401,807616
263,402,797744
263,408,460314
263,409,807616
263,411,300718
263,412,393056
263,417,35358
263,418,300718
263,419,393056
263,424,35358
314,26,95248
314,27,107678
314,36,322206
267,156,472856
266,156,472856
314,42,145930
314,43,145930
314,46,119006
314,47,119006
314,93,690098
314,94,209664
314,95,629004
314,97,613926
314,98,60216
314,102,629004
144,157,389920
314,105,60216
267,157,81992
266,157,81992
314,108,420084
314,109,420084
271,157,2109748
270,157,2109748
314,112,131964
314,113,131964
314,114,465868
314,116,335258
314,117,636446
314,118,350756
314,119,183560
314,124,405078
314,129,100316
314,130,100316
271,158,344176
270,158,344176
314,156,593674
314,157,371570
314,158,818680
314,159,692820
104,264,1462912
314,165,818680
314,170,399484
314,171,399484
271,159,531152
270,159,531152
314,174,112880
314,175,112880
314,179,22216
314,180,154060
144,160,934680
267,160,759942
266,160,759942
314,195,621882
314,196,621882
35,53,146422
314,198,107678
314,199,322206
314,212,145930
314,213,145930
58,167,877880
58,174,202978
58,175,202978
80,139,1084034
104,61,960072
35,164,960072
104,318,1243324
104,319,1243324
104,322,1243324
104,323,1243324
104,324,1296100
104,325,1296100
314,274,397384
314,276,636446
314,277,350756
314,281,335258
314,282,405078
314,284,183560
314,287,100316
314,288,100316
271,165,344176
270,165,344176
144,76,893150
144,158,1518794
144,165,1518794
144,168,1133266
144,169,1133266
185,157,22216
185,165,154060
185,168,759942
185,169,759942
185,174,621882
185,175,621882
267,54,117026
250,97,1026944
267,172,1814982
267,173,896486
267,174,791510
266,54,117026
249,97,1026944
266,172,896486
266,173,1814982
266,175,791510
314,380,362920
314,392,362920
271,156,196110
271,175,97408
270,156,196110
270,174,97408
314,411,234664
314,412,165138
314,413,36096
314,416,36096
314,417,89958
314,418,234664
314,419,165138
314,420,36096
314,423,36096
314,424,89958
147,28,444720
147,73,143332
147,94,934750
39,124,1921374
147,97,259826
39,179,996370
147,102,143662
138,179,930370
144,310,68882
147,112,172124
147,113,172124
334,48,308132
334,49,173544
334,50,180438
334,51,12560
334,52,211772
334,53,434826
334,55,302956
144,61,143332
334,71,281350
334,75,242646
37,178,968740
334,87,929866
334,88,929866
334,91,356788
334,92,356788
334,95,793888
334,97,350756
334,98,751502
334,110,14186
334,111,14186
334,112,531134
334,113,531134
334,114,735344
334,115,1021010
334,116,309754
39,199,814244
334,119,509208
37,180,1153068
334,125,443814
334,127,19174
334,128,19174
334,131,542306
334,132,542306
334,133,535948
334,134,535948
334,179,1176298
334,180,608364
334,181,87394
334,186,388634
144,181,2234
164,181,246766
267,181,552936
266,181,552936
334,193,224382
334,194,224382
334,195,873050
334,196,873050
334,197,173742
334,208,492260
334,214,334674
334,215,334674
334,219,835980
334,222,725606
334,227,859088
334,237,775198
334,238,775198
334,246,107678
37,177,1153780
37,181,1379238
126,298,687460
126,304,978292
126,305,978292
126,308,839188
126,309,839188
144,180,1079910
30,179,647872
35,310,2934978
41,179,155648
40,179,155648
144,195,133642
144,196,133642
164,176,116430
164,180,9930
58,177,91538
164,193,21926
164,194,21926
267,177,611374
267,178,371696
267,186,1190240
267,189,676068
267,191,2498676
267,193,642138
267,194,745726
267,195,486090
266,177,611374
266,178,371696
266,186,1190240
266,190,676068
266,192,2498676
266,193,741938
266,194,638350
266,196,486090
334,371,403874
334,373,1003586
38,415,1295716
334,378,1246350
269,190,133364
334,382,403874
334,384,1003586
38,422,1295716
334,390,1233266
268,189,133364
334,393,225214
334,394,61928
334,395,4116
334,397,541400
334,402,225214
334,403,61928
334,404,4116
334,406,541400
334,411,247838
334,415,738242
334,417,30712
334,418,247838
334,422,738242
334,424,30712
35,49,142004
35,62,271936
35,115,783134
35,116,793552
35,125,583178
35,126,19390
35,127,203176
35,128,203176
35,158,497046
35,168,483672
35,169,483672
35,172,117026
35,173,117026
35,174,221060
35,175,221060
35,177,433810
35,178,213318
35,180,252240
35,188,266454
35,189,328190
35,190,328190
35,191,691408
35,192,691408
35,195,174650
35,196,174650
25,93,180446
25,73,429442
25,95,831030
25,98,418110
25,105,1418990
25,108,1042302
25,109,1042302
25,110,29812
25,111,29812
35,219,379084
35,221,223446
35,222,323068
35,231,950876
35,232,950876
30,73,2856106
35,316,420726
35,320,347110
35,321,351468
35,330,119280
35,336,52954
35,337,355170
35,338,355170
35,339,256292
35,340,256292
35,347,1168436
35,355,562412
35,360,1168436
35,367,562412
35,372,837536
35,376,8208
35,378,1371778
35,379,71868
35,383,837536
35,387,8208
35,389,71868
35,390,1371778
35,394,797744
35,398,298374
35,399,106468
35,403,797744
35,407,298374
35,408,106468
35,412,434772
35,419,434772
58,25,43834
58,30,1764
58,42,978292
58,43,978292
58,46,1033840
58,47,1033840
58,98,111810
58,103,739710
58,105,484530
58,108,159012
58,109,159012
58,112,255270
58,113,255270
58,136,405078
58,145,37100
58,150,664760
58,151,664760
58,154,440720
58,155,440720
58,179,12560
58,180,460008
58,181,363252
58,186,610424
58,187,385048
58,191,551308
58,192,551308
58,193,287372
58,194,287372
58,201,982262
58,208,850064
58,214,823102
58,215,823102
58,218,636020
58,219,770048
58,221,394850
58,222,667792
58,227,414832
58,230,118894
58,237,590794
58,238,590794
58,240,1312490
58,248,265730
58,276,434826
58,281,97436
58,283,492260
58,284,101072
58,287,410894
58,288,410894
58,289,593290
58,290,593290
58,295,360810
58,299,99562
58,304,371696
58,305,371696
58,306,315072
58,307,315072
58,311,412028
58,326,1155366
58,329,835980
58,330,56800
58,335,442536
58,336,368064
58,339,367248
58,340,367248
58,343,267018
58,344,267018
58,346,729292
58,347,482068
58,350,158232
58,353,772386
58,354,1605650
58,355,287922
58,356,436848
58,357,139612
58,359,729292
58,360,482068
58,363,158232
58,365,772386
58,367,287922
58,368,1605650
58,369,139612
58,370,436848
58,373,209050
58,384,209050
58,393,995588
58,394,978370
58,397,929866
58,398,325158
58,402,995588
58,403,978370
58,406,929866
58,407,325158
58,413,521782
58,415,678460
58,416,676050
58,417,114494
58,420,521782
58,422,678460
58,423,676050
58,424,114494
80,146,2507166
80,150,1066652
80,151,1066652
80,154,276480
80,155,276480
80,181,280092
27,179,744402
80,189,443610
80,190,443610
80,193,507036
80,194,507036
80,195,789082
80,196,789082
27,98,1647850
27,105,113886
72,96,1331220
72,103,562172
74,98,1385020
74,105,2018556
80,294,3556678
27,124,1566044
80,298,1566044
80,300,893150
80,301,744402
80,302,466032
80,303,466032
80,304,1026944
80,305,1026944
80,306,127034
80,307,127034
80,308,680774
80,309,680774
80,336,280092
80,337,443610
80,338,443610
80,341,507036
80,342,507036
80,343,789082
80,344,789082
80,347,323070
80,350,323070
80,352,998800
80,353,1205200
80,356,1747576
80,360,323070
80,363,323070
80,365,1205200
80,366,998800
80,370,1747576
80,395,300718
80,397,393056
80,398,300718
80,404,300718
80,406,393056
80,407,300718
123,157,629004
123,165,208150
123,167,340678
123,172,759942
123,173,759942
123,174,33244
123,175,33244
117,187,453638
123,177,455532
123,180,197040
123,181,663490
29,179,747594
123,195,209708
123,196,209708
29,93,265468
29,97,877880
29,98,304400
29,104,422572
29,110,331328
29,111,331328
123,227,84172
123,228,8708
123,230,176184
123,231,303506
123,232,303506
116,98,63124
116,105,339204
116,108,1138066
116,109,1138066
117,206,579310
117,208,1185102
117,209,912702
117,214,1186090
117,215,1186090
123,316,3830
123,317,1442542
123,320,877960
123,321,882318
123,326,361964
123,327,151128
123,329,581994
123,335,114986
123,336,76874
123,339,453732
123,340,453732
123,341,1069746
123,342,1069746
123,345,1816
123,350,1131644
123,351,33084
123,354,531062
123,358,1816
123,363,1131644
123,364,33084
123,368,531062
123,371,311416
123,372,35728
123,376,714652
123,377,27086
123,380,351934
123,382,311416
123,383,35728
123,387,714652
123,388,27086
123,392,351934
123,400,2657068
123,401,207290
123,409,207290
123,410,2657068
123,416,1599070
123,423,1599070
144,48,1101846
144,50,1185102
144,51,739710
144,52,285090
144,55,536454
144,63,285162
144,64,285162
144,69,32802
144,70,32802
144,89,848064
144,90,848064
144,115,619340
144,118,566402
144,119,96324
138,114,632168
144,127,1237032
144,128,1237032
144,219,739710
144,227,285090
144,230,536454
144,231,285162
144,232,285162
144,237,32802
144,238,32802
75,98,1549234
75,105,1549234
138,73,79690
30,124,1112868
138,103,389632
138,104,493084
138,106,940300
138,107,940300
138,108,2124524
138,109,2124524
138,110,780118
138,111,780118
138,112,1463952
138,113,1463952
144,316,79690
144,345,2611634
41,124,179792
144,351,3219634
144,352,180562
144,355,1394268
144,358,2611634
40,124,179792
144,364,3219634
144,366,184076
144,367,1394268
144,373,1043290
144,376,1043290
144,377,677942
144,378,146426
144,379,877674
144,380,246920
144,384,1043290
144,387,1043290
144,388,658304
144,389,877674
144,390,146426
144,392,253024
144,397,1416
144,400,327398
144,401,1005230
144,406,1416
144,409,1005230
144,410,327398
144,411,2094752
144,415,848064
144,417,2749894
144,418,2094752
144,422,848064
144,424,2749894
164,25,106654
164,26,166210
164,40,390530
164,41,390530
164,42,135640
164,43,134034
159,104,1237374
164,114,201966
49,104,106654
164,119,397448
164,125,225080
164,129,120950
164,130,119344
68,104,390530
67,104,390530
164,212,135640
164,213,134034
164,264,294408
164,268,1297044
164,269,1296100
164,312,327598
164,315,327598
164,316,108500
164,320,1152
164,322,45604
164,323,45604
164,324,38196
164,325,38196
164,335,9930
164,336,246766
164,341,21926
164,342,21926
164,357,295754
164,369,295754
164,372,237784
164,378,171948
164,379,1212148
164,381,261890
164,383,237784
164,389,1227414
164,390,187214
164,391,267828
164,400,74654
164,401,85438
164,409,85438
164,410,74654
164,415,785392
164,417,331698
164,422,785392
164,424,331698
185,25,287144
185,26,252948
185,38,492260
185,40,716402
185,41,716402
185,44,334674
185,45,334674
185,46,147658
185,47,147658
185,48,290660
185,49,178356
185,51,835980
185,52,859088
185,62,725606
185,65,38386
185,66,38386
185,69,775198
185,70,775198
185,75,242646
185,87,929866
185,88,929866
185,91,356788
185,92,356788
185,93,59068
185,97,350756
185,102,793888
185,105,751502
185,110,14186
185,111,14186
185,112,531134
185,113,531134
185,114,106652
185,116,687460
185,129,978292
185,130,978292
185,133,839188
185,134,839188
140,73,143332
32,124,143662
140,97,259826
140,102,1921374
140,105,996370
185,218,331314
185,219,12560
185,221,434826
185,227,211772
185,230,302956
185,246,107678
185,275,263968
185,276,814244
185,281,309754
185,283,443814
185,284,509208
185,285,19174
185,286,19174
185,289,542306
185,290,542306
185,291,535948
185,292,535948
185,326,93780
185,329,1176298
185,330,388634
185,335,608364
185,336,87394
185,337,552936
185,338,552936
185,341,224382
185,342,224382
185,343,873050
185,344,873050
185,345,491786
185,346,371696
185,347,1190240
185,351,169832
185,352,550810
185,353,1066944
185,354,757690
185,355,626386
185,357,486468
185,358,491786
185,359,371696
185,360,1190240
185,364,169832
185,365,1066944
185,366,550810
185,367,626386
185,368,757690
185,369,486468
185,371,32702
185,376,1003586
185,377,103968
185,379,544368
185,381,54504
185,382,32702
185,387,1003586
185,388,103968
185,389,544368
185,391,54504
185,394,61928
185,397,541400
185,398,4116
185,403,61928
185,406,541400
185,407,4116
185,411,402106
185,415,738242
185,417,30712
185,418,402106
185,422,738242
185,424,30712
267,49,418406
267,52,293780
267,53,708324
267,60,356788
267,62,9714
267,63,871376
267,69,1339934
250,28,137580
250,73,702354
250,96,350928
250,111,1526006
250,112,133720
267,119,24358
149,114,1237032
267,125,21926
267,127,1544464
267,131,942026
267,134,122292
267,221,708324
267,222,9714
267,227,293780
267,228,356788
267,231,337242
267,237,212576
267,238,451848
86,106,69128
128,104,21926
128,105,24358
128,106,598396
128,109,587784
128,111,833742
267,352,1801582
267,354,1855492
267,355,1329786
267,357,464422
267,373,442584
267,376,49426
267,377,675212
267,389,668926
215,106,243318
153,106,1631966
267,399,1333502
214,106,27954
267,403,694598
267,404,85586
267,407,17514
267,408,3160418
267,411,291132
267,415,1598626
267,417,256218
267,419,173184
267,420,693464
266,49,418406
266,52,293780
266,53,708324
266,60,356788
266,62,9714
266,64,871376
266,70,1339934
249,28,137580
249,73,702354
249,96,350928
249,110,1526006
249,113,133720
266,119,24358
148,114,1237032
266,125,21926
266,128,1544464
266,132,942026
266,133,122292
266,221,708324
266,222,9714
266,227,293780
266,228,356788
266,232,337242
266,237,451848
266,238,212576
85,107,69128
127,104,21926
127,105,24358
127,107,598396
127,108,587784
127,110,833742
266,366,1801582
266,367,1329786
266,368,1855492
266,369,464422
266,379,668926
266,384,442584
266,387,49426
266,388,675212
215,107,27954
266,394,694598
266,395,85586
266,398,17514
266,399,3160418
214,107,243318
152,107,1631966
266,408,1333502
266,412,173184
266,413,693464
266,418,294920
266,422,1598626
266,424,256218
386,26,282432
386,27,541400
386,28,837536
386,32,601792
386,38,678460
269,393,400904
386,45,186958
386,95,35728
386,97,165138
386,98,183198
386,102,35728
386,105,183198
386,108,1371448
271,372,1186340
270,372,832636
386,114,245420
386,119,460054
386,124,729292
386,125,738242
386,127,327840
386,129,756212
273,373,986258
386,198,541400
386,208,678460
386,209,601792
386,212,488226
386,214,217420
386,275,824860
386,282,729292
386,283,738242
386,284,460054
386,287,188560
273,376,701504
386,375,1137646
271,377,72504
270,377,847084
271,371,634542
271,150,434
273,191,1013008
273,320,461426
375,26,282432
375,27,541400
375,28,837536
375,32,601792
375,38,678460
375,44,186958
268,402,400904
375,95,35728
375,97,165138
375,98,183198
375,102,35728
375,105,183198
375,109,1371448
271,383,832636
270,383,1186340
375,114,245420
375,119,460054
375,124,729292
375,125,738242
375,128,327840
375,130,756212
272,384,986258
375,198,541400
375,208,678460
375,209,601792
375,213,488226
375,215,217420
375,275,824860
375,282,729292
375,283,738242
375,284,460054
375,288,188560
272,387,701504
271,388,847084
270,388,72504
270,382,634542
270,151,434
272,192,1013008
272,321,447622
215,105,119190
215,110,1274950
271,137,893632
194,28,59178
271,155,1093854
271,177,469328
271,179,14186
271,181,395826
271,193,202030
271,195,224996
271,196,702908
45,98,119190
45,108,308838
45,110,845926
45,124,1320598
153,102,1320598
153,103,780118
153,113,1784932
271,329,14186
271,336,395826
271,343,542076
271,344,385828
271,394,1246266
271,395,426710
271,398,34876
214,105,119190
214,111,1274950
270,137,893632
193,28,59178
270,154,1093854
270,177,469328
270,179,14186
270,181,395826
270,194,202238
270,195,702908
270,196,224996
44,98,119190
44,109,308606
44,111,845926
44,124,1320598
152,102,1320598
152,103,780118
152,112,1784932
270,329,14186
270,336,395826
270,343,385828
270,344,542076
270,403,1246266
270,404,426710
270,407,34876
273,48,246102
273,51,255270
273,52,958260
273,61,351468
273,62,146832
273,69,15484
273,157,131964
155,179,133642
273,177,284980
273,179,531134
273,180,126804
273,181,61194
273,188,882318
273,195,500990
273,219,255270
273,222,146832
273,227,958260
273,310,119344
70,104,134034
238,104,134034
273,317,882318
268,415,288458
273,326,561498
273,327,9000
273,329,531134
273,335,126804
273,336,61194
273,416,156376
273,417,2124
272,48,246102
272,51,255270
272,52,958260
272,61,351468
272,62,146832
272,70,15484
272,157,131964
154,179,133642
272,177,284980
272,179,531134
272,180,126804
272,181,61194
272,188,882318
272,196,500990
272,219,255270
272,222,146832
272,227,958260
272,310,119344
69,104,134034
237,104,134034
272,317,882318
269,422,288458
272,326,561498
272,327,9000
272,329,531134
272,335,126804
272,336,61194
272,423,152560
272,424,2124
206,25,140586
206,26,686504
206,31,118894
206,32,676722
206,36,649756
145,25,930758
206,38,961904
206,39,924516
206,42,163518
206,43,163518
206,44,394826
206,45,394826
206,46,1214830
206,47,1214830
206,48,541244
206,49,709366
206,51,174688
206,52,711612
206,55,910612
206,60,624138
206,61,729824
206,62,543280
206,63,168782
206,64,168782
206,65,475872
206,66,475872
206,67,123810
206,68,123810
206,114,195992
206,115,486480
206,116,500222
206,118,302956
206,119,564862
206,124,86686
206,125,457900
206,126,64934
206,129,250524
206,130,250524
206,131,288802
206,132,288802
206,156,1048892
206,157,322206
206,160,176184
145,31,265730
206,168,325158
206,169,325158
206,176,486480
206,177,76968
206,178,676570
206,179,400100
206,180,704450
206,181,673054
102,179,1070792
206,191,119698
206,192,119698
206,193,828908
206,194,828908
206,239,681338
206,248,1429944
145,27,337276
145,38,531704
145,39,667074
145,44,921426
145,45,921426
145,46,604418
145,47,604418
206,310,142496
206,316,30708
206,320,147678
206,321,146832
206,322,9714
206,323,9714
206,324,68410
206,325,68410
206,326,365026
206,330,453418
206,335,366414
206,336,117462
206,337,216794
206,338,216794
206,346,233162
206,347,332800
206,350,884042
206,352,355224
206,354,966266
206,356,245886
