47,117,91322
46,117,91322
274,157,465868
274,158,893148
274,159,646802
274,160,151128
274,170,9000
274,171,9000
274,172,491786
274,173,491786
274,174,121246
274,175,121246
274,177,877606
274,178,585390
274,179,1093456
274,180,339206
274,181,560270
274,189,4276
274,190,4276
274,191,339062
274,192,339062
274,193,531132
274,194,531132
274,197,281518
274,198,326052
274,199,195992
274,200,43904
274,201,486480
274,212,459120
274,213,459120
274,214,147234
274,215,147234
274,219,759240
274,220,486480
274,221,67860
274,222,76968
274,231,535706
274,232,535706
156,93,201966
274,312,334264
274,345,554366
274,352,423360
44,347,759246
47,127,2016880
274,358,554366
274,366,423360
45,360,759246
46,128,2016880
274,371,1008450
274,372,245420
274,373,76474
274,377,44190
45,373,672916
274,382,1008450
274,383,245420
274,384,76474
274,388,44190
44,384,672916
274,393,928598
274,394,328740
274,395,169708
47,131,835342
274,402,928598
274,403,328740
274,404,169708
46,132,835342
47,115,643020
47,118,38386
46,115,643020
46,118,38386
310,97,690098
41,157,472856
40,157,472856
310,108,362438
310,109,362438
310,110,196110
310,111,196110
310,114,2852
310,115,1364988
310,116,73388
310,118,59068
310,119,529804
310,127,613720
310,128,613720
310,129,42732
310,130,42732
310,133,472898
310,134,472898
293,135,1442332
310,157,593674
310,158,251174
310,170,1283724
310,171,1283724
310,172,436018
310,173,436018
310,174,861710
310,175,861710
25,53,830852
310,199,457510
310,200,550596
310,201,351030
310,212,1186940
310,213,1186940
310,214,56558
310,215,56558
48,174,801880
48,175,801880
310,276,706466
176,54,783134
176,174,441740
176,175,441740
41,158,180144
41,171,12526
40,158,180144
40,170,12526
310,377,603054
310,379,386354
310,388,603054
310,389,386354
293,411,200316
310,394,1043290
310,395,1816
45,171,431334
293,418,200316
310,403,1043290
310,404,1816
44,170,431334
310,411,396820
310,417,190436
310,418,396820
310,424,190436
326,48,166094
326,49,209510
326,55,365026
326,65,148524
326,66,148524
326,72,30708
326,74,498160
326,77,596380
326,85,68410
326,86,68410
326,89,146832
326,90,146832
326,91,9714
326,92,9714
326,115,543280
326,116,683224
326,118,263968
326,119,863142
326,127,385704
326,128,385704
326,131,71404
326,132,71404
326,133,362886
326,134,362886
326,176,649756
326,177,535204
326,178,993904
326,180,364606
326,181,166728
41,181,1532926
40,181,1532926
326,195,829116
326,196,829116
326,197,58950
326,198,880344
326,199,486480
326,201,195992
326,212,221274
326,213,221274
326,214,18042
326,215,18042
326,219,460860
326,220,76968
326,222,486480
326,231,102218
326,232,102218
326,237,461666
326,238,461666
326,241,555740
326,257,666348
326,259,463266
326,275,144768
156,179,403486
156,195,1112958
156,196,1112958
41,177,228496
41,178,361770
41,195,65248
40,177,228496
40,178,361770
40,196,65248
326,371,884042
326,373,643214
326,377,696818
326,378,1169698
43,413,987602
326,381,65122
326,382,884042
326,384,643214
326,388,696818
326,390,1169640
326,391,65122
42,420,987602
326,393,940556
326,395,282402
326,400,51750
326,401,434894
326,402,940556
326,404,282402
326,409,434894
326,410,51750
326,411,486544
326,412,824860
326,418,486544
326,419,824860
25,48,857722
25,49,1108878
25,50,476052
25,52,143656
25,54,142004
25,55,266610
25,67,52840
25,68,52840
25,69,24220
25,70,24220
25,72,504834
25,74,13842
25,75,335258
25,76,280092
25,77,455036
25,85,469498
25,86,469498
25,87,395826
25,88,395826
25,89,61194
25,90,61194
25,91,409400
25,92,409400
25,115,298780
25,116,467876
25,117,3494
25,118,178356
25,119,350984
25,131,474316
25,132,474316
25,133,831148
25,134,831148
25,159,156754
25,168,426010
25,169,426010
25,172,418406
25,173,418406
25,174,507882
25,175,507882
25,177,262566
25,178,492036
25,180,273508
25,181,467876
25,189,633480
25,190,633480
25,191,544306
25,192,544306
25,193,50280
25,194,50280
25,198,59660
25,199,318868
25,200,463858
25,201,441822
25,212,152324
25,213,152324
25,214,325072
25,215,325072
25,220,712410
25,221,201928
25,222,835364
25,231,84900
25,232,84900
25,237,257648
25,238,257648
25,241,22422
25,249,469498
25,250,469498
25,257,241210
25,258,307956
25,275,209510
25,277,173544
25,278,163366
25,285,290384
25,286,290384
25,287,470294
25,288,470294
25,293,321802
25,306,115988
25,307,115988
25,311,106654
25,312,378522
25,324,507882
25,325,507882
25,328,239280
25,329,64418
25,330,275890
25,345,54074
25,355,108270
25,358,54074
25,367,108270
25,373,241414
25,379,215990
25,380,339432
25,381,78388
25,384,241414
25,389,215990
25,391,72466
25,392,345354
25,395,101322
25,404,101322
48,29,944476
48,30,51254
48,32,329156
48,94,535198
48,95,393944
48,97,95248
48,98,373474
48,108,172404
48,109,172404
48,112,246102
48,113,246102
48,114,318308
48,116,821112
48,117,316006
48,118,252948
48,119,744830
48,127,503080
48,128,503080
48,129,724804
48,130,724804
48,133,209112
48,134,209112
48,136,183560
48,137,539020
48,138,421628
48,148,126804
48,149,126804
48,152,327116
48,153,327116
48,176,709760
48,179,494922
48,180,744830
48,181,743636
48,189,365156
48,190,365156
48,198,246696
48,199,941366
48,200,502334
48,201,417430
48,212,387804
48,213,387804
48,214,537648
48,215,537648
48,219,460534
48,220,966766
48,221,716172
48,222,442830
48,231,244716
48,232,244716
48,237,394560
48,238,394560
48,249,530792
48,250,530792
48,259,103074
48,268,172404
48,269,172404
48,276,586538
48,278,384694
30,77,465808
48,295,809420
48,306,327116
48,307,327116
48,312,196650
48,324,409166
48,325,409166
48,328,40812
48,329,103870
48,341,634024
48,342,634024
48,343,412300
48,344,412300
48,346,460054
48,355,1048438
48,356,450220
48,357,189624
48,359,460054
48,367,1048438
48,369,189624
48,370,450220
48,372,1162204
48,380,634850
48,381,700954
48,383,1162204
48,391,700954
48,392,634850
48,394,1121022
48,403,1121022
48,412,282432
48,413,111482
48,417,249708
48,419,282432
48,420,111482
48,424,249708
71,148,134034
71,149,134034
71,177,360002
71,180,93858
71,189,181198
71,190,181198
71,193,329460
71,194,329460
71,195,97890
71,196,97890
71,200,18608
71,201,794918
71,214,1303316
71,215,1303316
71,240,327598
71,241,251174
71,249,483150
71,250,483150
71,285,254742
71,286,254742
71,293,1789566
71,329,897692
71,345,455182
71,355,417494
71,358,455182
71,367,417494
28,63,1292306
28,64,1292306
28,159,420726
28,170,351468
28,171,351468
28,237,529310
28,238,529310
28,275,189884
28,278,380040
28,287,81250
28,288,81250
28,293,153348
28,311,960072
28,312,1143732
28,324,221060
28,325,221060
28,327,426684
28,328,353418
28,343,248244
28,344,248244
28,379,791582
28,389,791582
28,395,1219114
28,404,1219114
28,411,121106
28,418,121106
94,277,91538
94,278,394920
114,49,262566
114,54,433810
114,55,1222012
114,63,587244
114,64,587244
114,67,228496
114,68,228496
114,157,397384
114,159,266134
114,160,455532
114,168,469328
114,169,469328
114,170,284980
114,171,284980
114,172,611374
114,173,611374
114,180,58206
114,193,964772
114,194,964772
41,278,57410
40,278,57410
114,197,409280
114,200,366466
114,201,365026
114,212,400338
114,213,400338
114,237,67322
114,238,67322
114,275,535204
114,278,110686
114,285,4262
114,286,4262
114,293,360002
114,306,73386
114,307,73386
114,324,121246
114,325,121246
114,327,877606
114,328,43934
114,330,673526
114,343,233358
114,344,233358
114,345,766560
114,346,601792
114,352,684952
46,285,2042540
114,358,766560
114,359,601792
114,366,684952
47,286,2042540
114,371,215528
114,377,44190
114,382,215528
114,388,44190
114,395,214518
114,404,214518
47,275,148524
47,278,107320
46,275,148524
46,278,107320
30,49,594584
30,52,405996
30,55,987908
30,67,101984
30,68,101984
30,69,189854
30,70,189854
30,72,3830
30,74,266454
30,89,882318
30,90,882318
30,115,153770
30,116,216532
30,119,179410
30,129,534148
30,130,534148
30,131,411370
30,132,411370
30,133,162966
30,134,162966
30,220,738328
30,231,806402
30,232,806402
30,237,850940
30,238,850940
30,249,33244
30,250,33244
30,275,353816
30,293,300502
30,355,843922
30,367,843922
30,399,27086
30,408,27086
156,94,225080
156,95,397448
41,311,390530
40,311,390530
156,112,119344
156,113,119344
156,116,506002
156,117,539154
156,119,800204
156,133,92520
156,134,92520
156,199,448576
156,212,808490
156,213,808490
156,257,438668
156,268,362438
156,269,362438
156,275,666348
156,285,722890
156,286,722890
156,312,27642
156,324,861710
156,325,861710
41,312,671382
40,312,671382
156,373,301686
156,381,611182
156,384,301686
156,391,611182
156,411,593950
156,417,190436
156,418,593950
156,424,190436
176,49,298780
176,51,1073120
176,52,1222012
176,65,643020
176,66,643020
176,69,513204
176,70,513204
176,73,536454
176,75,322206
176,87,511698
176,88,511698
176,93,1364988
176,94,159012
176,95,548364
176,112,561498
176,113,561498
176,116,114470
47,330,853378
46,330,853378
176,197,198680
176,198,68454
176,199,365026
176,214,424224
176,215,424224
176,219,590296
176,221,245362
176,231,43436
176,232,43436
176,249,68410
176,250,68410
176,275,543280
176,277,1021010
176,327,924516
176,329,598886
176,330,202070
176,341,277806
176,342,277806
41,328,556786
41,344,1334526
40,328,556786
40,343,1334526
176,372,550328
176,383,550328
176,393,866202
176,401,950350
176,402,866202
176,409,950350
176,411,878938
176,418,878938
41,49,52840
41,55,34410
41,63,1301582
41,66,10806
41,67,386086
41,72,99728
41,74,496984
41,85,221228
41,91,1160020
41,116,985642
41,117,147322
41,119,77848
41,127,488988
41,219,134408
41,220,78620
41,221,426414
41,222,412372
41,237,486526
41,241,300480
41,347,355552
41,353,733164
41,355,505400
41,388,363810
41,389,852904
41,392,1923744
41,395,463042
41,399,200288
41,400,18626
41,403,777354
41,410,928228
41,412,742394
41,418,1937114
41,420,1440090
40,49,52840
40,55,34410
40,64,1301582
40,65,10806
40,68,386086
40,72,99728
40,74,496984
40,86,221228
40,92,1160020
40,116,985642
40,117,147322
40,119,77848
40,128,488988
40,219,134408
40,220,78620
40,221,426414
40,222,412372
40,238,486526
40,241,300480
40,360,355552
40,365,733164
40,367,505400
40,377,363810
40,379,852904
40,380,1921758
40,394,777354
40,400,928228
40,404,463042
40,408,200288
40,410,18626
40,411,1950358
40,413,1440090
40,419,742394
382,93,396820
382,97,234664
382,98,136130
46,372,441562
382,115,878938
382,116,133022
382,117,136482
382,118,402106
382,119,400578
382,128,72342
382,129,119084
43,128,399612
382,198,182744
382,199,451366
382,214,489258
382,215,1141714
382,257,593950
382,259,214254
382,268,31546
382,275,486544
382,276,503818
382,277,247838
382,373,995654
382,377,462384
382,378,928918
46,377,491650
382,394,874568
382,408,1418592
47,380,233382
371,93,396820
371,97,234664
371,98,136130
47,383,441562
371,115,878938
371,116,133022
371,117,136482
371,118,402106
371,119,400578
371,127,72342
371,130,119084
42,127,399612
371,198,182744
371,199,451366
371,214,1141714
371,215,489258
371,257,593950
371,259,214254
371,269,31546
371,275,486544
371,276,503818
371,277,247838
371,384,995654
371,388,462384
371,390,928918
47,388,491650
371,399,1418592
371,403,874568
46,392,233382
402,135,758104
402,136,36096
402,137,65290
402,140,110968
402,177,766560
402,178,351070
402,179,60424
402,180,775242
402,181,273114
402,193,286874
402,195,761662
45,190,525066
402,200,412246
402,201,245438
402,213,158788
402,214,671280
402,293,455182
402,327,554366
402,328,846762
402,329,66168
402,395,776310
402,399,883548
47,67,307760
47,395,1359878
393,135,758104
393,136,36096
393,137,65290
393,140,110968
393,177,766560
393,178,351070
393,179,60424
393,180,775242
393,181,273114
393,194,280948
44,189,525066
393,196,761662
393,200,412246
393,201,245438
393,212,190886
393,215,671280
393,293,455182
393,327,554366
393,328,846762
393,329,66168
393,404,776310
393,408,883548
46,68,313686
46,404,1359878
47,157,119006
47,158,8780
47,159,269742
47,180,233892
47,181,915652
47,195,536242
47,219,831730
47,220,53762
47,221,562940
47,324,116414
47,329,542256
47,343,379394
46,157,119006
46,158,8780
46,159,269742
46,180,233892
46,181,915652
46,196,536242
46,219,831730
46,220,53762
46,221,562940
46,325,116414
46,329,542256
46,344,379394
197,27,27436
197,29,394796
197,31,636020
197,32,303412
197,42,587384
197,43,587384
197,44,77758
197,45,77758
197,116,473022
197,118,331314
197,119,852334
197,127,367236
197,128,367236
197,129,710000
197,130,710000
69,29,939858
70,29,939858
197,136,489002
197,140,11940
197,178,577586
197,179,610952
197,181,360498
197,189,248476
197,190,248476
64,32,143890
63,32,143890
197,278,36974
53,29,86784
197,328,89638
197,330,36974
69,32,375404
70,32,375404
197,413,94566
197,420,94566
257,97,593674
257,98,27642
257,106,436018
257,107,436018
257,108,861710
257,109,861710
257,112,1283724
257,113,1283724
257,116,285622
257,129,1112958
257,130,1112958
68,95,473972
67,95,473972
257,136,1518794
257,139,1549234
257,154,300718
257,155,300718
257,157,690098
257,168,196110
257,169,196110
68,97,472856
67,97,472856
257,174,362438
257,175,362438
257,178,251580
257,180,800204
257,181,506002
257,191,92520
257,192,92520
26,98,196650
26,108,409166
26,109,409166
26,110,507408
26,111,507408
257,219,297520
257,222,448576
257,237,808490
257,238,808490
257,341,722890
257,342,722890
257,346,1043290
257,353,3716
257,356,366194
257,359,1043290
257,365,3716
257,370,364050
257,377,190436
257,388,190436
68,98,671382
67,98,671382
257,413,301686
257,420,301686
275,26,166094
275,29,365026
275,31,1155366
275,115,649756
275,116,166728
275,117,353964
275,118,93780
275,119,364606
275,129,829116
275,130,829116
68,116,1532926
67,116,1532926
275,136,322206
275,137,555740
275,139,536454
275,154,346908
275,155,346908
275,158,463266
275,159,159012
275,160,361964
275,170,561498
275,171,561498
68,118,716402
67,118,716402
275,178,142688
275,179,594432
275,180,863142
275,181,683224
275,189,71404
275,190,71404
275,191,362886
275,192,362886
275,193,385704
275,194,385704
275,199,486480
275,200,508050
275,201,76968
275,212,461666
275,213,461666
275,214,102218
275,215,102218
275,219,302396
275,220,195992
275,221,82882
275,222,486480
275,231,18042
275,232,18042
275,237,221274
275,238,221274
275,295,596380
275,306,68410
275,307,68410
275,345,940556
275,347,282402
275,352,434894
275,353,51750
275,356,809148
275,358,940556
275,360,282402
275,365,51750
275,366,434894
275,370,820380
275,380,219210
69,373,191298
70,384,186864
275,392,214776
68,117,162188
67,117,162188
275,411,884042
275,412,32702
275,413,643214
275,418,884042
275,419,32702
275,420,643214
293,72,553746
293,75,60216
66,136,344176
65,136,344176
293,117,550740
293,119,93858
293,127,329460
293,128,329460
293,129,97890
293,130,97890
293,131,181198
293,132,181198
293,136,818680
293,137,251174
293,138,273210
293,148,898608
293,149,898608
293,152,483150
293,153,483150
293,154,73036
293,155,73036
26,150,443602
26,151,443602
26,152,530792
26,153,530792
293,219,79746
293,220,794918
293,221,882892
293,231,1303316
293,232,1303316
293,276,45600
293,277,281350
177,152,254742
177,153,254742
293,351,252420
65,148,556628
293,354,985180
293,357,74908
293,364,252420
66,149,556628
293,368,985180
293,369,78794
66,96,443610
66,153,124284
65,96,443610
65,152,124284
293,394,183198
293,400,403848
293,403,183198
293,410,401234
293,413,737984
293,420,737984
327,26,175282
327,32,365026
327,94,266134
327,95,913420
327,97,397384
327,98,334264
327,106,403084
327,107,403084
327,110,469328
327,111,469328
327,112,284980
327,113,284980
327,116,560270
327,119,339206
327,127,531132
327,128,531132
327,131,4276
327,132,4276
327,133,339062
327,134,339062
327,177,315430
327,179,43136
327,180,888542
327,181,289682
66,181,1335258
65,181,1335258
327,193,32476
327,194,32476
327,195,430152
327,196,430152
327,198,437204
327,199,76968
327,201,486480
327,214,535706
327,215,535706
327,219,98760
327,220,486480
327,222,195992
327,231,147234
327,232,147234
327,237,459120
327,238,459120
327,241,868176
327,249,73386
327,250,73386
327,259,893148
327,268,121246
327,269,121246
135,193,542896
135,194,542896
54,179,583178
327,345,928598
327,346,38338
327,347,169708
64,395,1639080
327,358,928598
327,359,38338
327,360,169708
63,404,1642982
66,193,1717882
66,196,470522
65,194,1724852
65,195,470522
327,394,601792
327,401,423360
327,403,601792
327,409,423360
327,411,1008450
327,413,76474
327,417,44190
327,418,1008450
327,420,76474
327,424,44190
26,72,421628
26,74,466774
26,75,183560
26,77,809420
26,85,327116
26,86,327116
26,89,126804
26,90,126804
26,115,709760
26,116,743636
26,117,227602
26,118,290660
26,119,744830
26,131,365156
26,132,365156
26,157,95248
26,158,103074
26,159,535198
26,170,246102
26,171,246102
26,174,172404
26,175,172404
26,177,318308
26,178,520268
26,180,744830
26,181,821112
26,191,209112
26,192,209112
26,193,503080
26,194,503080
26,195,724804
26,196,724804
26,198,345852
26,199,442830
26,200,615238
26,201,966766
26,212,394560
26,213,394560
26,214,244716
26,215,244716
26,219,132014
26,220,417430
26,221,401400
26,222,941366
26,231,537648
26,232,537648
26,237,387804
26,238,387804
26,241,539020
26,249,327116
26,250,327116
26,258,403690
26,268,801880
26,269,801880
26,277,308132
26,285,634024
26,286,634024
26,287,412300
26,288,412300
26,306,152342
26,307,152342
26,312,373474
26,324,172404
26,325,172404
26,328,382276
26,329,319218
26,330,384694
26,346,905134
26,353,525322
26,354,454716
26,359,905134
26,365,545930
26,368,454716
26,372,282432
26,373,111482
26,377,249708
26,378,450220
26,379,189624
26,380,407080
26,381,929744
26,383,282432
26,384,111482
26,388,249708
26,389,189624
26,390,450220
26,391,955718
26,392,379066
26,394,460054
26,403,460054
26,412,1143220
26,419,1143220
49,29,266610
49,32,143656
49,94,156754
49,95,248146
49,96,280092
49,98,378522
49,106,418406
49,107,418406
49,108,507882
49,109,507882
49,110,261840
49,111,261840
49,116,467876
49,117,462006
49,118,287144
49,119,273508
49,127,50280
49,128,50280
49,131,633480
49,132,633480
49,133,544306
49,134,544306
49,136,335258
49,137,22422
49,138,504834
49,148,61194
49,149,61194
49,150,532302
49,151,532302
49,152,469498
49,153,469498
49,154,395826
49,155,395826
49,179,208386
49,180,350984
49,181,467876
49,189,474316
49,190,474316
49,191,831148
49,192,831148
49,198,282020
49,199,835364
49,201,712410
49,212,257648
49,213,257648
49,214,84900
49,215,84900
49,219,543950
49,220,441822
49,221,195220
49,222,318868
49,231,325072
49,232,325072
49,237,152324
49,238,152324
49,240,178720
49,249,803594
49,250,803594
49,268,507882
49,269,507882
49,276,269310
49,278,275890
49,294,106654
49,295,455036
49,306,469498
49,307,469498
49,312,418110
49,324,1042302
49,325,1042302
49,329,143514
49,330,163366
49,341,290384
49,342,290384
49,343,470294
49,344,470294
49,347,101322
49,357,215990
49,360,101322
49,369,215990
49,381,620938
49,391,620938
49,400,229532
49,410,229532
49,413,241414
49,420,241414
50,32,280440
50,138,3830
50,148,882318
50,149,882318
50,199,801508
50,201,447096
50,276,238398
50,278,633568
50,294,960072
50,295,428396
50,306,33244
50,307,33244
50,330,106652
50,341,211948
50,342,211948
50,351,27086
50,364,27086
50,413,482946
50,420,482946
93,159,225080
93,170,119344
93,171,119344
93,177,2852
93,180,529804
93,181,73388
93,191,472898
93,192,472898
93,193,613720
93,194,613720
93,195,42732
93,196,42732
93,220,351030
93,222,457510
93,231,56558
93,232,56558
93,237,1186940
93,238,1186940
93,259,251174
93,268,861710
93,269,861710
93,277,116430
93,287,441740
93,288,441740
93,324,362438
93,325,362438
93,328,553562
93,377,190436
93,381,209398
93,388,190436
93,391,193162
68,259,180144
67,259,180144
115,32,1222012
115,42,513204
115,43,513204
115,135,345572
115,138,30708
115,140,40272
115,148,146832
115,149,146832
115,150,9714
115,151,9714
115,152,68410
115,153,68410
115,180,673526
115,181,114470
66,278,853378
65,278,853378
115,200,156300
115,214,43436
115,215,43436
115,221,303162
115,222,365026
115,231,424224
115,232,424224
115,276,635792
115,278,202070
115,285,277806
115,286,277806
115,330,58206
115,345,866202
115,352,950350
115,358,866202
115,366,950350
115,372,824860
67,287,866950
115,383,824860
68,288,866950
68,276,756368
67,276,756368
115,412,403874
115,419,403874
66,294,390530
65,294,390530
135,89,134034
135,90,134034
135,116,429488
135,119,364258
135,127,123986
135,128,123986
135,133,450990
135,134,450990
135,219,277820
135,220,186460
135,231,910602
135,232,910602
135,237,282550
135,238,282550
135,287,683060
135,288,683060
135,294,327598
135,295,27642
135,306,483150
135,307,483150
135,347,301686
135,355,27882
135,360,301686
135,367,27882
66,306,640330
65,307,640330
54,94,420726
54,95,266454
54,112,351468
54,113,351468
54,119,252240
54,129,174650
54,130,174650
54,131,328190
54,132,328190
54,133,691408
54,134,691408
54,199,323068
54,214,950876
54,215,950876
54,259,497046
54,268,221060
54,269,221060
54,356,281296
54,370,281296
54,381,274700
54,391,274700
54,400,381010
54,410,381010
177,27,632930
177,29,1222012
177,44,587244
177,45,587244
177,72,297534
177,73,285090
177,85,73386
177,86,73386
66,328,357088
65,328,357088
177,89,958260
177,90,958260
177,91,293780
177,92,293780
177,94,646802
177,95,110028
177,97,465868
177,106,700076
177,107,700076
177,108,121246
177,109,121246
177,112,9000
177,113,9000
177,127,964772
177,128,964772
68,330,57410
67,330,57410
177,198,437930
177,200,182058
177,212,67322
177,213,67322
177,220,365026
177,221,21492
177,237,400338
177,238,400338
177,276,952556
177,277,735344
177,287,233358
177,288,233358
177,328,515850
177,330,110686
177,341,4262
177,342,4262
177,346,152538
177,347,214518
177,359,152538
177,360,214518
66,329,22864
66,330,107320
66,342,130686
65,329,22864
65,330,107320
65,341,130686
177,401,684952
177,409,684952
177,411,215528
177,412,245420
177,417,44190
177,418,215528
177,419,245420
177,424,44190
358,75,36096
358,85,19306
358,92,272512
358,116,273114
358,117,329136
358,119,775242
358,130,380696
68,347,251654
358,134,1007178
358,219,951866
358,220,245438
358,231,1094382
358,238,420558
358,241,65290
358,249,329098
358,276,868696
358,277,225214
358,285,170318
358,347,439248
68,351,114838
358,356,1255294
65,106,179284
65,347,653342
65,353,1119538
65,354,1789730
65,355,2419448
67,148,527406
67,355,774632
358,412,538288
358,417,494888
358,420,1315730
358,424,884208
345,75,36096
345,86,19306
345,91,283354
345,116,273114
345,117,329136
345,119,775242
345,129,380696
67,360,251654
345,133,1018030
345,219,951866
345,220,245438
345,232,1094382
345,237,420558
345,241,65290
345,250,329098
345,276,868696
345,277,225214
345,286,170318
345,360,439248
67,364,114838
345,370,1223086
66,107,179284
66,360,653342
66,365,1119538
66,367,2419448
66,368,1789730
68,149,527406
68,367,774632
345,413,1294044
345,417,881260
345,419,534500
345,424,492194
66,94,269742
66,95,216946
66,97,119006
66,108,130326
66,110,1103696
66,116,915652
66,117,39914
66,118,147658
66,119,233892
66,128,489836
66,129,981408
66,132,210600
66,198,398770
66,200,919036
66,201,53762
66,259,8780
66,381,70782
66,394,886824
66,400,76548
64,153,261122
66,410,1326820
66,417,15828
66,419,253246
64,196,886370
65,94,269742
65,95,216946
65,97,119006
65,109,130326
65,111,1103696
65,116,915652
65,117,39914
65,118,147658
65,119,233892
65,127,489836
65,130,981408
65,131,210600
65,198,398770
65,200,919036
65,201,53762
65,259,8780
65,391,96902
63,152,261122
65,400,1327522
65,403,886824
65,410,80424
65,412,250704
63,195,910556
65,424,17994
68,29,34410
68,137,300480
68,138,99728
68,180,77848
68,181,985642
68,193,583000
68,198,558176
68,199,412372
68,200,257310
68,201,78620
68,214,139622
68,328,131800
68,329,84668
68,341,284044
68,395,288410
68,412,302672
67,29,34410
67,137,300480
67,138,99728
67,180,77848
67,181,985642
67,194,594982
67,198,558176
67,199,412372
67,200,257310
67,201,78620
67,215,139622
67,328,131800
67,329,84668
67,342,284044
67,404,288410
67,419,302880
418,157,234664
418,158,214254
418,160,311416
418,178,295528
418,179,424040
418,180,400578
418,181,133022
418,193,349780
418,195,635302
418,221,365108
418,222,451366
418,231,138388
418,232,1492584
418,312,136130
418,328,344772
418,329,225904
418,413,857968
418,417,856848
411,157,234664
411,158,214254
411,160,311416
411,178,295528
411,179,424040
411,180,400578
411,181,133022
411,194,354588
411,196,627008
411,221,365108
411,222,451366
411,231,1488032
411,232,142940
411,312,136130
411,328,344772
411,329,225904
411,420,866536
411,424,858292
198,32,75136
198,42,476464
198,43,476464
198,44,952756
198,45,952756
198,52,1061456
198,53,443814
198,55,624138
198,69,271256
198,70,271256
198,137,337276
198,140,132800
198,150,21926
198,151,21926
198,157,242646
198,158,172120
198,160,8708
198,168,929866
198,169,929866
198,172,356788
198,173,356788
198,179,434826
198,180,368392
198,181,302328
198,193,154212
198,194,154212
72,137,225080
198,276,492260
198,278,694528
198,287,484180
198,288,484180
136,44,621882
136,45,621882
198,330,298476
198,341,556912
198,342,556912
117,403,1295716
198,347,233162
198,352,11744
117,394,1295716
198,360,233162
198,366,11744
198,372,61928
198,373,38674
92,42,411430
91,42,972646
198,383,61928
198,384,38674
92,43,972646
91,43,411430
198,394,738242
198,395,77126
198,399,30712
198,403,738242
198,404,77126
198,408,30712
92,31,371696
92,32,424834
91,31,371696
91,32,424834
77,137,201966
77,138,225080
77,148,119344
77,149,119344
75,138,294408
75,148,1296100
75,149,1296100
75,150,1243324
75,151,1243324
75,154,1243324
75,155,1243324
75,240,1462912
294,138,108500
88,138,45604
87,138,45604
294,152,38196
294,153,38196
294,180,19224
294,181,28016
27,150,21926
27,151,21926
76,96,2507166
88,148,17878
87,148,1374508
86,148,148520
88,149,1396750
87,149,40120
85,149,148520
85,150,948020
86,151,934146
86,138,785392
86,152,615572
86,154,128752
86,155,31340
85,138,785392
85,153,615572
85,154,31340
85,155,128752
328,29,676570
328,32,521204
328,44,48732
328,45,48732
328,51,434826
328,52,336796
328,53,492260
328,55,86686
328,63,192608
328,64,192608
328,69,121958
328,70,121958
328,95,139206
328,97,405078
328,106,664760
328,107,664760
328,110,440720
328,111,440720
328,117,850064
328,119,239822
328,129,1075184
328,130,1075184
328,131,941264
328,132,941264
328,133,113774
328,134,113774
328,179,613198
328,180,352726
328,181,436124
88,181,282474
87,181,282474
328,193,670500
328,194,670500
328,199,734208
328,212,137866
328,213,137866
328,241,166130
328,249,159012
328,250,159012
328,259,191898
328,268,315072
328,269,315072
136,193,202978
136,194,202978
221,403,1295716
328,347,1044768
328,351,245066
86,194,1000412
328,356,921600
221,394,1295716
328,360,1044768
328,364,245066
85,193,1021388
328,370,921600
88,179,978370
88,195,1107088
88,196,786484
87,179,978370
87,195,776792
87,196,1116780
328,394,678460
328,399,114494
328,401,633014
328,403,678460
328,408,114494
328,409,633014
328,412,729292
328,413,590874
328,419,729292
328,420,590874
27,116,158360
27,117,492260
27,119,192688
27,129,484180
27,130,484180
27,131,337196
27,132,337196
27,133,480200
27,134,480200
27,157,242646
27,168,929866
27,169,929866
27,172,356788
27,173,356788
27,180,230400
27,181,49572
27,189,227924
27,190,227924
27,193,556912
27,194,556912
27,199,194798
27,212,476464
27,213,476464
27,214,952756
27,215,952756
27,221,443814
27,222,364986
27,237,271256
27,238,271256
27,306,621882
27,307,621882
27,312,395638
27,329,434826
27,341,154212
27,342,154212
27,347,203414
27,360,203414
27,372,61928
27,373,87918
27,380,830106
27,381,553970
27,383,61928
27,384,87918
27,391,553872
27,392,830204
27,394,738242
27,395,572818
27,399,30712
27,400,203778
27,403,738242
27,404,572818
27,408,30712
27,410,203778
27,412,371696
27,413,678326
27,419,371696
27,420,678326
72,31,99562
72,32,266134
72,44,30638
72,45,30638
72,136,294408
72,140,420726
72,152,785392
72,153,785392
72,154,45604
72,155,45604
72,180,535198
72,181,156754
72,189,269742
72,190,269742
72,195,59302
72,196,59302
72,199,159012
72,200,99562
72,201,646802
72,214,30638
72,215,30638
72,240,108500
72,249,813424
72,250,813424
72,259,65016
72,343,59302
72,344,59302
72,351,39112
72,353,685920
72,355,900546
72,356,452942
72,357,1050478
72,364,39112
72,365,667588
72,367,900546
72,369,1050478
72,370,452942
72,395,1283724
72,404,1283724
72,413,436018
72,420,436018
73,55,531704
73,180,1101846
73,193,32802
73,194,32802
73,195,285162
73,196,285162
73,341,32802
73,342,32802
73,343,285162
73,344,285162
73,352,601542
73,353,422558
73,365,422558
73,366,601542
73,395,2094752
73,404,2094752
73,413,2611634
73,420,2611634
74,31,385048
74,32,135444
74,44,489842
74,45,489842
74,53,399004
74,55,667074
74,138,420726
74,148,351468
74,149,351468
74,195,1073500
74,196,1073500
74,276,239910
74,285,707830
74,286,707830
74,306,221060
74,307,221060
74,329,370912
74,352,1034484
74,355,12436
74,366,1034484
74,367,12436
136,51,636446
136,52,465868
136,63,100316
136,64,100316
136,89,1296100
136,90,1296100
136,118,107678
136,119,95248
136,127,145930
136,128,145930
136,131,119006
136,132,119006
92,295,472856
91,295,472856
136,219,636446
136,220,397384
136,231,100316
136,232,100316
136,241,690098
136,249,420084
136,250,420084
136,277,107678
136,285,145930
136,286,145930
136,295,593674
136,306,112880
136,307,112880
136,330,211032
136,341,202978
136,342,202978
136,355,614118
136,367,614118
88,295,196110
88,306,292620
87,295,196110
87,307,296718
136,395,234664
136,399,89958
92,306,923708
136,404,234664
136,408,89958
91,307,923708
76,42,507036
76,43,507036
76,44,789082
76,45,789082
76,106,1066652
76,107,1066652
76,212,507036
76,213,507036
76,214,789082
76,215,789082
76,356,1050544
76,357,1153456
76,369,1153456
76,370,1050544
178,42,137866
178,43,137866
178,97,405078
178,106,664760
178,107,664760
178,110,440720
178,111,440720
178,116,50476
92,330,978292
91,330,978292
178,131,1190240
178,132,1190240
178,199,929208
178,214,48732
178,215,48732
178,219,434826
178,221,492260
178,231,192608
178,232,192608
178,237,121958
178,238,121958
178,249,159012
178,250,159012
178,268,315072
178,269,315072
178,276,850064
178,287,1075184
178,288,1075184
178,329,613198
178,330,274822
178,341,670500
178,342,670500
88,329,978370
88,330,839188
88,343,1410420
88,344,483152
87,329,978370
87,330,839188
87,343,469748
87,344,1423824
178,394,678460
178,399,114494
178,400,633014
178,403,678460
178,408,114494
178,410,633014
178,412,729292
178,419,729292
359,52,245420
359,53,738242
359,63,475352
359,69,404
359,117,678460
359,118,541400
359,119,282432
359,127,237446
359,130,329870
359,221,738242
359,222,824860
359,231,502550
359,249,1315094
359,276,678460
359,277,541400
359,346,4034568
88,351,573524
92,351,987524
88,106,162812
88,347,659506
89,148,68072
89,189,162306
92,356,356032
91,168,26120
91,189,1731652
91,357,369986
346,52,245420
346,53,738242
346,64,475352
346,70,404
346,117,678460
346,118,541400
346,119,282432
346,128,237446
346,129,329870
346,221,738242
346,222,824860
346,232,502550
346,250,1315094
346,276,678460
346,277,541400
87,364,579440
91,364,987524
87,107,166588
87,360,667416
90,149,68072
90,190,162306
92,169,26120
92,190,1731652
92,369,369986
91,370,356032
88,32,469328
88,42,863740
88,44,1121692
88,119,88164
88,212,978710
88,214,368760
88,215,559144
88,286,324424
87,32,469328
87,43,856784
87,45,1102654
87,119,88164
87,213,975490
87,214,560916
87,215,366988
87,285,335540
90,32,284980
90,137,119344
90,140,351468
86,394,356542
90,154,995066
90,155,419562
90,180,246102
90,193,388194
86,413,115672
90,199,561498
90,201,9000
90,341,69106
90,395,295134
86,196,1580152
89,32,284980
89,137,119344
89,140,351468
85,403,356542
89,154,419562
89,155,995066
89,180,246102
89,194,385176
85,420,115672
89,199,561498
89,201,9000
89,342,69106
89,404,295134
85,195,1580152
92,53,21926
92,179,708324
92,181,418406
92,194,795998
92,195,328628
70,240,21926
92,329,708324
92,341,936926
92,343,587352
91,53,21926
91,179,708324
91,181,418406
91,193,794946
91,196,328628
69,240,21926
91,329,708324
91,342,936926
91,344,587352
219,29,174688
219,31,850064
219,32,555684
219,42,37516
219,43,37516
219,44,1428640
219,45,1428640
219,55,961904
219,69,531700
219,70,531700
219,137,597236
219,138,99562
219,140,86130
219,150,371696
219,151,371696
219,152,315072
219,153,315072
219,160,422572
219,180,646798
219,181,398094
219,191,566830
219,192,566830
219,259,266446
219,268,159012
219,269,159012
219,277,492260
219,278,331842
219,287,108830
219,288,108830
157,69,202978
157,70,202978
219,330,661162
219,343,132510
219,344,132510
219,347,317278
219,352,575310
110,63,2240962
219,357,736880
219,360,317278
219,366,575310
111,64,2240962
219,369,736880
118,419,1295716
118,412,1295716
111,53,929866
110,53,929866
219,412,678460
219,413,697984
219,417,114494
219,419,678460
219,420,697984
219,424,114494
98,170,134034
98,171,134034
97,159,294408
97,168,1243324
97,169,1243324
97,170,1296100
97,171,1296100
97,172,1243324
97,173,1243324
97,258,1462912
311,158,327598
311,159,108500
111,159,45604
110,159,45604
311,174,38196
311,175,38196
311,193,21926
311,194,21926
96,172,1066652
96,173,1066652
179,158,27140
179,172,21926
179,173,21926
107,174,856762
106,175,856762
111,170,1357784
110,170,56844
111,171,56844
110,171,1357784
108,172,618412
109,173,618412
109,159,785392
109,174,476002
108,159,785392
108,175,476002
329,29,400100
329,31,492260
329,32,541762
329,44,276478
329,45,276478
329,52,221494
329,55,457900
329,69,640690
329,70,640690
329,75,107678
329,116,174194
329,118,443814
329,119,138888
329,127,624712
329,128,624712
329,131,419404
329,132,419404
329,133,448642
329,134,448642
329,180,453660
329,181,167486
107,181,388766
106,181,388766
329,193,123008
329,194,123008
329,195,813956
329,196,813956
329,220,294018
329,237,70434
329,238,70434
329,259,498426
157,195,621882
157,196,621882
107,189,726338
107,191,1796024
107,193,526624
107,194,859596
107,195,402278
106,190,726338
106,192,1796024
106,193,857452
106,194,524480
106,196,402278
200,419,1295716
329,373,1022570
109,189,447944
200,412,1295716
329,384,1022570
108,190,447944
329,394,541400
329,395,543736
329,403,541400
329,404,543736
329,412,738242
329,417,30712
329,419,738242
329,424,30712
51,118,492260
51,119,167342
51,129,108830
51,130,108830
51,133,336860
51,134,336860
51,138,99562
51,150,371696
51,151,371696
51,152,315072
51,153,315072
51,180,255746
51,181,333222
51,191,351726
51,192,351726
51,195,132510
51,196,132510
51,200,850064
51,212,37516
51,213,37516
51,214,1428640
51,215,1428640
51,220,919938
51,237,531700
51,238,531700
51,259,329894
51,268,159012
51,269,159012
51,295,1055616
51,324,202978
51,325,202978
51,330,6062
51,347,323022
51,353,147966
51,355,2282384
51,356,736880
51,360,323022
51,365,147966
51,367,2282384
51,370,736880
51,373,499452
51,384,499452
51,394,929866
51,395,533448
51,403,929866
51,404,533448
51,412,678460
51,413,499848
51,417,114494
51,419,678460
51,420,499848
51,424,114494
94,55,30708
94,63,59302
94,64,59302
94,157,294408
94,160,3830
94,168,45604
94,169,45604
94,174,785392
94,175,785392
94,180,421628
94,181,504834
94,191,99728
94,192,99728
94,195,30638
94,196,30638
94,220,297534
94,231,59302
94,232,59302
94,258,108500
94,259,273210
94,268,813424
94,269,813424
94,312,553746
94,343,30638
94,344,30638
94,352,496176
94,353,1007244
94,365,1007244
94,366,496176
94,377,39112
94,378,20358
94,381,915302
94,388,39112
94,390,20358
94,391,915302
94,395,73036
94,404,73036
94,413,898608
94,420,898608
95,42,146992
95,43,146992
95,53,53250
95,63,96484
95,64,96484
95,159,3830
95,170,882318
95,171,882318
95,181,407146
95,191,55220
95,192,55220
95,193,1296674
95,194,1296674
95,277,246766
95,278,123888
95,324,33244
95,325,33244
95,343,471930
95,344,471930
95,377,27086
95,388,27086
96,63,789082
96,64,789082
96,69,507036
96,70,507036
96,231,789082
96,232,789082
96,237,507036
96,238,507036
96,378,1781604
96,379,422396
96,389,422396
96,390,1781604
157,29,322206
157,42,145930
157,43,145930
157,112,1296100
157,113,1296100
157,116,335258
157,117,405078
157,119,183560
157,129,100316
157,130,100316
111,312,344176
110,312,344176
157,212,145930
157,213,145930
157,259,60216
157,268,420084
157,269,420084
157,276,405078
157,287,100316
157,288,100316
157,312,818680
157,324,112880
157,325,112880
157,330,677676
157,343,621882
157,344,621882
107,324,792252
106,325,792252
157,381,558988
157,391,558988
111,324,257618
110,325,257618
157,413,36096
157,417,89958
157,420,36096
157,424,89958
179,69,70434
179,70,70434
179,75,107678
179,116,837494
111,330,700692
110,330,700692
179,133,1466114
179,134,1466114
179,200,492260
179,214,276478
179,215,276478
179,220,776842
179,237,640690
179,238,640690
179,277,443814
179,285,624712
179,286,624712
179,330,51010
179,341,123008
179,342,123008
179,343,813956
179,344,813956
107,330,1504366
107,341,886132
107,342,497944
106,330,1504366
106,341,497944
106,342,886132
179,379,337982
179,389,337982
179,394,541400
179,403,541400
179,412,738242
179,417,30712
179,419,738242
179,424,30712
107,53,356788
107,55,9714
107,63,53350
107,69,131078
107,70,533346
107,118,21926
107,119,599412
107,129,71378
107,220,293780
107,221,356788
107,231,971196
107,237,681298
107,277,21926
107,353,1557940
107,377,627950
107,395,88302
107,412,562826
107,419,851802
106,53,356788
106,55,9714
106,64,53350
106,69,533346
106,70,131078
106,118,21926
106,119,599412
106,130,71378
106,220,293780
106,221,356788
106,232,971196
106,238,681298
106,277,21926
106,365,1557940
106,388,627950
106,404,88302
106,412,851802
106,419,562826
383,31,678460
383,117,729292
383,118,738242
383,119,460054
383,128,139174
383,129,100520
112,373,111994
383,200,678460
383,201,601792
383,259,183198
383,268,1041442
383,276,729292
383,277,738242
383,285,415126
383,287,412384
383,372,2210922
111,377,408396
110,377,445544
111,378,348620
110,150,768236
112,170,324924
112,191,54888
112,381,283808
372,31,678460
372,117,729292
372,118,738242
372,119,460054
372,127,139174
372,130,100520
113,384,111994
372,200,678460
372,201,601792
372,259,183198
372,269,1041442
372,276,729292
372,277,738242
372,286,415126
372,288,412384
111,388,445544
110,388,408396
111,151,768236
110,390,348620
113,171,324924
113,192,54888
113,391,283808
111,43,11410
111,181,395826
111,193,199682
111,195,177674
111,196,750230
45,268,212416
111,343,647160
111,344,280744
110,42,11410
110,181,395826
110,194,202812
110,195,750230
110,196,177674
44,269,212252
110,343,280744
110,344,647160
113,55,146832
113,158,134034
113,160,882318
109,412,391340
113,180,126804
113,181,61194
113,194,63718
113,220,958260
113,413,164392
112,55,146832
112,158,134034
112,160,882318
108,419,391340
112,180,126804
112,181,61194
112,193,64560
112,220,958260
112,420,164392
199,29,649756
199,31,667792
199,32,535204
199,44,366612
199,45,366612
199,53,991304
199,55,543280
199,69,499992
199,70,499992
199,77,601392
199,139,865168
199,140,305944
199,152,633272
199,153,633272
199,158,120200
199,159,30708
199,170,146832
199,171,146832
199,172,9714
199,173,9714
199,174,68410
199,175,68410
199,180,509440
199,181,390828
199,189,574750
199,190,574750
199,193,880446
199,194,880446
199,277,725606
199,278,192696
199,287,191742
199,288,191742
199,343,275918
199,344,275918
199,347,884042
199,360,884042
199,373,506918
199,378,823418
199,384,506918
199,390,823418
199,395,788838
133,44,476168
199,404,788838
134,45,476168
134,31,551308
133,31,551308
220,31,982262
220,32,877606
220,42,68628
220,43,68628
220,52,315430
220,55,924516
220,63,544440
220,64,544440
220,98,1123598
220,108,73386
220,109,73386
220,137,131370
220,138,266134
220,140,725050
220,148,284980
220,149,284980
220,150,589624
220,151,589624
220,154,469328
220,155,469328
220,160,304400
220,168,119190
220,169,119190
220,174,63210
220,175,63210
220,180,518628
220,181,170518
220,191,296766
220,192,296766
220,195,220002
220,196,220002
220,278,415264
220,285,632820
220,286,632820
220,295,94076
220,306,121246
220,307,121246
220,347,574812
220,351,44190
131,63,19060
220,356,811884
220,360,574812
220,364,44190
132,64,19060
220,370,811884
220,373,928598
220,384,928598
132,53,148278
132,55,216794
132,70,1260246
131,53,148278
131,55,216794
131,69,1260246
220,413,856660
220,420,856660
295,75,690098
295,77,625554
295,85,362438
295,86,362438
98,259,1442332
295,139,65016
295,148,1283724
295,149,1283724
295,150,436018
295,151,436018
295,152,861710
295,153,861710
295,168,2094752
295,169,2094752
295,170,2611634
295,171,2611634
98,278,1149698
295,181,439124
295,221,125278
295,222,601392
295,231,234264
295,232,234264
295,237,375720
295,238,375720
295,276,681986
295,285,1194072
295,286,1194072
98,119,1231266
180,152,794748
180,153,794748
180,154,351598
180,155,351598
295,352,339754
295,366,339754
98,404,200316
295,379,1055952
98,395,200316
295,389,1055952
295,395,343924
295,399,190436
295,404,343924
295,408,190436
312,31,111810
312,97,60216
312,98,718036
77,241,1442332
312,159,273210
312,168,73036
312,169,73036
312,170,898608
312,171,898608
312,174,483150
312,175,483150
77,278,1231266
312,181,63124
130,160,209708
129,160,209708
312,200,484530
312,201,1123598
312,212,137928
312,213,137928
312,214,335890
312,215,335890
312,276,104530
312,277,751502
312,285,126740
312,286,126740
312,287,1296184
312,288,1296184
77,119,1149698
180,172,24358
180,173,24358
180,174,537924
180,175,537924
77,420,200316
312,351,89610
131,168,121484
77,413,200316
312,364,89610
132,169,121484
312,377,210208
312,380,516552
312,388,210208
312,392,516552
132,172,481348
132,175,489676
131,173,481348
131,174,489676
312,412,183198
312,413,508078
312,419,183198
312,420,508078
330,32,275534
330,44,70868
330,45,70868
330,53,90166
330,55,64934
118,140,198180
118,181,687460
117,181,187226
119,160,197040
119,181,857722
119,193,1252616
119,194,1252616
119,195,1252616
119,196,1252616
119,278,178968
330,191,54074
330,192,54074
330,193,587384
330,194,587384
330,195,77758
330,196,77758
330,201,415264
330,212,63248
330,213,63248
330,214,406012
330,215,406012
330,222,192696
330,237,211932
330,238,211932
330,352,469774
330,353,821086
330,365,821086
330,366,469774
130,191,1861438
129,192,1847202
130,140,185486
127,193,226670
129,140,185486
128,194,215438
128,181,24220
127,181,24220
29,168,325158
29,169,325158
29,180,366414
29,181,117462
29,189,216794
29,190,216794
29,200,118894
29,201,924516
29,212,163518
29,213,163518
29,214,394826
29,215,394826
29,222,543280
29,231,168782
29,232,168782
29,241,1429944
29,277,302956
29,278,64934
29,287,250524
29,288,250524
29,306,921426
29,307,921426
29,324,68410
29,325,68410
29,341,828908
29,342,828908
29,353,271976
29,365,262010
29,373,1299840
29,378,561826
29,384,1299840
29,390,561826
29,394,824860
29,395,576644
29,400,221232
29,403,824860
29,404,576644
29,410,221232
29,412,367248
29,413,296766
29,419,367248
29,420,296766
52,138,646802
52,148,9000
52,149,9000
52,150,513536
52,151,513536
52,152,121246
52,153,121246
52,181,81248
52,201,877606
52,212,96842
52,213,96842
52,214,119070
52,215,119070
52,221,70132
52,222,535204
52,237,466766
52,238,466766
52,259,424958
52,268,73386
52,269,73386
52,278,275534
52,285,226638
52,286,226638
52,287,514476
52,288,514476
52,324,734428
52,325,734428
52,343,168464
52,344,168464
52,347,649166
52,351,44190
52,354,301936
52,356,296428
52,360,649166
52,364,44190
52,368,301936
52,370,296428
52,381,58554
52,391,58554
52,395,574750
52,400,1465528
52,404,574750
52,410,1465528
52,412,601792
52,413,464266
52,419,601792
52,420,464266
116,31,363252
116,32,81248
116,42,313024
116,43,313024
116,44,133114
116,45,133114
116,53,79602
116,55,117462
116,63,148946
116,64,148946
116,138,156754
116,140,73098
116,150,418406
116,151,418406
116,152,507882
116,153,507882
116,154,405376
116,155,405376
116,159,504834
116,160,663490
116,168,395826
116,169,395826
116,170,61194
116,171,61194
116,172,552936
116,173,552936
116,174,469498
116,175,469498
116,180,857722
116,181,1108878
116,191,52840
116,192,52840
116,193,24220
116,194,24220
116,200,368064
116,201,170518
116,221,272298
116,222,390828
116,231,207550
116,232,207550
116,237,27640
116,238,27640
116,276,571684
116,277,87394
116,285,152324
116,286,152324
116,287,325072
116,288,325072
116,306,507882
116,307,507882
116,324,469498
116,325,469498
116,341,257648
116,342,257648
116,343,84900
116,344,84900
116,352,215990
116,355,738432
116,357,275030
116,366,215990
116,367,738432
116,369,275030
116,379,890140
116,381,63310
116,389,890140
116,391,63310
116,413,54074
116,420,54074
137,55,1429944
137,69,960890
137,70,960890
137,231,28790
137,232,28790
137,249,362438
137,250,362438
137,285,801358
137,286,801358
137,287,212368
137,288,212368
137,306,861710
137,307,861710
137,341,416298
137,342,416298
137,395,646846
137,399,190436
137,404,646846
137,408,190436
158,32,424958
158,44,445060
158,45,445060
158,259,1602680
158,276,79348
158,287,917734
158,288,917734
158,324,483150
158,325,483150
158,343,145210
158,344,145210
158,381,501562
158,391,501562
132,324,206034
131,325,206034
158,413,705208
158,420,705208
180,63,577892
180,64,577892
180,69,356168
180,70,356168
180,75,95248
180,85,172404
180,86,172404
180,97,183560
180,108,327116
180,109,327116
180,200,101072
180,212,780936
180,213,780936
180,214,559212
180,215,559212
180,221,379478
180,249,172404
180,250,172404
180,268,327116
180,269,327116
180,276,394526
180,277,509208
180,285,387804
180,286,387804
180,287,537648
180,288,537648
180,341,394560
180,342,394560
180,343,244716
180,344,244716
180,355,1473866
180,367,1473866
180,380,262132
180,381,150328
180,391,150328
180,392,262132
180,394,282432
180,399,249708
180,400,450220
180,401,189624
180,403,282432
180,408,249708
180,409,189624
180,410,450220
180,412,460054
180,419,460054
360,53,594752
360,55,576644
360,63,521868
360,75,234664
360,77,343924
360,221,55192
360,222,788838
360,231,430328
360,241,646846
360,249,224556
360,277,4116
360,287,1224196
360,288,406776
360,351,1022396
360,352,571084
360,373,89180
360,377,1377276
360,388,317194
131,355,724650
131,357,2422402
133,168,101416
133,189,729568
347,53,594752
347,55,576644
347,64,521868
347,75,234664
347,77,343924
347,221,55192
347,222,788838
347,232,430328
347,241,646846
347,250,224556
347,277,4116
347,287,406776
347,288,1224196
347,364,1022396
347,366,571084
347,377,317194
347,388,1377276
132,367,724650
132,369,2422402
134,169,101416
134,190,729568
384,31,521782
384,32,464266
384,97,36096
384,98,508078
384,200,676050
384,201,856660
384,212,737394
384,259,705208
384,276,773238
384,286,164030
384,287,554610
384,373,1130846
384,377,342140
131,191,818122
131,380,3505870
131,381,334478
133,381,559694
373,31,521782
373,32,464266
373,97,36096
373,98,508078
373,200,676050
373,201,856660
373,213,715646
373,259,705208
373,276,773238
373,285,164030
373,288,554610
373,388,342140
132,192,818122
132,391,334478
132,392,3505870
134,391,559694
132,138,269742
132,140,26924
127,152,1125640
132,213,219874
132,214,508012
132,412,125092
132,413,128570
130,175,757282
132,420,1162290
131,138,269742
131,140,26924
128,153,1125640
131,212,219902
131,215,508012
129,174,757282
131,413,1162290
131,419,125092
131,420,128570
134,69,325926
134,159,99728
134,181,52840
128,413,881274
134,221,320870
134,237,536170
134,324,314846
134,412,119170
133,70,325926
133,159,99728
133,181,52840
127,420,881274
133,221,320870
133,238,536170
133,325,314846
133,419,119170
221,42,372630
221,43,372630
221,55,497868
221,63,734250
221,64,734250
221,97,242646
221,119,164130
221,127,858976
221,128,858976
221,181,193202
221,189,352718
221,190,352718
151,55,214434
150,55,214434
221,195,126972
221,196,126972
75,63,621882
75,64,621882
221,259,381230
221,277,434826
221,278,247738
221,351,30712
151,63,566156
221,364,30712
150,64,566156
151,69,124660
151,70,1259416
150,69,1259416
150,70,124660
221,395,379616
221,401,542654
221,404,379616
221,409,542654
221,412,61928
221,419,61928
240,85,38196
240,86,38196
240,119,272300
53,77,182640
276,55,364138
276,69,79670
276,70,79670
276,118,394850
276,119,723046
276,127,451994
276,128,451994
276,160,43498
276,168,440720
276,169,440720
276,172,664760
276,173,664760
276,189,809502
276,190,809502
276,191,277944
276,192,277944
276,195,1176558
276,196,1176558
276,200,434826
276,201,604502
276,214,327116
276,215,327116
276,231,350796
276,232,350796
75,127,202978
75,128,202978
276,306,159012
276,307,159012
276,324,315072
276,325,315072
276,351,114494
276,352,332982
276,353,243478
276,364,114494
276,365,243478
276,366,332982
276,378,262074
155,129,2271392
276,390,262074
154,130,2271392
276,395,1260656
276,404,1260656
155,118,978370
154,118,978370
53,97,242646
53,98,627006
53,118,434826
53,119,434662
53,201,767344
53,212,372630
53,213,372630
53,231,734250
53,232,734250
53,249,621882
53,250,621882
53,285,858976
53,286,858976
53,343,126972
53,344,126972
53,351,30712
53,353,252822
53,364,30712
53,365,252822
53,380,754836
53,381,629240
53,391,629240
53,392,754836
53,395,56960
53,400,74552
53,404,56960
53,410,74552
53,412,61928
53,413,246964
53,419,61928
53,420,246964
75,31,636446
75,32,397384
75,44,100316
75,45,100316
75,189,119006
75,190,119006
75,191,472856
75,192,472856
75,193,145930
75,194,145930
75,200,636446
75,201,465868
75,214,100316
75,215,100316
75,241,593674
75,249,112880
75,250,112880
75,285,202978
75,286,202978
75,306,420084
75,307,420084
75,341,145930
75,342,145930
75,351,89958
75,352,78422
75,353,621214
75,355,106748
75,356,101364
75,364,89958
75,365,621214
75,366,78422
75,367,106748
75,370,101364
75,413,196110
75,420,196110
117,31,434826
117,44,327116
117,45,327116
117,55,1299278
117,63,350796
117,64,350796
117,168,440720
117,169,440720
117,172,664760
117,173,664760
117,222,89914
117,237,79670
117,238,79670
117,277,394850
117,278,659594
117,285,451994
117,286,451994
117,306,159012
117,307,159012
117,324,315072
117,325,315072
117,343,1176558
117,344,1176558
117,351,114494
117,352,243478
117,353,332982
117,364,114494
117,365,332982
117,366,243478
117,379,494254
117,380,2082580
117,389,494254
117,392,2082580
117,412,978370
117,419,978370
138,55,159012
138,63,30638
138,64,30638
138,119,535198
138,129,59302
138,130,59302
138,231,30638
138,232,30638
138,287,59302
138,288,59302
138,306,813424
138,307,813424
138,355,176434
138,367,176434
138,378,452326
138,379,1051094
138,389,1051094
138,390,452326
138,399,39112
138,408,39112
139,119,1101846
139,127,32802
139,128,32802
139,129,285162
139,130,285162
139,285,32802
139,286,32802
139,287,285162
139,288,285162
139,401,1735364
139,409,1735364
140,237,203302
140,238,203302
140,249,221060
140,250,221060
140,277,171688
140,285,863782
140,286,863782
140,287,732070
140,288,732070
140,341,20224
140,342,20224
140,355,121978
140,367,121978
140,379,109584
140,389,109584
140,400,681404
140,410,681404
149,55,561498
149,119,246102
149,355,455838
149,404,438864
148,55,561498
148,119,246102
148,367,455838
148,395,438864
151,118,708324
151,127,359806
151,128,304618
151,129,495446
43,307,42674
151,277,708324
151,286,1011288
151,287,414538
151,378,84214
151,379,1019098
151,399,858830
151,410,311088
150,118,708324
150,127,304618
150,128,359806
150,130,495446
42,306,42674
150,277,708324
150,285,1011288
150,288,414538
150,389,1019098
150,390,84214
150,400,311088
150,408,858830
403,193,337568
403,196,211330
403,201,245420
403,306,751992
154,172,1193976
154,401,146268
394,194,338600
394,195,211330
394,201,245420
394,307,751992
155,173,1193976
155,409,146268
155,63,355600
155,64,572304
155,69,566598
155,231,803474
155,232,124430
155,237,54774
154,63,572304
154,64,355600
154,70,566598
154,231,124430
154,232,803474
154,238,54774
200,32,414832
200,42,590794
200,43,590794
200,63,823102
200,64,823102
200,85,315072
200,86,315072
200,119,442536
200,129,267018
200,130,267018
200,181,97436
169,32,593290
168,32,593290
200,195,410894
200,196,410894
200,241,37100
97,42,202978
97,43,202978
200,278,610424
200,285,287372
200,286,287372
200,324,159012
200,325,159012
169,44,277554
169,45,1616018
168,44,1616018
168,45,277554
200,377,114494
200,378,139612
200,379,436848
200,388,114494
200,389,436848
200,390,139612
200,395,158232
200,401,1284764
200,404,158232
200,409,1284764
258,98,327598
258,108,38196
258,109,38196
258,119,9930
277,32,211772
277,119,608364
277,127,224382
277,128,224382
277,129,873050
277,130,873050
277,181,309754
277,189,542306
277,190,542306
277,191,535948
277,192,535948
277,193,19174
277,194,19174
277,212,775198
277,213,775198
277,231,334674
277,232,334674
97,119,154060
97,129,621882
97,130,621882
173,127,319422
172,127,1064654
277,356,459218
173,128,1064654
172,128,319422
277,370,459218
277,377,30712
173,129,59824
277,388,30712
172,130,59824
277,413,1003586
277,420,1003586
31,77,360810
31,85,315072
31,86,315072
31,119,460008
31,127,287372
31,128,287372
31,212,590794
31,213,590794
31,231,823102
31,232,823102
31,268,202978
31,269,202978
31,278,56800
31,287,267018
31,288,267018
31,324,159012
31,325,159012
31,343,410894
31,344,410894
31,354,477728
31,355,1415844
31,367,1415844
31,368,477728
31,377,114494
31,378,436848
31,379,139612
31,388,114494
31,389,139612
31,390,436848
31,395,482068
31,400,655168
31,404,482068
31,410,655168
31,413,209050
31,420,209050
97,69,145930
97,70,145930
97,181,335258
97,189,344176
97,190,344176
97,195,100316
97,196,100316
97,222,322206
97,237,145930
97,238,145930
97,259,818680
97,268,112880
97,269,112880
97,287,621882
97,288,621882
97,324,420084
97,325,420084
97,343,100316
97,344,100316
97,353,161694
97,365,161694
97,377,89958
97,378,503240
97,379,196396
97,381,948758
97,388,89958
97,389,196396
97,390,503240
97,391,948758
118,32,859088
118,42,775198
118,43,775198
118,63,334674
118,64,334674
118,278,388634
118,285,224382
118,286,224382
118,287,873050
118,288,873050
118,341,19174
118,342,19174
118,354,1098506
118,355,285570
118,357,1065420
118,367,285570
118,368,1098506
118,369,1065420
118,377,30712
118,379,248748
118,388,30712
118,389,248748
159,32,297534
159,44,59302
159,45,59302
159,119,421628
159,129,30638
159,130,30638
159,214,59302
159,215,59302
159,259,553746
159,287,30638
159,288,30638
159,324,813424
159,325,813424
159,357,346208
159,369,346208
159,381,17966
159,391,17966
159,400,891710
159,401,611710
159,409,611710
159,410,891710
159,417,39112
159,424,39112
160,214,303506
160,215,303506
160,268,33244
160,269,33244
160,285,1069746
160,286,1069746
160,343,1138066
160,344,1138066
160,417,27086
160,424,27086
169,129,268724
169,130,659180
169,285,309892
169,287,1087368
169,357,908198
169,417,1417542
168,129,659180
168,130,268724
168,286,309892
168,288,1087368
168,369,908198
168,424,1417542
171,32,958260
171,42,202354
171,119,126804
171,212,104898
171,381,240488
171,420,871426
170,32,958260
170,43,202354
170,119,126804
170,213,104898
170,391,240488
170,413,871426
173,32,293780
173,42,587064
173,43,77360
173,44,55808
173,212,917022
173,214,373946
173,400,312658
173,413,10324
173,417,605532
173,424,761630
172,32,293780
172,42,77360
172,43,587064
172,45,55808
172,213,917254
172,215,373946
172,410,312658
172,417,761630
172,420,10324
172,424,605532
419,64,558690
419,69,273450
419,231,152576
419,324,679084
419,341,51370
419,343,345854
412,63,558690
412,70,273450
412,232,152576
412,325,679084
412,342,51370
412,344,345854
201,32,315430
201,44,544440
201,45,544440
201,69,68628
201,70,68628
201,77,94076
201,85,121246
201,86,121246
201,119,518628
201,129,220002
201,130,220002
201,241,131370
98,42,63210
98,43,63210
201,324,73386
201,325,73386
201,341,632820
201,342,632820
190,42,1769470
189,43,1769470
201,378,811884
201,390,811884
201,395,574812
201,399,44190
201,404,574812
201,408,44190
201,413,928598
201,420,928598
222,42,499992
222,43,499992
222,55,649756
222,63,366612
222,64,366612
222,119,509440
222,127,880446
222,128,880446
77,63,633272
77,64,633272
222,259,120200
222,268,68410
222,269,68410
222,287,275918
222,288,275918
222,343,191742
222,344,191742
192,63,1232064
222,356,823418
191,64,1232064
222,370,823418
222,395,884042
222,401,1060864
222,404,884042
222,409,1060864
222,413,506918
222,420,506918
241,42,960890
241,43,960890
241,85,861710
241,86,861710
241,152,362438
241,153,362438
241,214,28790
241,215,28790
55,85,921426
55,86,921426
119,85,416298
119,86,416298
241,341,801358
241,342,801358
241,343,212368
241,344,212368
241,351,190436
241,354,220670
241,364,190436
241,368,220670
259,63,445060
259,64,445060
259,108,483150
259,109,483150
32,108,734428
32,109,734428
119,108,145210
119,109,145210
259,343,917734
259,344,917734
259,380,801486
259,392,801486
278,63,70868
278,64,70868
278,127,587384
278,128,587384
278,129,77758
278,130,77758
278,212,211932
278,213,211932
278,231,406012
278,232,406012
278,237,63248
278,238,63248
32,174,73386
32,175,73386
32,212,466766
32,213,466766
32,231,119070
32,232,119070
32,237,96842
32,238,96842
32,249,121246
32,250,121246
32,287,168464
32,288,168464
32,341,226638
32,342,226638
32,343,514476
32,344,514476
32,353,1295014
32,365,1291168
32,378,296428
32,390,296428
32,395,649166
32,399,44190
32,400,663936
32,404,649166
32,408,44190
32,410,663936
55,108,68410
55,109,68410
55,119,366414
55,214,168782
55,215,168782
55,231,394826
55,232,394826
55,237,163518
55,238,163518
55,285,828908
55,286,828908
55,343,250524
55,344,250524
55,353,734206
55,354,492828
55,356,561826
55,365,734206
55,368,492828
55,370,561826
55,400,630604
55,410,630604
55,413,1299840
55,420,1299840
77,212,375720
77,213,375720
77,214,234264
77,215,234264
77,249,861710
77,250,861710
77,285,794748
77,286,794748
77,306,362438
77,307,362438
77,341,1194072
77,342,1194072
77,351,190436
77,357,784106
77,364,190436
77,369,784106
98,231,335890
98,232,335890
98,237,137928
98,238,137928
98,268,483150
98,269,483150
98,287,537924
98,288,537924
98,341,126740
98,342,126740
98,343,1296184
98,344,1296184
98,352,498590
98,366,498590
98,381,253752
98,391,253752
119,42,356168
119,43,356168
119,44,577892
119,45,577892
119,152,172404
119,153,172404
119,174,327116
119,175,327116
119,231,559212
119,232,559212
119,237,780936
119,238,780936
119,285,394560
119,286,394560
119,287,244716
119,288,244716
119,306,172404
119,307,172404
119,324,327116
119,325,327116
119,341,387804
119,342,387804
119,343,537648
119,344,537648
119,351,249708
119,352,189624
119,353,450220
119,354,1653664
119,364,249708
119,365,450220
119,366,189624
119,368,1653664
119,381,882632
119,391,882632
181,44,148946
181,45,148946
181,63,133114
181,64,133114
181,69,313024
181,70,313024
181,85,507882
181,86,507882
181,108,469498
181,109,469498
181,212,27640
181,213,27640
181,214,207550
181,215,207550
181,249,507882
181,250,507882
181,268,469498
181,269,469498
181,285,257648
181,286,257648
181,287,84900
181,288,84900
181,341,152324
181,342,152324
181,343,325072
181,344,325072
181,354,355558
181,355,62262
181,367,62262
181,368,355558
181,379,48892
181,381,36602
181,389,48892
181,391,36602
181,401,215990
181,409,215990
190,85,54086
190,231,275264
190,285,222430
190,288,312782
190,355,257780
190,379,982810
190,381,3162958
190,389,821114
190,392,488414
190,399,79314
190,401,524408
189,86,54086
189,232,275264
189,286,222430
189,287,312782
189,367,257780
189,379,821114
189,380,488414
189,389,982810
189,391,3162958
189,408,79314
189,409,524408
192,42,241472
192,45,160564
192,285,1017440
192,379,4244
191,43,241472
191,44,160564
191,286,1017440
191,389,4244
404,213,724128
404,214,363214
404,306,19342
404,341,154556
404,343,1171944
404,344,459028
404,399,215612
404,401,886880
404,417,181638
404,424,1038824
395,212,695384
395,215,363214
395,307,19342
395,342,154556
395,343,459028
395,344,1171944
395,408,215612
395,409,886880
395,417,1038824
395,424,181638
420,232,898390
420,237,595114
420,341,468604
420,343,456652
420,417,431592
413,231,898390
413,238,595114
413,342,468604
413,344,456652
413,424,431592
232,152,585916
232,195,560542
232,285,125794
232,307,73324
232,357,584636
232,391,1373142
232,392,157640
232,401,279814
232,409,647018
232,424,174556
250,45,548548
250,194,173862
250,195,66348
250,215,605304
250,352,1611316
250,353,1178786
286,44,628568
286,63,325092
286,70,824146
286,194,545506
286,215,915964
286,231,125794
286,307,50462
286,352,1651314
286,378,1335960
286,381,525106
286,388,592018
286,390,641346
286,392,517922
64,129,937556
64,152,175470
64,285,325092
64,307,837562
64,342,15984
64,344,322872
64,356,1082396
64,381,2040416
64,400,1428502
64,417,514320
86,44,708818
86,213,157432
86,352,1611316
86,353,1178786
128,42,73754
128,45,134808
128,69,547300
128,152,25104
128,213,389702
128,214,313552
128,237,930958
128,307,80320
128,352,409126
128,353,1594126
128,377,260426
128,379,891384
128,380,894480
128,389,1203618
128,391,28250
364,70,517200
364,129,835278
364,237,507346
364,353,778424
364,354,1250516
364,355,1063064
364,356,1463676
364,357,114328
364,400,463200
364,409,120168
366,127,409126
43,354,307826
366,285,1651314
366,377,1616444
366,399,311008
212,355,669950
365,127,1594126
365,288,971998
365,388,1460324
365,392,1050288
215,352,307826
342,356,1786168
194,357,1584592
368,399,1234852
341,356,961934
44,353,669950
367,408,290448
370,63,1082396
325,356,401896
370,237,302082
175,356,401896
196,354,1786168
196,355,961934
369,70,896240
324,357,866890
343,354,1587540
369,231,584636
369,238,515022
174,357,866890
369,424,422524
231,153,585916
231,196,560542
231,306,73324
231,380,157640
231,381,1373142
231,401,647018
231,409,279814
231,417,174556
249,44,548548
249,193,199396
249,196,66348
249,214,605304
285,45,628568
285,69,824146
285,193,556038
285,214,915964
285,306,50462
285,377,592018
285,378,641346
285,380,517922
285,390,1335960
285,391,525106
63,130,937556
63,153,175470
63,306,837562
63,341,15984
63,343,322872
63,391,2040416
63,410,1428502
63,424,514320
85,45,708818
85,212,157432
127,43,73754
127,44,134808
127,70,547300
127,153,25104
127,212,371278
127,215,313552
127,238,930958
127,306,80320
127,379,1203618
127,381,28250
127,388,260426
127,389,891384
127,392,894480
351,69,517200
351,130,835278
351,238,507346
353,287,971998
357,69,896240
357,237,515022
356,238,302082
213,174,216362
213,193,168672
213,196,137458
213,287,287010
213,325,233918
213,342,628950
213,378,1574178
213,399,393930
213,401,897534
213,409,1556494
269,378,131156
269,379,323162
288,45,206326
288,174,548282
288,212,286866
288,215,238634
288,238,80328
288,325,561880
43,129,546948
43,193,499162
43,342,467810
43,379,506822
43,400,2293832
43,408,273504
109,195,288116
109,237,128100
109,378,131156
109,379,323162
130,42,546948
130,44,425358
130,174,441042
130,214,28292
130,325,404850
130,377,75624
388,44,365314
388,129,75624
388,214,775368
388,379,536580
388,381,960476
388,409,1141668
388,410,784604
390,44,745604
307,378,317984
390,212,1576370
153,378,317984
194,380,486964
194,381,17392
390,399,626000
389,42,506822
389,45,63498
341,380,247974
341,381,96732
389,215,646184
389,408,1174432
344,378,484798
196,379,247974
392,417,1411744
343,378,15452
195,379,96732
391,424,2161236
212,175,216362
212,194,201384
212,195,146418
212,324,233918
212,341,598586
212,401,1559060
212,408,393930
212,409,894968
287,44,206326
287,175,548282
287,214,238634
287,237,80328
287,324,561880
42,194,482532
42,341,467810
42,399,273504
42,410,2293832
108,196,288116
108,238,128100
129,45,425358
129,175,441042
129,215,28292
129,324,404850
377,45,365314
377,215,775368
379,44,63498
379,214,646184
378,45,745604
215,193,22996
215,195,306852
215,343,167538
307,193,569268
307,400,1692984
307,401,586934
342,70,711640
342,237,654506
342,400,435360
342,401,570384
342,424,683926
45,196,245278
45,344,202156
153,341,548804
153,400,1692984
153,401,586934
194,70,199974
194,214,17224
194,237,577880
194,400,850492
194,417,399484
408,195,99882
408,343,287218
408,401,396904
325,400,209388
410,193,848778
410,195,58820
175,400,209388
410,341,435360
410,343,826382
410,417,520656
409,196,933836
409,341,570384
409,424,702756
214,196,306852
214,344,167538
341,69,711640
341,238,654506
341,417,683926
44,195,245278
44,343,202156
193,69,195096
193,238,573978
193,424,398040
399,196,99882
399,344,287218
401,195,933836
400,196,58820
400,344,826382
424,417,27222
