52,880,881,842,862,882,883,884,885,886,887,888,889,2,890,891,892,893,894,895,896,897,898,899,900,12197,12198,11623,11954,12199,11975,12200,12201,8597,12202,10988,10987,12203,12204,12205,12206,12207,12208,12209,12210,12211,12212,12213,12214,12215,11676,11658,12216,12217,11716,12218,12219,11305,12220,11303,12221,12222,12223,12224,12225,12226,12227,12228,12229,12230,12231,11675,115,93,11677,11678,158,11679,11680,122,11681,50,11682,11683,11684,11685,11686,11687,11688,11689,11690,11691,11692,11955,9271,11956,11957,11958,11959,11960,101,11961,51,11962,11963,11964,11965,11966,11967,11968,11969,11970,11971,11972,12232,12233,12234,12235,12236,12237,12238,12239,12240,12241,12242,12243,12244,12245,12246,12247,12248,12249,12250,12251,12252,12253,12254,12255,12256,12257,12258,12259,12260,12261,12262,12263,12264,12265,12266,12267,12268,12269,12270,12271,12272,12273,12274,12275,12276,12277,12278,12279,12280,12281,12282,163,12283,12284,12285,12286,12287,12288,12289,12290,12291,12292,12293,12294,12295,12296,12297,12298,12299,12300,12301,12302,12303,12304,12305,12306,12307,12308,12309,12310,12311,12312,12313,12314,12315,12316,12317,12318,12319,12320,12321,12322,12323,12324,12325,12326,12327,12328,12329,12330,12331,12332,12333,12334,8594,12335,12336,12337,12338,12339,12340,12341,8787,243,12342,12343,12344,12345,12346,12347,12348,12349,12350,12351,12352,10992,12353,12354,12355,11350,11088,57,12356,11515,12357,12358,12359,12360,12361,12362,12363,12364,12365,11310,12366,12367,12368,11011,58,11140,12369,12370,12371,12372,12373,12374,12375,12376,12377,12378,48,49,53,54,55,56,0,59,60,61,62,63,64,65,66,67,68,69,70,12379,12380,12381,12382,12383,10994,12384,12385,12386,12387,12388,12389,12390,12391,12392,12393,12394,12395,12396,12397,12398,12399,11313,12400,12401,12402,12403,12404,12405,12406,12407,12408,12409,12410,12411,12412,12413,12414,12415,12416,12417,12418,12419,12420,12421,12422,12423,12424,12425,12426,12427,12428,12429,12430,12431,12432,12433,1094,12434,12435,12436,12437,12438,12439,1087,12440,12441,12442,12443,12444,1106,12445,12446,12447,12448,12449,1098,12450,12451,12452,12453,12454,12455,1114,12456,12457,1109,12458,12459,12460,12461,12462,12463,12464,1126,12465,1120,12466,12467,12468,12469,12470,12471,12472,12473,12474,12475,5786,12476,12477,12478,12479,12480,12481,12482,12483,12484,5867,12485,12486,12487,12488,12489,12490,12491,12492,12493,12494,12495,12496,12497,12498
116,1842,1843,1218,1534,1844,1845,1846,1847,1848,1849,1850,1851,5,1852,1853,1854,1855,1856,1857,1858,1859,1860,1861,1862,24623,24624,16327,20695,24625,20717,24626,24627,24628,24629,16565,20410,24630,24631,24632,24633,24634,24635,24636,24637,24638,24639,24640,24641,24642,16596,16328,24643,24644,16638,24645,24646,16579,24647,16037,24648,24649,24650,24651,24652,24653,24654,24655,24656,24657,24658,16595,16038,16329,16597,16598,16599,16600,16601,16602,16603,74,16604,16605,16606,16607,16608,16609,16610,16611,16612,16613,16614,20696,20412,20697,20698,20699,20700,20701,20702,20703,95,20704,20705,20706,20707,20708,20709,20710,20711,20712,20713,20714,24659,24660,24661,24662,24663,24664,24665,24666,24667,24668,24669,24670,24671,24672,24673,24674,24675,24676,24677,24678,24679,24680,24681,24682,24683,24684,24685,24686,24687,24688,24689,24690,24691,24692,24693,24694,24695,24696,24697,24698,24699,24700,24701,24702,24703,24704,24705,24706,24707,24708,24709,24710,24711,24712,24713,24714,24715,24716,24717,24718,24719,24720,24721,24722,24723,24724,24725,24726,24727,24728,24729,24730,24731,24732,24733,24734,24735,24736,24737,24738,24739,24740,24741,24742,24743,24744,24745,24746,24747,24748,8785,24749,7404,9478,24750,24751,24752,24753,24754,24755,24756,24757,24758,24759,24760,24761,24762,24763,24764,24765,24766,24767,8786,12340,24768,14493,24769,24770,24771,24772,24773,24774,24775,24776,24777,20666,24778,24779,24780,12336,8782,122,24781,24521,24782,24783,24784,24785,24786,24787,24788,24789,24790,16583,24791,24792,24793,7401,123,24257,24794,24795,24796,24797,24798,24799,24800,24801,24802,24803,114,115,117,118,119,120,121,0,124,125,126,127,128,129,130,131,132,133,134,24804,24805,24806,24807,24808,20667,24809,24810,24811,24812,24813,24814,24815,24816,24817,24818,24819,24820,24821,24822,24823,24824,16585,24825,24826,24827,24828,24829,24830,24831,24832,24833,24834,24835,24836,24837,24838,24839,24840,24841,24842,24843,24844,24845,24846,24847,24848,24849,24850,24851,24852,24853,24854,24855,24856,24857,24858,2053,24859,24860,24861,24862,24863,24864,2045,24865,24866,24867,24868,24869,2064,24870,24871,24872,24873,24874,2056,24875,24876,24877,24878,24879,24880,2071,24881,24882,2067,24883,24884,24885,24886,24887,24888,24889,2080,24890,2076,24891,24892,24893,24894,24895,24896,24897,24898,24899,24900,24901,24902,24903,24904,24905,24906,24907,24908,24909,24910,24911,24912,24913,24914,24915,24916,24917,24918,24919,24920,24921,24922,24923,24924,24925
137,2154,2155,2136,1554,2156,2157,2158,2159,1872,2160,2161,516,6,495,2162,2032,2163,2164,2165,2166,2167,2168,2169,2170,28624,28625,20960,20978,28626,20997,28627,28628,28629,28630,7060,7024,7040,28631,24295,28632,28633,28634,28635,28636,28637,28638,28639,28640,28641,28378,20943,28642,28643,28417,28644,28645,20949,28646,28126,15895,28647,28648,28649,28650,28651,28652,28653,28654,28655,28656,28377,28360,20962,28379,28380,28381,28382,24954,28383,7339,136,15860,28384,28385,28386,28387,28388,28389,28390,28391,28392,28393,20979,20431,20980,20981,20982,20983,117,20984,20985,96,114,20986,20862,20987,20988,20989,20990,20991,20992,20993,20994,28657,28658,28659,28660,28661,28662,7320,28663,28664,7340,7317,28665,28666,28667,28668,28669,28670,28671,28672,28673,28674,28675,28676,28677,28678,28679,28680,24990,28681,28682,7341,25103,28683,25140,28684,28685,28686,28687,28688,28689,28690,28691,28692,28693,28694,28695,28696,28697,28698,28699,28700,28701,7043,26525,28702,28703,28704,28705,28706,28707,28708,28709,7381,28710,28711,24128,28712,28713,28714,28715,28716,7384,28717,7044,28718,28719,28720,28721,28722,28723,28724,28725,28726,25088,24953,24166,25089,24211,24690,25090,25076,7344,25091,123,25092,25093,25094,25095,25096,25097,25098,25099,25100,25101,28727,28728,28729,28730,28731,28732,28733,28734,28735,28736,15843,28737,28738,28739,28740,28741,28742,28743,28744,28745,28746,7065,28747,28748,28749,28161,7346,143,15809,12685,28750,28751,28752,28753,28754,28755,28756,28757,28758,7338,7342,7343,7345,7347,144,29,7348,7349,7350,7351,7352,7353,7354,7355,7356,7357,30,135,138,139,140,141,142,145,0,146,147,148,149,150,151,152,153,154,155,7041,71,7042,7045,7046,28,7047,7048,7049,7050,7051,7052,7053,7054,7055,7056,7057,28759,28760,28761,13923,28762,12684,28763,27177,28764,28765,28766,28767,28768,28769,28770,28771,27048,27174,27085,126,27117,7500,27175,27162,7497,27176,27178,27179,27180,27181,27182,27183,27184,27185,27186,28772,28773,28774,28775,28776,2354,28777,28778,28779,28780,28781,28782,2346,28783,28784,28785,28786,28787,2367,28788,28789,28790,28791,28792,2358,28793,28794,28795,28796,28797,28798,2375,28799,28800,2370,28801,28802,28803,28804,28805,28806,28807,2387,28808,2381,28809,28810,28811,28812,28813,28814,28815,15911,28816,28817,28818,28819,28820,28821,28822,28823,15923,28824,28825,28826,28827,28828,28829,28830,28831,28832,27994,28833,28834,28835,28836,28837,28838,28071,28839
158,2457,2458,1259,2440,2459,2460,2461,2462,2463,1891,884,2464,7,2465,842,2031,2466,2467,2468,2469,2470,2471,2472,2473,32417,32418,17149,32192,32419,29145,32420,32421,32422,32423,17152,31975,32424,20291,32425,32426,32427,32428,32429,32430,32431,32432,32433,32434,32435,17182,17164,32436,32437,17200,32438,32439,11716,32440,11643,32441,11676,24541,32442,32443,32444,32445,32446,32447,32448,32449,17181,16078,17166,17183,17184,17185,17186,17187,118,17188,76,17189,115,16763,17190,17191,17192,17193,17194,17195,17196,17197,32193,32176,32194,29197,32195,32196,32197,25251,12275,157,32198,20272,32199,32200,32201,32202,32203,32204,32205,32206,32207,32450,32451,32452,32453,32454,32455,32456,12236,12276,32457,32458,12233,32459,32460,32461,32462,32463,32464,32465,32466,32467,32468,32469,32470,32471,32472,32473,32474,32475,29230,29167,29203,11678,26384,32476,32477,32478,32479,32480,32481,32482,32483,32484,32485,32486,32487,32488,32489,25285,12277,32490,25380,32491,25415,32492,32493,32494,32495,32496,32497,32498,32499,32500,12295,24398,32501,32502,32503,32504,32505,12300,32506,32507,32508,11679,32509,32510,32511,32512,32513,32514,32515,32516,32517,32518,32519,32520,32521,32522,32523,32524,32525,32526,32527,20240,32528,32529,32530,32531,32532,32533,32534,32535,32536,25350,25250,24417,25351,24459,25352,24710,12280,25353,25354,25355,122,25356,25357,25358,25359,25360,25361,25362,25363,25364,12274,12257,12278,12279,12281,12282,163,12283,52,12284,12285,12286,12287,12288,12289,12290,12291,12292,11720,32537,32538,32539,31993,164,8047,20222,32540,32541,32542,32543,32544,32545,32546,32547,32548,156,54,139,159,160,161,162,165,166,0,167,168,169,170,171,172,173,174,175,32549,32550,32551,8879,32552,8046,32553,11682,27164,32554,32555,32556,32557,32558,32559,32560,32561,11675,93,11677,11680,11681,50,11683,11684,11685,11686,11687,11688,11689,11690,11691,11692,27160,27065,126,27102,27116,27161,12412,12411,27162,27163,27165,27166,27167,27168,27169,27170,27171,27172,27173,32562,32563,32564,32565,32566,2637,32567,32568,32569,32570,32571,32572,2628,32573,32574,32575,32576,32577,2651,32578,32579,32580,32581,32582,2641,32583,32584,32585,32586,32587,32588,2659,32589,32590,2654,32591,32592,32593,32594,32595,32596,32597,2670,32598,2664,32599,32600,32601,32602,32603,32604,32605,32606,27805,32607,32608,32609,32610,32611,32612,32613,32614,27902,32615,32616,32617,32618,32619,32620,32621,20328,32622,32623,32624,32625,32626,32627,20339,32628,32629
180,2777,2778,2747,2763,2779,2780,2781,2782,2783,2784,2785,2786,8,2787,2788,2033,2789,2790,2791,2792,2793,2794,2795,2796,36405,36406,35988,36237,36407,7101,36408,36409,36410,36411,29386,35453,36412,36413,36414,36415,36416,36417,36418,36419,36420,36421,36422,36423,36424,36037,36020,36425,36426,11736,36427,36428,32918,36429,35732,36430,36431,36432,36433,36434,36435,36436,36437,36438,36439,36440,36036,36006,36022,36038,36039,32966,36040,36041,36042,36043,178,36044,36045,26958,36046,36047,36048,36049,36050,36051,36052,36053,36238,36223,36239,29418,36240,36241,36242,36243,36244,179,36245,36246,26779,36247,36248,36249,36250,36251,36252,36253,36254,36441,36442,36443,36444,36445,36446,36447,36448,36449,36450,36451,36452,27214,36453,36454,36455,36456,36457,36458,36459,36460,36461,36462,36463,36464,36465,36466,36467,36468,29455,29382,29423,36469,27189,36470,36471,36472,36473,36474,36475,36476,36477,36478,36479,36480,36481,36482,36483,36484,32914,33000,32969,36485,27190,36486,36487,36488,36489,36490,36491,36492,36493,36494,36495,36496,36497,36498,36499,36500,36501,36502,36503,36504,36505,36506,36507,36508,36509,36510,36511,36512,36513,36514,36515,36516,36517,36518,36519,36520,36521,36522,36523,36524,36525,36526,36527,36528,36529,36530,36531,36532,36533,36534,36535,36536,36537,36538,36539,36540,36541,36542,36543,36544,36545,36546,36547,36548,36549,36550,36551,36552,36553,36554,36555,36556,35456,36557,36558,36559,35773,35540,184,36560,35902,25417,36561,36562,36563,36564,36565,36566,36567,36568,35736,36569,36570,36571,35473,185,35590,36572,25141,36573,36574,36575,36576,36577,36578,36579,36580,176,177,140,160,181,182,183,186,187,188,0,189,190,191,192,193,194,195,196,36581,36582,36583,36584,36585,21497,36586,36587,27194,36588,36589,36590,36591,36592,36593,36594,36595,36596,36597,36598,36599,36600,17421,36601,27195,36602,36603,36604,36605,36606,36607,36608,36609,27187,27188,27086,27103,126,27191,27192,27163,27176,27193,27196,27197,27198,27199,27200,27201,27202,27203,27204,36610,36611,36612,36613,36614,2943,36615,36616,36617,36618,36619,36620,2934,36621,36622,36623,36624,36625,2955,36626,36627,36628,36629,36630,2946,36631,36632,36633,36634,36635,36636,2963,36637,36638,2958,36639,36640,36641,36642,36643,36644,36645,2973,36646,2968,36647,36648,36649,36650,36651,36652,36653,36654,27253,36655,36656,36657,36658,36659,36660,36661,36662,27263,36663,36664,36665,36666,36667,36668,36669,36670,27229,36671,36672,36673,36674,36675,36676,27241,36677
360,5199,5200,5186,1745,5201,5202,5203,5204,5205,5206,5207,4006,18,5208,5209,2041,133,5210,5211,5212,5213,5214,5215,128,65417,65418,23448,23462,65419,21159,65420,65421,65422,65423,7227,7033,65424,65425,24304,1822,65426,27553,65427,27518,65428,65429,1817,65430,65431,65291,23432,65432,65433,34720,65434,65435,23438,65436,65104,65437,65438,65439,27625,65440,65441,27940,65442,27433,65443,27431,65290,65278,23450,65292,65293,34750,65294,41299,51564,51540,359,65295,59714,65296,16818,65297,65298,19487,65299,1431,65300,2055,23463,20601,23464,23465,23466,23467,23468,23469,23470,107,23471,23472,20871,1550,23473,23474,23475,23476,23477,23478,1545,65444,65445,65446,65447,65448,65449,65450,65451,65452,51553,65453,65454,65455,24918,27493,65456,65457,65458,65459,65460,2056,65461,65462,65463,65464,65465,65466,65467,65468,31276,31249,25111,65469,25149,1882,65470,65471,65472,27759,65473,65474,1877,65475,65476,65477,65478,65479,65480,65481,34740,33851,34753,65482,27285,2102,65483,25451,65484,65485,65486,65487,25448,65488,65489,65490,65491,65492,65493,65494,65495,65496,65497,38578,65498,65499,2103,65500,65501,65502,65503,65504,28002,25746,65505,65506,65507,65508,65509,65510,65511,51583,51556,25972,50906,65512,26021,1944,65513,65514,27695,65515,27527,65516,1939,65517,65518,65519,65520,65521,65522,65523,65524,51570,65525,65526,59720,65527,27727,65528,27978,65529,27478,65530,65531,27477,7229,65532,65533,65534,65133,10317,362,65535,59688,65536,26511,65537,48927,65538,3780,65539,65540,2058,51552,51554,51555,51557,10287,267,9602,51558,26600,1991,51559,27506,51560,51561,51562,51563,1986,41,358,149,169,190,211,361,363,303,319,338,0,364,365,366,367,368,369,370,65541,57371,65542,65543,65544,7173,65545,65546,26787,2007,65547,65548,65549,65550,27894,65551,2002,65552,58330,65553,65554,65555,38522,65556,27287,2105,65557,65558,26992,65559,65560,65561,26988,27058,27284,27094,27111,27124,27141,27286,27172,27185,27203,27288,2106,27247,27256,27266,27274,27282,27289,126,2101,1234,1861,2104,1978,23,2053,2072,2081,2090,2099,2107,5,65562,65563,65564,65565,65566,5274,65567,65568,65569,65570,65571,5264,2059,65572,20890,65573,26053,65574,5281,65575,65576,5277,65577,2060,24346,65578,65579,65580,26620,5292,65581,5286,65582,65583,2061,65584,65585,65586,26042,26839,27810,65587,65588,2062,24326,25209,65589,65590,65591,27907,65592,65593,2063,65594,65595,65596,65597,65598,27999,65599,2054,1897,1918,2057,2017,2036,2064
347,5042,5043,5029,1732,5044,5045,5046,5047,5048,5049,5050,3993,17,5051,5052,2042,5053,134,5054,5055,5056,5057,127,5058,63824,63825,23299,23313,63826,21147,63827,63828,63829,63830,7215,7032,63831,63832,24305,63833,1823,63834,27653,63835,27404,1816,63836,63837,63838,63698,23283,63839,63840,34574,63841,63842,23289,63843,63511,63844,63845,63846,63847,27730,28016,63848,27313,63849,27311,63850,63697,63685,23301,63699,63700,34604,63701,41288,51422,51398,346,63702,59573,63703,63704,16828,19353,63705,1420,63706,2044,63707,23314,20589,23315,23316,23317,23318,23319,23320,23321,106,23322,23323,20872,23324,1551,23325,23326,23327,23328,1544,23329,63851,63852,63853,63854,63855,63856,63857,63858,63859,51411,63860,63861,63862,27372,24925,63863,63864,63865,63866,2045,63867,63868,63869,63870,63871,63872,63873,63874,63875,31138,31111,25110,63876,25150,63877,1883,63878,63879,63880,27857,1876,63881,63882,63883,63884,63885,63886,63887,63888,34594,33838,34607,63889,27291,63890,2109,63891,25439,63892,63893,25434,63894,63895,63896,63897,63898,63899,63900,63901,63902,63903,63904,38445,63905,63906,63907,2110,63908,63909,63910,63911,25734,28079,63912,63913,63914,63915,63916,63917,63918,51441,51414,25971,50894,63919,26022,63920,1945,27597,63921,27399,63922,1938,63923,63924,63925,63926,63927,63928,63929,63930,63931,51428,63932,63933,59579,63934,63935,27634,63936,28054,63937,27358,27355,63938,7217,63939,63940,63941,63540,10179,349,63942,59547,63943,63944,26504,63945,48811,63946,3769,2047,63947,51410,51412,51413,51415,10149,266,9591,51416,26601,51417,1992,51418,27392,51419,51420,1985,51421,40,345,148,168,189,210,348,350,302,318,337,351,0,352,353,354,355,356,357,63948,57237,63949,63950,63951,7172,63952,63953,26788,63954,2008,63955,63956,27798,63957,2001,63958,63959,58317,63960,63961,63962,38389,63963,27293,63964,2112,26980,63965,63966,63967,26976,63968,27059,27290,27095,27112,27125,27142,27292,27173,27186,27204,27294,27235,2113,27257,27267,27275,27283,126,27295,63969,63970,63971,63972,63973,5116,63974,63975,63976,63977,63978,2048,5107,2108,1235,1862,2111,1979,24,2064,2073,2082,2091,2100,5,2114,24337,63979,63980,63981,26608,5124,63982,63983,5119,2049,63984,63985,20880,63986,26064,63987,5135,63988,5130,63989,2050,63990,24314,25202,63991,63992,63993,27811,63994,2051,63995,63996,63997,63998,26032,26848,27908,63999,2052,64000,2043,1896,1917,2046,2016,2035,2053,64001,64002,64003,64004,64005,28076,64006
384,5482,5483,1453,5471,5484,5485,5486,5487,5488,5489,3803,5490,20,5491,5492,2039,5493,5494,131,5495,5496,130,5497,5498,68277,68278,19643,68173,68279,31492,68280,68281,68282,68283,19647,68018,68284,68285,68286,68287,27746,27397,68288,68289,27652,68290,27650,68291,68292,19670,19657,68293,68294,17361,68295,68296,11881,68297,11653,68298,68299,24549,27310,68300,1838,68301,68302,1837,27724,68303,19669,16250,19659,19671,19672,19673,19674,19675,19676,19677,88,19678,19679,16771,19680,19681,1232,19682,19683,1231,19684,19685,68174,68163,68175,31520,68176,68177,49121,44822,49099,383,57632,68178,68179,68180,23544,20916,68181,68182,2075,68183,1767,68304,68305,68306,68307,68308,68309,68310,68311,49110,68312,68313,68314,68315,68316,68317,24900,27708,68318,2076,68319,68320,68321,68322,68323,68324,68325,68326,68327,68328,30209,31509,31526,68329,27269,25191,68330,2084,68331,68332,25170,68333,68334,68335,68336,68337,68338,68339,68340,68341,34990,35013,25389,68342,25423,68343,68344,1900,68345,68346,1899,27822,68347,68348,68349,68350,68351,68352,68353,68354,68355,68356,68357,38814,68358,68359,68360,68361,2085,68362,27814,25768,68363,68364,68365,68366,68367,68368,68369,68370,68371,49128,68372,68373,57639,68374,68375,27787,68376,27521,68377,68378,27696,27693,68379,68380,68381,68382,68383,68384,68385,68386,49114,49139,26265,68387,48461,26310,68388,27476,1963,68389,68390,1962,68391,27732,49109,49111,49112,49113,15311,15339,252,49115,14621,26457,27367,49116,1976,49117,49118,1975,49119,49120,11883,68392,68393,68394,68032,386,57609,68395,68396,51486,68397,26645,68398,68399,2078,4027,68400,382,66,151,171,192,385,234,387,305,321,340,353,366,0,388,389,390,391,392,68401,55817,68402,68403,68404,38763,68405,68406,27271,68407,26829,2087,68408,68409,26797,68410,68411,68412,59946,68413,68414,68415,11827,68416,26964,68417,68418,2020,68419,68420,2019,68421,27830,27268,27074,27092,27109,27122,27270,27156,27170,27183,27201,27272,27233,27245,2088,27265,27273,126,27274,27275,68422,16781,68423,26321,68424,5136,68425,2051,68426,68427,2050,68428,5130,24571,68429,68430,68431,26476,5294,68432,2062,68433,68434,2061,5286,68435,2083,1548,1859,2086,1989,21,2071,2089,5,2090,2091,68436,68437,68438,68439,68440,5550,68441,5544,2079,68442,68443,68444,68445,68446,68447,68448,27809,68449,68450,68451,2074,1879,1920,2077,2004,2038,2080,2081,2082,68452,68453,68454,26354,27019,27997,68455,24594,25479,68456,68457,68458,28074,68459
373,5353,5354,1442,5342,5355,5356,5357,5358,5359,5360,3792,5361,19,5362,5363,2040,5364,5365,5366,132,129,5367,5368,5369,66968,66969,19518,66864,66970,31368,66971,66972,66973,66974,19522,66709,66975,66976,66977,27842,66978,66979,27525,27554,66980,27552,66981,66982,66983,19545,19532,66984,66985,17351,66986,66987,11870,66988,11652,66989,66990,24550,66991,27432,66992,1839,1836,66993,66994,27631,19544,16240,19534,19546,19547,19548,19549,19550,19551,19552,87,19553,19554,16772,19555,19556,19557,1233,1230,19558,19559,19560,66865,66854,66866,31396,66867,66868,49003,44812,48981,372,57515,66869,66870,23387,66871,66872,20926,2066,66873,1758,66874,66995,66996,66997,66998,66999,67000,67001,67002,48992,67003,67004,67005,67006,67007,67008,27609,24909,2067,67009,67010,67011,67012,67013,67014,67015,67016,67017,67018,67019,30198,31385,31402,67020,27277,67021,25181,67022,2093,25158,67023,67024,67025,67026,67027,67028,67029,67030,67031,67032,34882,34905,25388,67033,25424,67034,67035,67036,1901,1898,67037,67038,27925,67039,67040,67041,67042,67043,67044,67045,67046,67047,67048,38705,67049,67050,67051,67052,67053,2094,25758,27911,67054,67055,67056,67057,67058,67059,67060,67061,67062,49010,67063,67064,57522,67065,67066,67067,27883,67068,27407,27596,67069,67070,27595,67071,67072,67073,67074,67075,67076,67077,48996,49021,26264,67078,48451,26311,27356,67079,67080,1964,1961,67081,27627,67082,48991,48993,48994,48995,15186,15214,251,48997,14611,26458,48998,27487,48999,1977,1974,49000,49001,49002,11872,67083,67084,67085,66723,375,57492,67086,67087,67088,51620,67089,26652,2069,67090,67091,4018,371,65,150,170,191,374,233,376,304,320,339,352,365,377,0,378,379,380,381,67092,55806,67093,67094,67095,38654,67096,67097,27279,26819,67098,67099,2096,26807,67100,67101,67102,67103,59840,67104,67105,67106,11826,67107,26965,67108,67109,67110,2021,2018,67111,27921,67112,27276,27075,27093,27110,27123,27278,27157,27171,27184,27202,27280,27234,27246,27255,2097,126,27281,27282,27283,24561,67113,67114,67115,26466,5126,67116,67117,2052,2049,67118,67119,5119,67120,16789,67121,26333,67122,5284,67123,67124,2063,2060,67125,5277,67126,67127,67128,67129,67130,67131,5420,67132,2070,5415,67133,67134,2092,1549,1860,2095,1990,22,2080,5,2098,2099,2100,2065,1878,1919,2068,2003,2037,2071,2072,2073,67135,67136,67137,67138,67139,27906,67140,67141,67142,24583,25487,67143,67144,67145,27998,67146,67147,67148,67149,26345,27029,28075,67150
132,2092,1839,1233,1549,1860,2093,1901,2094,2095,1964,1977,1990,22,2096,2021,2097,2052,2063,373,2080,5,2098,2099,2100,27833,27834,16536,20918,27835,23892,27836,27837,24239,27838,19872,20638,27839,27840,27841,27404,27525,27842,27843,1823,27844,1821,27845,24603,24410,16592,16305,24429,24604,17195,24605,24606,11690,24500,11655,24607,24532,24608,24561,24572,5354,24592,115,24609,24610,2108,16820,16052,16341,16612,16821,16651,16822,16823,16709,16722,90,16824,16753,16825,2044,16791,1442,16808,74,16826,16827,16828,20692,20426,20712,20919,20751,20920,20921,20807,20820,111,20922,20851,20923,20882,20893,1758,20907,95,20924,20925,20926,24903,24656,24677,24904,24718,24905,24906,24775,24788,24801,24907,24832,24908,24863,24874,2067,24891,116,24909,24910,24911,27846,27847,27848,27849,25481,27850,27851,27852,25080,26646,27853,27022,27854,27405,1881,5356,27717,1876,27855,27856,27857,25480,25259,25276,25295,25482,25483,25347,25362,25375,25391,25484,25485,25437,25450,5357,25469,118,25486,25487,25488,27858,27859,27860,27861,27862,27863,27864,27865,27866,27867,25693,27868,27023,27406,27526,5358,1922,1919,27869,27870,27871,25818,27872,27873,27874,27875,27876,27877,27878,26648,27879,27880,27881,27882,27407,27527,27883,27884,1944,27885,27886,1943,26364,26126,26143,26365,26366,26367,26219,26234,26250,26267,26368,26294,26369,26322,26333,5360,26353,121,26370,2104,26371,23882,26505,26506,26507,12350,8796,254,26508,14506,26509,26468,2058,3792,26494,122,26510,26511,26512,11784,26536,26647,26570,7416,271,26649,26584,26650,26611,26622,4018,26636,123,26651,26652,26653,402,68,403,173,404,405,236,290,406,323,407,355,368,379,390,0,408,409,410,27887,26688,27888,27889,27890,23884,27891,27025,27892,2006,27528,5362,27719,2002,27893,27894,27895,27021,26888,26905,27024,26935,11829,26950,27026,26978,26991,5363,27010,125,27027,27028,27029,27896,27897,27898,27899,27121,27900,27901,27902,27903,27904,27905,27408,27529,2040,27720,2038,27906,27907,27908,27311,27324,27341,27356,1972,5152,27380,5364,27395,127,27409,27410,5057,27432,1229,27462,27477,27489,5310,27501,5365,27516,128,27530,5214,27531,5353,5342,5355,5359,5361,19,5366,129,5367,5368,5369,27716,27663,1858,27718,27704,5566,27713,130,27721,27722,27723,114,117,119,120,124,126,131,133,134,27909,27910,27911,27912,27913,27914,27915,27916,27917,1840,27918,27919,27920,27921,27922,27923,27924,27925,27926,1966,27927,27928,27929
131,2083,1838,1232,1548,1859,2084,1900,2085,2086,1963,1976,1989,21,2087,2020,2088,2051,2062,2071,384,2089,5,2090,2091,27736,27737,16527,20909,27738,23796,27739,27740,24238,27741,19772,20629,27742,27743,27744,27397,27518,27745,27746,27747,1822,27748,1820,24595,24409,16591,16304,24428,24596,17194,24597,24598,11689,24499,11654,24599,24531,24600,24560,24571,24582,5483,24601,115,2101,24602,16811,16051,16340,16611,16812,16650,16813,16814,16708,16721,89,16815,16752,16816,16782,2055,16799,1453,16817,74,16818,16819,20691,20425,20711,20910,20750,20911,20912,20806,20819,110,20913,20850,20914,20881,20892,20900,1767,20915,95,20916,20917,24894,24655,24676,24895,24717,24896,24897,24774,24787,24800,24898,24831,24899,24862,24873,24882,2076,24900,116,24901,24902,27749,27750,27751,27752,25472,27753,27754,27755,25081,26638,27756,27013,27757,1880,27519,27618,5485,27758,1877,27759,27760,25471,25258,25275,25294,25473,25474,25346,25361,25374,25390,25475,25476,25436,25449,25460,5486,25477,118,25478,25479,27761,27762,27763,27764,27765,27766,27767,27768,27769,27770,25694,27771,27014,27398,27520,1921,5487,27772,1920,27773,27774,25819,27775,27776,27777,27778,27779,27780,27781,26640,27782,27783,27784,27785,27399,27521,27786,27787,27788,1945,1942,27789,26356,26125,26142,26357,26358,26359,26218,26233,26249,26266,26360,26293,26361,26321,26332,26343,5489,26362,121,26363,2111,23786,26497,26498,26499,12349,8795,253,26500,14505,26501,2047,26477,26485,3803,26502,122,26503,26504,11783,26535,26639,26569,7415,270,26641,26583,26642,26610,26621,26629,4027,26643,123,26644,26645,393,67,394,172,395,396,235,289,397,322,398,354,367,378,389,399,0,400,401,27790,26687,27791,27792,27793,23788,27794,27016,27795,27400,2005,27620,5491,27796,2001,27797,27798,27012,26887,26904,27015,26934,11828,26949,27017,26977,26990,27001,5492,27018,125,27019,27020,27799,27800,27801,27802,27120,27803,27804,27805,27806,27807,27808,27401,27522,27621,2039,27809,2037,27810,27811,27310,1228,27340,27355,27368,5144,27379,27387,5493,27402,127,27403,5056,27431,27445,27461,27476,1973,5302,27500,27509,5494,27523,128,5213,27524,27617,27564,1857,27619,27605,5429,27614,27622,129,27623,27624,5482,5471,5484,5488,5490,20,5495,5496,130,5497,5498,27812,27813,27814,27815,27816,27817,27818,27819,27820,114,117,119,120,124,126,132,133,134,27821,27822,27823,1965,27824,27825,27826,1841,27827,27828,27829,27830,27831,27832
134,1823,2108,1235,1551,1862,1883,2109,2110,1945,2111,1979,1992,24,2008,2112,2113,347,2064,2073,2082,2091,2100,5,2114,24142,24369,15784,20677,24181,20994,24370,24371,24372,24254,7057,7039,24271,24373,24374,5042,24327,24337,24347,24354,2092,114,24375,28007,28008,16836,16552,28009,28010,20061,28011,24485,20048,28012,16283,28013,28014,28015,28016,28017,27631,27730,1841,27924,1839,28018,16576,16054,16343,16614,16635,16837,16838,16694,16839,16724,92,16740,16840,16841,1420,16792,16801,16810,16819,16828,74,16842,20934,20428,20714,20733,20935,20936,20790,20937,20822,113,20838,20938,20939,1732,20894,2066,20908,20917,20926,95,20940,24640,24919,24679,24700,24920,24921,24759,24922,24790,24803,24819,24923,24924,2045,24875,24884,24893,24902,24911,116,24925,25218,24964,24981,25001,25219,25220,25053,25221,25087,25101,25117,25222,25223,5045,25172,25183,25194,25202,25210,117,25224,28019,28020,28021,28022,28023,28024,28025,26519,25372,28026,26857,28027,5046,27533,27632,1903,27827,27925,1898,28028,28029,28030,28031,28032,28033,28034,28035,28036,28037,28038,25691,26858,28039,5047,1924,27633,27731,28040,28041,1917,28042,26086,25836,25853,26087,26088,25909,26089,25947,25961,25978,25991,26090,26091,5048,26044,26054,26064,2086,26078,120,26092,26108,28043,28044,28045,28046,28047,28048,26521,28049,28050,28051,28052,28053,28054,28055,27634,27732,27829,1966,1963,28056,7149,26397,26520,26431,12352,8798,256,26445,26522,26523,3769,26478,26487,26496,26504,26512,122,26524,20052,26660,26661,26662,7418,273,9493,26663,26664,3993,26623,26630,2078,26645,26653,123,26665,47,418,155,419,420,217,421,292,309,422,423,357,370,381,392,401,410,0,424,26856,26694,26711,26859,26743,7179,26759,26860,26861,5051,26810,26821,26832,26840,26848,124,26862,28057,26886,28058,28059,28060,20055,28061,28062,5052,27535,2023,27733,27830,27927,2019,28063,28064,28065,28066,28067,27119,28068,28069,28070,28071,28072,28073,2042,27536,27635,27734,28074,28075,2036,28076,5043,5029,5044,5049,5050,17,5053,5054,5055,5056,5057,127,5058,27532,27446,1856,27534,27490,5322,27502,27510,27517,27524,27531,128,27537,27554,27565,27581,27597,1987,5431,27616,27624,5369,129,27636,27653,1547,27680,27696,27705,5568,27715,5498,27723,130,27735,1820,27760,27828,27789,27798,27831,27820,131,27832,27845,27857,27926,1943,27895,27928,27917,132,27929,115,118,119,121,125,126,133,28077,28078,28079,28080,28081,28082,28083
133,1822,2101,1234,1550,1861,1882,2102,2103,1944,2104,1978,1991,23,2007,2105,2106,2053,360,2072,2081,2090,2099,2107,5,24141,24362,15783,20676,24180,20993,24363,24364,24365,24253,7056,7038,24270,24366,24367,24316,5199,24336,24346,2083,24361,24368,114,27930,27931,16829,16545,27932,27933,19981,27934,24484,19968,27935,16276,27936,27937,27938,27939,27940,27625,27724,27821,1840,27941,1838,16575,16053,16342,16613,16634,16830,16831,16693,16832,16723,91,16739,16833,16834,16783,1431,16800,16809,16818,16827,16835,74,20927,20427,20713,20732,20928,20929,20789,20930,20821,112,20837,20931,20932,20883,1745,20901,2075,20916,20925,20933,95,24639,24912,24678,24699,24913,24914,24758,24915,24789,24802,24818,24916,24917,24864,2056,24883,24892,24901,24910,24918,116,25211,24963,24980,25000,25212,25213,25052,25214,25086,25100,25116,25215,25216,25161,5202,25182,25193,25201,25209,25217,117,27942,27943,27944,27945,27946,27947,27948,26513,25373,27949,26850,27950,27412,5203,1902,27725,27822,27918,27951,1899,27952,27953,27954,27955,27956,27957,27958,27959,27960,27961,25692,26851,27962,1923,5204,27626,27726,27963,27964,27965,1918,26079,25835,25852,26080,26081,25908,26082,25946,25960,25977,25990,26083,26084,26033,5205,26053,26063,26071,2095,26085,120,26109,27966,27967,27968,27969,27970,27971,26515,27972,27973,27974,27975,27976,27977,27978,27627,27727,1965,27920,27979,1964,7148,26396,26514,26430,12351,8797,255,26444,26516,26517,26469,3780,26486,26495,26503,26511,26518,122,19972,26654,26655,26656,7417,272,9492,26657,26658,26612,4006,2069,26637,26644,26652,26659,123,46,411,154,412,413,216,414,291,308,415,416,356,369,380,391,400,409,417,0,26849,26693,26710,26852,26742,7178,26758,26853,26854,26799,5208,26820,26831,26839,26847,26855,124,27980,26885,27981,27982,27983,19975,27984,27985,27414,5209,27628,2022,27824,27921,27986,2018,27987,27988,27989,27990,27118,27991,27992,27993,27994,27995,27996,27415,2041,27629,27728,27997,27998,27999,2035,27411,27325,1855,27413,27369,5159,27381,27388,27396,27403,27410,27416,127,5200,5186,5201,5206,5207,18,5210,5211,5212,5213,5214,5215,128,27553,1546,27580,27596,27606,5430,27615,27623,5368,27630,129,27652,27664,27679,27695,1988,5567,27714,5497,27722,27729,130,27748,27759,27823,1942,27797,27825,27819,27826,131,1821,27856,27919,27886,27894,27922,27916,27923,132,28000,28001,28002,28003,28004,28005,28006,115,118,119,121,125,126,134
221,3308,2200,3358,3326,3359,3360,2254,2253,3361,3362,2269,3363,3364,10,2331,3365,3366,3367,3368,3369,3370,3371,3372,3373,42948,39953,43001,42967,43002,43003,29799,43004,43005,43006,43007,22136,218,34407,33365,43008,43009,43010,43011,43012,43013,43014,43015,29273,29274,28479,29275,29276,28925,29186,139,200,29277,29278,29279,167,147,29280,29281,29282,29283,29284,29285,29286,29287,29288,43647,43648,43231,43649,43650,29980,43651,43652,43653,43654,43655,18158,30879,43656,43657,43658,43659,43660,43661,43662,43663,43664,39480,43196,43232,43233,43234,43235,43236,43237,30157,43238,219,22895,43239,43240,43241,43242,43243,43244,43245,43246,43247,43665,43666,43667,43668,43669,43670,18302,43671,30158,42984,17999,30876,43566,43672,43673,43674,43675,43676,43677,43678,43679,39918,43680,43681,43682,29851,29038,43683,43684,43685,43686,43687,30926,43688,43689,43690,43691,43692,43693,43694,43695,43696,29979,29981,29982,29219,142,29983,29984,29234,29985,29986,162,29987,29988,29989,29990,29991,29992,29993,29994,29995,29964,146,28478,29965,29966,29869,29967,29907,29922,29968,29969,222,29970,29971,29972,29973,29974,29975,29976,29977,29978,39220,43697,43215,33401,33400,43698,43699,43700,43462,43701,223,43702,43703,43704,43705,43706,43707,43708,43709,43710,43711,43712,43713,43714,43715,43716,43717,43718,30160,43719,43720,18069,30928,33412,43721,43722,43723,43724,43725,43726,43727,43728,30156,30088,143,30159,30161,30162,30163,16996,30147,30164,30165,30166,30167,30168,30169,30170,30171,30172,39969,43729,43023,43730,43731,43732,226,43733,43734,43735,43736,43737,43738,43739,43740,43741,43742,43743,43744,43745,43746,43747,43748,43749,43750,18088,43751,43752,43753,43754,43755,43756,43757,43758,43759,43760,0,79,220,224,225,227,228,229,230,231,232,233,234,235,236,237,238,30923,30924,30925,30927,30929,30930,30754,30931,30932,30933,30934,30935,30936,30937,30938,30939,43761,43762,43763,43293,43764,43765,43766,43767,43768,43769,43770,43771,43772,43773,43774,43775,43776,43777,43778,40054,43779,43780,43781,43782,43783,43784,5061,43785,43786,3584,43787,43788,40044,43789,43790,43791,43792,43793,43794,43795,5218,3576,43796,43797,43798,43799,43800,43801,43802,43803,43804,43805,43806,43807,43808,43809,43810,43811,43812,43813,43814,43815,43816,43817,43818,43819,43820,43821,43822,43823,43824,3538,43825,43826,43827,43828,43829,43830,43831,43832,3550,43833,43834,43835,43836,40064,43837,43838,43839,43840,43841,43842,40073,43843,43844,43845,43846,43847,43848
240,3605,3622,3623,1650,617,3624,2546,3625,3626,2855,2264,3627,3136,11,3628,3629,3630,3631,3632,3633,3634,3635,3636,3637,46634,46672,46673,8833,46674,46675,33557,46676,46677,46678,46679,22353,239,46680,22403,46681,46682,46683,46684,46685,46686,46687,46688,46890,46891,46892,46893,46894,46895,33571,12877,13632,30084,46896,46897,333,13605,46898,46899,46900,46901,46902,46903,46904,46905,46906,46907,46908,22288,8750,46909,33572,46910,46911,37468,46912,40965,297,46913,46914,46915,46916,46917,46918,46919,46920,46921,46922,22287,20526,7135,22289,21343,22290,22291,21649,21085,21904,101,22292,22293,22294,22295,22296,22297,22298,22299,22300,22301,8732,8749,6137,8751,7983,8752,8753,8288,7715,8754,34,8755,8756,8757,8758,8759,8760,8761,8762,8763,8764,46923,46924,46925,46926,33573,46710,46927,46928,46929,46930,46931,46932,46933,46934,46935,46936,46937,46938,46939,46940,46941,33555,32281,32024,32739,13172,33574,32982,29229,33575,33229,163,33576,33577,33578,33579,33580,33581,33582,33583,33584,46715,13604,46942,8834,46943,46944,46945,46946,46947,46948,46949,241,35836,46950,46951,46952,46953,46954,46955,46956,46957,46958,46959,20810,33592,22309,46960,46961,46962,25931,46963,242,35838,46964,46965,46966,46967,46968,46969,46970,46971,46972,37451,36307,35538,37469,37470,37471,36831,29453,37472,37084,184,37473,25379,37474,37475,37476,37477,37478,37479,37480,37481,30068,30085,12622,25074,28972,30086,29669,143,30087,30088,30089,30090,30091,30092,30093,30094,30095,30096,46973,46974,46713,46975,46976,40969,244,46977,46978,46979,46980,46981,46982,46983,46984,46985,46986,40947,40964,40966,39970,40967,40968,40203,40479,204,40970,40971,40972,40973,40974,40975,40976,40977,40978,40979,57,0,122,225,243,245,246,247,248,249,250,251,252,253,254,255,256,46716,46987,46988,46989,46990,46991,46992,46993,46994,46995,46996,46997,46998,46999,47000,47001,47002,47003,47004,22327,47005,47006,44692,47007,47008,47009,47010,47011,47012,47013,47014,47015,47016,47017,47018,47019,47020,47021,47022,47023,47024,47025,47026,47027,47028,3822,47029,47030,47031,47032,47033,47034,47035,47036,47037,47038,47039,3813,47040,47041,47042,47043,47044,47045,47046,47047,47048,47049,47050,47051,47052,47053,47054,47055,47056,47057,47058,47059,47060,47061,47062,47063,47064,47065,47066,47067,47068,349,47069,47070,47071,47072,47073,47074,47075,47076,362,47077,47078,47079,47080,47081,47082,47083,47084,47085,47086,47087,47088,47089,47090,47091,47092,47093,47094
276,4070,4103,4104,543,542,4105,4106,4107,1561,4108,2263,2293,4109,13,4110,4111,4112,4113,4114,4115,4116,4117,4118,4119,52197,52248,52249,7742,52250,52251,52252,52253,52254,52255,30422,22553,274,52256,22609,52257,52258,52259,52260,52261,52262,52263,52264,52679,52680,52681,52682,52683,52684,52685,52496,52545,30067,52686,52687,18592,52500,52688,52689,52690,52691,52692,52693,52694,52695,52696,52697,52698,7614,7613,52699,52700,52701,52702,52703,30424,52704,18557,52705,52706,52707,52708,52709,52710,52711,52712,52713,52714,7743,7066,30,7744,7745,7746,7747,7748,7718,7749,102,7750,7751,7752,7753,7754,7755,7756,7757,7758,7759,6062,7729,6036,7649,7730,6103,144,7731,7717,7732,35,7733,334,7734,7735,7736,7737,7738,7739,7740,7741,52715,52716,52717,52718,52719,52288,7650,52720,52721,30425,52722,52723,52724,52725,52726,52727,52728,52729,52730,52731,52732,52733,52734,52735,52736,52270,52737,52738,30069,33747,52739,277,52740,52741,52742,52743,52744,52745,52746,52747,52748,50642,48384,52749,9055,52750,52751,52752,52753,52754,30461,52755,278,52756,52757,52758,52759,52760,52761,52762,52763,52764,21098,7611,96,21099,21100,21101,21102,21087,145,21103,279,21104,21105,21106,21107,21108,21109,21110,21111,21112,21113,52765,7612,52766,52767,52768,52769,52770,7702,52771,52772,17282,52773,17281,52774,52775,52776,52777,52778,52779,52780,52781,30066,30068,30070,143,30071,30072,30073,16991,30074,30075,30076,30077,30078,30079,30080,30081,30082,30083,30423,30426,30427,30428,30307,30429,262,30430,30431,30432,30433,30434,30435,30436,30437,30438,30439,50656,52782,52783,52784,52785,52786,52787,52788,18504,52789,52790,52791,52792,52793,52794,52795,52796,52797,52798,275,81,0,280,245,281,282,283,284,285,286,287,288,289,290,291,292,52292,52799,52800,52801,52802,52803,52804,52805,52806,52807,52808,52809,52810,52811,52812,52813,52814,52815,52816,22525,52817,50689,52818,52819,50686,52820,52821,52822,52823,52824,52825,52826,52827,52828,52829,52830,52831,52832,52833,52834,52835,52836,52837,52838,52839,4309,5091,52840,52841,52842,52843,52844,52845,52846,52847,52848,52849,4300,52850,52851,5248,52852,52853,52854,52855,52856,52857,52858,52859,52860,52861,52862,52863,52864,52865,52866,52867,52868,52869,52870,52871,52872,52873,52874,52875,52876,52877,4267,52878,52879,52880,52881,52882,52883,52884,52885,4279,52886,52887,52888,52889,52890,52891,52892,52893,52894,52895,52896,52897,52898,52899,52900,52901,52902,52903
53,799,901,902,863,903,904,905,906,907,559,908,909,910,2,911,912,913,914,915,916,917,918,919,920,10925,11026,11027,10989,11028,11029,11030,11031,7968,11032,11033,11034,48,11035,11036,11037,11038,11039,11040,11041,11042,11043,11044,12499,12500,12501,12502,12503,12504,12505,11368,11427,12506,12507,12508,11394,11375,12509,12510,12511,12512,12513,12514,12515,12516,12517,12518,12519,11974,12520,12521,12522,12523,12524,7949,12525,12526,11807,12527,12528,12529,12530,12531,12532,12533,12534,12535,12536,11973,11938,11975,11976,11977,11978,11979,6779,11980,11981,51,11982,11983,11984,11985,11986,11987,11988,11989,11990,11991,12537,12538,12539,12540,12541,12542,12262,12543,12544,11008,10988,12545,12418,12546,12547,12548,12549,12550,12551,12552,12553,12554,12555,12556,12557,12558,11070,12559,7917,12560,12561,12562,12563,8251,12564,12565,12566,12567,12568,12569,12570,12571,12572,12573,12574,12575,11050,12576,7951,12577,12578,12579,54,135,12580,12581,12582,12583,12584,12585,12586,12587,11075,11374,12588,10991,12589,12590,12591,12592,12593,12594,12595,55,12596,12597,12598,12599,12600,12601,12602,12603,12604,12605,12606,11957,12607,12020,12608,6446,12609,12263,12610,56,12611,12612,12613,12614,12615,12616,12617,12618,12619,12620,31,7882,7950,7664,7952,7953,7954,7955,7956,7957,160,140,139,7958,7959,7960,7961,7962,7963,7964,7965,12621,12622,11371,12261,12623,12624,12625,11701,12626,143,12627,12628,12629,12630,12631,12632,12633,12634,12635,12636,11073,7984,12637,12638,58,12639,12640,12641,12642,12643,12644,12645,12646,12647,12648,12649,12650,12651,12652,12653,12654,12655,12656,11758,12657,12658,12659,12660,12661,12662,12663,12664,12665,12666,49,50,52,0,57,59,60,61,62,63,64,65,66,67,68,69,70,11076,12667,12668,12669,12670,12671,12672,12673,12674,12675,12676,12677,12678,12679,12680,12681,12682,12683,12684,12040,12685,12686,146,12687,12688,12689,12690,12691,12692,12693,12694,12695,12696,12697,12698,12699,12700,12701,8088,12702,12703,12704,12705,5014,12706,1138,12707,12708,12709,12710,12711,8098,12712,12713,12714,5171,12715,1130,12716,12717,12718,12719,12720,12721,12722,12723,12724,12725,12726,12727,12728,12729,12730,12731,12732,12733,12734,12735,12736,12737,12738,12739,12740,12741,12742,12743,12744,1092,12745,12746,12747,12748,12749,12750,12751,12752,1104,12753,12754,12755,12756,12757,12758,12759,8117,12760,12761,12762,12763,12764,12765,8108,12766,12767,12768
75,1162,1236,1237,1200,1238,1239,1240,1241,1242,1243,1244,1245,1246,3,1247,1248,1249,1250,1251,1252,1253,1254,1255,1256,15714,15802,15803,15771,15804,15805,15806,15807,15808,15809,6737,6759,71,14690,15810,15811,15812,15813,15814,15815,15816,15817,15818,16843,16844,16845,16846,16847,16848,16849,11697,11754,16850,16851,16852,11723,11705,16853,16854,16855,16856,16857,16858,16859,16860,16861,16862,16863,16345,16864,16865,16866,16867,16868,16869,16870,16871,16174,16872,16873,16874,16875,16876,16877,16878,16879,16880,16881,16344,16311,16346,16347,16348,16349,16350,16351,16352,16353,73,16354,16355,16356,16357,16358,16359,16360,16361,16362,16363,16882,16883,16884,16885,16886,16887,16624,16888,16889,15788,15770,16890,16764,16891,16892,16893,16894,16895,16896,16897,16898,16899,16900,16901,16902,16903,15841,16904,16905,16906,16907,16908,16909,16910,16911,16912,16913,16914,16915,16916,16917,16918,16919,16920,16921,16922,11700,16923,16924,16925,16926,16927,76,16928,16929,16930,16931,16932,16933,16934,16935,16936,15846,11704,16937,15773,16938,16939,16940,16941,16942,16943,16944,77,16945,16946,16947,16948,16949,16950,16951,16952,16953,16954,16955,16330,16956,16392,16957,16958,16959,16625,16960,78,16961,16962,16963,16964,16965,16966,16967,16968,16969,16970,16971,16972,16973,16974,16975,16976,16977,16978,16979,16980,16102,16981,16982,16983,16984,16985,16986,16987,16988,16989,16990,16991,143,11701,16623,16992,16993,16994,16063,16995,16996,16997,16998,16999,17000,17001,17002,17003,17004,17005,17006,15844,17007,17008,17009,80,17010,17011,17012,17013,17014,17015,17016,17017,17018,17019,17020,17021,17022,17023,17024,17025,17026,17027,16122,17028,17029,17030,17031,17032,17033,17034,17035,17036,17037,50,72,74,79,0,81,82,83,84,85,86,87,88,89,90,91,92,15847,17038,17039,17040,17041,17042,17043,14694,17044,17045,17046,17047,17048,17049,17050,17051,17052,17053,17054,16412,17055,17056,17057,17058,17059,17060,17061,17062,17063,17064,17065,17066,17067,17068,17069,17070,17071,17072,17073,17074,17075,17076,17077,17078,17079,1472,17080,17081,17082,17083,17084,17085,17086,17087,17088,17089,17090,1463,17091,17092,17093,17094,17095,17096,17097,17098,17099,17100,17101,17102,17103,17104,17105,17106,17107,17108,17109,17110,17111,17112,17113,17114,17115,17116,17117,17118,17119,1426,17120,17121,17122,17123,17124,17125,17126,17127,1437,17128,17129,17130,17131,17132,17133,17134,17135,17136,17137,17138,17139,17140,17141,17142,17143,17144,17145
117,1554,1863,1864,1535,1865,1866,1867,1868,1869,1870,1871,1872,1873,5,1874,1875,1876,1877,1878,1879,1880,1881,1882,1883,20978,20979,20962,20431,20980,20981,20982,20983,20984,20985,137,96,114,20986,20862,20987,20988,20989,20990,20991,20992,20993,20994,24926,24927,24928,24929,24930,24931,24932,17184,24472,24933,24934,24935,16763,24442,24936,24937,24938,24939,24940,24941,24942,24943,24944,24945,24946,20716,24947,24948,24949,24950,24951,24952,24953,24954,16729,24955,24956,24957,24958,24959,24960,24961,24962,24963,24964,20715,20413,20717,20718,20719,20720,20721,20722,20723,141,95,20724,20725,20726,20727,20728,20729,20730,20731,20732,20733,24965,24966,24967,24968,24969,24970,24689,24971,24972,24166,16565,24973,24843,24974,24975,24976,24977,24978,24979,24980,24981,24982,24983,24984,24985,24986,24208,24987,24988,24989,24990,24991,24992,24993,24994,24995,24996,24997,24998,24999,25000,25001,25002,25003,25004,25005,24187,25006,25007,25008,25009,25010,118,25011,25012,25013,25014,25015,25016,25017,25018,25019,24213,24441,25020,20664,25021,25022,25023,25024,25025,25026,25027,119,25028,25029,25030,25031,25032,25033,25034,25035,25036,25037,25038,20698,25039,20763,25040,25041,25042,24690,25043,120,25044,25045,25046,25047,25048,25049,25050,25051,25052,25053,25054,25055,25056,25057,25058,25059,25060,25061,25062,25063,16662,25064,25065,25066,25067,25068,25069,25070,25071,25072,25073,143,25074,24438,24688,25075,25076,25077,16623,25078,25079,25080,25081,25082,25083,25084,25085,25086,25087,25088,25089,24211,25090,7344,25091,123,25092,25093,25094,25095,25096,25097,25098,25099,25100,25101,144,25102,25103,25104,185,25105,25106,25107,205,25108,25109,25110,25111,25112,25113,25114,25115,25116,25117,115,74,116,121,122,0,124,125,126,127,128,129,130,131,132,133,134,24214,25118,25119,25120,25121,25122,25123,25124,25125,25126,25127,25128,25129,25130,25131,25132,25133,25134,25135,20782,25136,25137,25138,25139,25140,25141,25142,25143,25144,25145,25146,25147,25148,25149,25150,25151,25152,25153,25154,25155,25156,25157,25158,25159,25160,2093,25161,5045,25162,25163,25164,25165,25166,25167,25168,25169,25170,2084,25171,5202,25172,25173,25174,25175,25176,25177,25178,25179,25180,25181,25182,25183,25184,25185,25186,25187,25188,25189,25190,25191,25192,25193,25194,25195,25196,25197,25198,2051,25199,25200,25201,25202,25203,25204,25205,25206,2063,25207,25208,25209,25210,25211,25212,25213,25214,25215,25216,25217,25218,25219,25220,25221,25222,25223,25224
138,537,2171,2172,1555,2173,2174,2175,580,2176,2177,2178,2179,2180,6,2181,2182,2183,2184,2185,2186,2187,2188,2189,2190,6057,7642,7643,7061,7644,7645,7646,6100,7647,7648,7649,7650,30,7651,326,7652,7653,7654,7655,7656,7657,7658,7659,28840,28841,28842,28843,28844,28845,28846,28178,13368,28847,28848,28849,28198,28182,28850,28851,28852,28853,28854,28855,28856,28857,28858,28859,28860,20996,28861,28862,28863,28864,28865,28866,28867,28868,18740,28869,28870,28871,28872,28873,28874,28875,28876,28877,28878,20995,20432,20997,20998,20999,7103,21000,21001,21002,21003,96,21004,21005,21006,21007,21008,21009,21010,21011,21012,21013,28879,28880,28881,28882,28883,28884,7341,28885,28886,7628,7060,28887,7497,28888,28889,28890,28891,28892,28893,28894,28895,28896,28897,28898,28899,28900,7680,28901,28902,28903,28904,28905,28906,28907,28908,28909,28910,28911,28912,28913,28914,28915,28916,28917,28918,28919,7664,28920,28921,28922,28923,28924,139,28925,28926,28927,28928,28929,28930,28931,28932,28933,32,8251,8252,7063,8253,8254,8255,8256,8257,8258,8259,140,8260,8261,8262,8263,8264,8265,8266,8267,8268,28934,28935,20981,28936,182,28937,28938,28939,25103,28940,141,28941,28942,28943,28944,28945,28946,28947,28948,28949,28950,28951,28952,28953,28954,28955,28956,28957,28958,28959,28960,28441,28961,28962,28963,28964,28965,28966,28967,28968,28969,28970,28971,28972,28179,28682,28973,28974,28975,28402,28976,28977,28978,28979,28980,28981,28982,28983,28984,28985,28986,28987,7683,28988,28989,28990,144,28991,28992,28993,28994,28995,28996,28997,28998,28999,29000,29001,29002,29003,29004,29005,29006,29007,29008,21054,29009,29010,29011,29012,29013,29014,29015,29016,29017,29018,135,136,137,142,143,145,0,146,147,148,149,150,151,152,153,154,155,7685,29019,29020,29021,29022,29023,29024,29025,29026,29027,29028,29029,29030,29031,29032,29033,29034,29035,29036,21056,29037,209,29038,29039,29040,29041,29042,29043,29044,29045,29046,29047,29048,29049,29050,29051,29052,29053,29054,29055,29056,29057,29058,29059,29060,2399,29061,29062,29063,29064,29065,29066,29067,29068,29069,29070,29071,2391,29072,29073,29074,29075,29076,29077,29078,29079,29080,29081,29082,29083,29084,29085,29086,29087,29088,29089,29090,29091,29092,29093,29094,29095,29096,29097,29098,29099,29100,2353,29101,29102,29103,29104,29105,29106,29107,29108,2365,29109,29110,29111,29112,29113,29114,10789,29115,29116,29117,29118,29119,29120,10870,29121,29122,29123,29124
139,2191,2121,2138,2192,2193,2175,2194,559,2195,2196,2197,2198,2199,7,6,2200,2201,2202,2203,2204,2205,2206,2207,2208,29125,29126,29127,29128,29129,28916,29130,7646,7697,29131,29132,29133,156,326,29134,29135,29136,29137,29138,29139,29140,29141,29142,28191,28110,28128,28192,28193,28178,28194,12575,12860,28195,28196,28197,327,135,28198,28199,28200,28201,28202,28203,28204,28205,28206,28415,28362,28416,28417,28398,28418,28419,28420,28421,28422,28423,17299,136,28424,28425,28426,28427,28428,28429,28430,28431,28432,29143,29144,29145,28917,29146,29147,29148,29149,29150,29151,157,21117,29152,29153,29154,29155,29156,29157,29158,29159,29160,29161,29162,29163,29164,29165,29166,29167,28699,28158,29168,17152,20949,27162,29169,29170,29171,29172,29173,29174,29175,29176,28846,28863,28918,28900,28919,7664,28920,28921,28922,28923,28924,138,28925,28926,28927,28928,28929,28930,28931,28932,28933,29177,29178,29179,29180,7951,29181,29182,29183,29184,29185,159,29186,29187,29188,29189,29190,29191,29192,29193,29194,31,53,7949,7882,7950,7952,7953,7954,7955,7956,7957,160,140,7958,7959,7960,7961,7962,7963,7964,7965,29195,29196,29197,29198,29199,29200,29201,29202,29203,29204,161,182,28936,29205,29206,29207,29208,29209,29210,29211,29212,29213,29214,28381,28962,28441,29215,29216,28701,29217,29218,183,142,29219,29220,29221,29222,29223,29224,29225,29226,29227,29228,29229,12577,29230,29231,29232,29233,16925,143,29234,29235,29236,29237,29238,29239,29240,29241,29242,29243,29244,7667,28700,29245,29246,164,21021,29247,29248,29249,29250,29251,29252,29253,29254,29255,29256,29257,29258,29259,29260,29261,29262,29263,17239,21073,29264,29265,29266,29267,29268,29269,29270,29271,29272,54,76,158,162,163,165,166,0,167,168,169,170,171,172,173,174,175,30,96,137,141,144,145,146,147,148,149,150,151,152,153,154,155,29273,29274,28479,29275,29276,200,221,29277,29278,29279,29280,29281,29282,29283,29284,29285,29286,29287,29288,29289,29290,29291,29292,29293,29294,29295,29296,29297,29298,2682,29299,29300,29301,29302,29303,29304,29305,29306,29307,29308,29309,2673,29310,29311,29312,29313,29314,29315,29316,29317,29318,29319,29320,29321,29322,2414,29323,29324,29325,29326,29327,29328,29329,29330,29331,2407,29332,29333,29334,29335,29336,2635,29337,29338,29339,29340,29341,29342,29343,29344,2649,29345,29346,29347,29348,29349,29350,29351,29352,2377,29353,29354,29355,29356,29357,29358,2389,29359,29360
140,585,911,2209,498,2210,580,559,2211,2212,2213,2214,2215,2216,8,2217,6,2218,2219,2220,2221,2222,2223,2224,2225,8146,8335,8336,7097,8337,32,7940,8241,7972,8338,259,8339,176,310,37,8340,8341,8342,8343,8344,8345,8346,8347,11076,11375,12527,12667,12668,12563,53,12596,12669,12626,12670,12671,61,12672,12673,12674,12675,12676,12677,12678,12679,12680,12681,29361,29362,7099,29363,29364,7949,29365,29366,28419,29367,12657,18678,28434,12684,29368,29369,29370,29371,29372,29373,29374,29375,7098,7100,7101,7063,7081,7102,7103,7104,7105,7106,179,7107,28,7108,7109,7110,7111,7112,7113,7114,7115,29376,29377,29378,29379,29380,29381,29382,29383,29384,29385,29386,29387,27176,29388,29389,29390,29391,29392,29393,29394,29395,8251,8252,8253,7680,7664,8254,8255,8256,8257,8258,8259,8260,138,8261,8262,8263,8264,8265,8266,8267,8268,31,7882,7950,7951,7952,7953,7954,7955,7956,7957,160,139,7958,7959,7960,7961,7962,7963,7964,7965,29396,29397,29398,29399,29400,29401,29402,29403,29404,29405,29406,181,29407,29408,29409,29410,29411,29412,29413,29414,29415,29416,29417,29418,28920,29419,29420,29421,29422,29423,29424,182,29425,28901,29426,29427,29428,29429,29430,29431,29432,29433,29434,29435,29436,28921,29437,29438,29439,29440,29441,29442,29443,28441,29182,29444,29445,29446,29447,29448,29449,29450,29451,29452,29453,29454,29455,29456,29457,29458,29459,29460,28701,29461,29462,29463,29464,29465,29466,29467,29468,29469,29470,29471,29472,29473,29474,185,29475,25103,29476,29477,29478,29479,29480,29481,29482,29483,29484,29485,8309,12625,29486,29487,29488,29489,21038,28443,28717,29490,29491,29492,29493,29494,29495,29496,29497,177,178,180,183,184,186,187,188,0,189,190,191,192,193,194,195,196,29498,29499,29500,28941,29501,29502,29503,146,29504,29505,29506,29507,29508,29509,29510,29511,30,135,136,96,137,141,142,143,144,145,147,148,149,150,151,152,153,154,155,29512,29513,29514,29515,29516,29517,29518,29519,29520,29521,2985,29522,2415,29523,29524,29525,29526,29527,29528,29529,29530,29531,2977,29532,2408,29533,29534,29535,29536,29537,29538,29539,29540,29541,2400,29542,29543,29544,29545,29546,29547,29548,29549,29550,2392,29551,29552,29553,29554,29555,29556,29557,2941,2375,29558,29559,29560,29561,29562,29563,29564,2954,2387,29565,29566,29567,29568,29569,29570,29571,29572,2354,29573,29574,29575,29576,29577,29578,2367,29579
149,547,2356,2357,1565,2358,2184,2202,2219,2236,2359,2360,2286,2361,18,2319,2337,6,2362,2363,2364,394,2365,2366,2367,6067,7802,7803,7070,7804,7653,7670,7687,7805,7806,7735,7807,41,7767,7784,30,7808,2368,7809,767,7810,7811,7812,31212,31213,31214,31215,31216,31217,29301,31218,13375,31219,31220,31221,31222,30778,31223,2128,31224,31225,2127,5597,31226,31227,31228,31229,31230,21158,31231,31232,29302,31233,31234,31235,30366,31236,18748,30779,31237,2150,31238,31239,31240,5598,2147,31241,31242,21157,20441,21159,21007,21025,21041,21058,21160,21161,21162,107,21122,21138,96,21163,21164,21165,1775,21166,21167,21168,31243,31244,31245,31246,31247,31248,31249,31250,31251,10284,7227,31252,27185,2169,31253,31254,31255,5599,31256,31257,2164,29063,29064,29065,28909,28927,8262,28944,29066,29067,28994,29068,29027,29044,138,29069,29070,29071,2391,29072,29073,29074,29136,29154,29303,29188,7959,29206,29304,29305,29249,29306,169,29282,139,29307,29308,29309,2673,29310,29311,29312,8341,29523,29524,7109,29525,29409,29427,29526,29527,29477,29528,190,29505,140,29529,29530,29531,2977,29532,2408,29533,29742,29743,23465,29623,21672,29640,29744,29745,25111,29746,211,29709,29725,141,29747,29748,2382,3277,29749,29750,29751,29808,31258,31259,31260,31261,31262,31263,31264,31265,31266,31267,30781,31268,2258,31269,2256,31270,5603,31271,31272,31273,31274,30094,31275,31276,31277,30368,31278,31279,30782,31280,2275,31281,31282,31283,2271,31284,31285,31286,30365,30270,8312,30367,30300,30369,267,30330,30347,144,30370,30371,30372,4036,30373,30374,30375,31287,31288,31289,31290,30504,31291,31292,31293,21981,31294,31295,2310,31296,31297,31298,5604,31299,2304,31300,358,359,360,361,362,363,303,319,338,0,364,365,366,367,368,369,370,8355,30666,30780,30699,30714,30783,30744,30759,146,30784,30785,30786,4722,30787,30788,30789,30849,31017,31018,21957,31019,30916,31020,31021,30962,31022,30999,147,31023,31024,31025,4982,31026,31027,2418,135,136,137,142,143,145,148,150,151,152,153,154,155,31301,31302,31303,31304,31305,31306,31307,31308,31309,5296,31310,31311,31312,31313,31314,31315,2237,31316,31317,31318,5425,31319,31320,31321,549,31322,31323,31324,31325,31326,31327,5554,31328,31329,31330,5585,5600,5601,5602,21,5605,5606,5607,5608,31331,2188,31332,31333,5272,31334,31335,31336,31337,31338,31339,31340,31341,31342,2342,31343,31344,31345,2225,31346,31347,31348,31349
148,546,2344,2345,1564,2346,2183,2201,2218,2235,2347,2348,2285,2349,17,2318,2336,2350,6,2351,2352,2353,403,2354,2355,6066,7791,7792,7069,7793,7652,7669,7686,7794,7795,7734,7796,40,7766,7783,7797,30,7798,2379,7799,774,7800,7801,31074,31075,31076,31077,31078,31079,29289,31080,13376,31081,31082,31083,31084,30766,31085,31086,2129,2126,31087,31088,5698,31089,31090,31091,31092,21146,31093,31094,29290,31095,31096,31097,30355,31098,18749,30767,31099,31100,2151,31101,31102,2146,5699,31103,31104,21145,20440,21147,21006,21024,21040,21057,21148,21149,21150,106,21121,21137,21151,96,21152,21153,21154,1784,21155,21156,31105,31106,31107,31108,31109,31110,31111,31112,31113,10146,7215,31114,27186,31115,2170,31116,31117,31118,5700,2163,31119,29051,29052,29053,28908,28926,8261,28943,29054,29055,28993,29056,29026,29043,29057,138,29058,29059,29060,2399,29061,29062,29135,29153,29291,29187,7958,29205,29292,29293,29248,29294,168,29281,29295,139,29296,29297,29298,2682,29299,29300,8340,29512,29513,7108,29514,29408,29426,29515,29516,29476,29517,189,29504,29518,140,29519,29520,29521,2985,29522,2415,29732,29733,23316,29622,21671,29639,29734,29735,25110,29736,210,29708,29724,29737,141,2371,29738,29739,3284,29740,29741,29807,31120,31121,31122,31123,31124,31125,31126,31127,31128,31129,30769,31130,31131,2257,31132,2255,31133,5704,31134,31135,31136,30093,31137,31138,31139,30357,31140,31141,30770,31142,31143,2274,31144,31145,31146,2270,31147,31148,30354,30269,8311,30356,30299,30358,266,30329,30346,30359,144,30360,30361,30362,4045,30363,30364,31149,31150,31151,31152,30503,31153,31154,31155,21969,31156,31157,31158,2309,31159,31160,31161,5705,31162,2303,345,346,347,348,349,350,302,318,337,351,0,352,353,354,355,356,357,8354,30665,30768,30698,30713,30771,30743,30758,30772,146,30773,30774,30775,4731,30776,30777,30848,31006,31007,21956,31008,30915,31009,31010,30961,31011,30998,31012,147,31013,31014,31015,4990,2411,31016,31163,31164,31165,31166,31167,31168,31169,31170,31171,31172,5147,31173,31174,135,136,137,142,143,145,149,150,151,152,153,154,155,548,31175,31176,31177,31178,31179,31180,31181,5433,31182,31183,31184,31185,31186,2238,31187,31188,31189,31190,5562,31191,31192,31193,2187,31194,31195,5114,31196,31197,31198,31199,5686,5701,5702,5703,22,5706,5707,5708,5709,31200,31201,2224,31202,31203,31204,31205,31206,31207,31208,31209,31210,2343,31211
151,2379,2129,2149,2380,2381,2186,2204,2221,2382,2258,2273,2383,2384,20,2321,2339,2352,2364,6,2385,2386,2387,2388,2389,31474,31475,31476,31477,31478,29086,31479,31480,7706,31481,31482,31483,382,31484,31485,31184,549,546,31486,31487,10590,31488,31489,28305,28120,28135,28306,28307,28186,28202,12583,15323,28218,28308,28309,12948,12694,28268,2344,28290,135,28310,28311,28312,28313,28314,28583,28372,28584,28585,28410,28428,28448,28586,28483,28587,28588,18747,28527,28545,28557,28568,136,28589,28590,28591,28592,28593,31490,31491,31492,29087,31493,31494,31495,31496,30207,31497,383,21127,31498,31185,31322,1570,31499,31500,31501,31502,1567,31503,31504,31505,31506,31507,31508,31509,31510,30208,31511,19647,31512,27183,31513,31514,2167,31515,31516,2166,31517,31518,28854,28874,29088,28911,28929,8264,29089,28966,28981,29090,29091,29029,29046,29059,29071,138,29092,29093,29094,29095,29096,29323,29324,29325,29190,7961,29326,29223,29238,29327,29328,171,29284,29297,29309,139,29329,29330,29331,2407,29332,29544,12677,29371,29545,29546,29411,29547,29447,29464,29548,29549,192,29507,29520,29531,140,29550,2392,29551,29552,29553,29591,31519,31520,31521,31522,31523,31524,31525,31526,31527,385,31528,31529,2238,31324,2236,31530,31531,31532,31533,31534,30029,30030,30031,29855,29873,30032,29912,29927,30033,30034,17560,29974,29991,30002,2359,142,30035,30036,30037,30038,30039,30206,30092,12630,30209,30108,30210,30211,17000,30151,30168,30180,30191,143,30212,30213,30214,30215,30216,31535,30276,31536,31537,31538,31539,386,31540,31541,31187,31325,2292,31542,31543,31544,2288,31545,31546,31547,31548,31549,30502,31550,31551,31552,19692,31553,31554,31555,31556,2308,31557,2306,31558,31559,31560,66,88,384,234,252,387,305,321,340,353,366,0,388,389,390,391,392,30800,30801,30802,30803,30804,30805,30746,30761,30774,30786,146,30806,30807,30808,30809,2417,31038,30869,30886,31039,31040,31041,30935,30950,31042,31043,31001,31014,31025,147,31044,31045,2402,31046,31047,31087,31102,31186,2255,31145,31188,31171,148,31189,31190,5562,31191,31192,2127,31240,31323,31270,31283,31326,31309,149,31327,5554,31328,31329,31330,30,96,137,141,144,145,150,152,153,154,155,31561,31562,31563,31564,31565,31566,31567,31568,31569,31570,31571,31572,31573,31574,31575,5134,2340,31576,31577,31578,31579,31580,2223,31581,5292,31582,31583,31584,31585,31586,31587,31588,31589,2324,31590,31591,31592,2208,31593,31594,31595,31596,31597
150,2368,2128,2148,2369,2370,2185,2203,2220,2371,2257,2272,2372,2373,19,2320,2338,2351,2363,2374,6,2375,2376,2377,2378,31350,31351,31352,31353,31354,29075,31355,31356,7707,31357,31358,31359,371,31360,31361,548,31313,31362,547,10473,31363,31364,31365,28295,28119,28134,28296,28297,28185,28201,12582,15198,28217,28298,28299,12947,12693,28267,28279,2356,28300,135,28301,28302,28303,28304,28572,28371,28573,28574,28409,28427,28447,28575,28482,28576,28577,18746,28526,28544,28556,28567,28578,136,28579,28580,28581,28582,31366,31367,31368,29076,31369,31370,31371,31372,30196,31373,372,21128,31374,31175,31314,31375,1571,31376,31377,1566,31378,31379,31380,31381,31382,31383,31384,31385,31386,30197,31387,19522,31388,27184,31389,31390,31391,2168,2165,31392,31393,31394,28853,28873,29077,28910,28928,8263,29078,28965,28980,29079,29080,29028,29045,29058,29070,29081,138,29082,29083,29084,29085,29313,29314,29315,29189,7960,29316,29222,29237,29317,29318,170,29283,29296,29308,29319,139,29320,29321,29322,2414,29534,12676,29370,29535,29536,29410,29537,29446,29463,29538,29539,191,29506,29519,29530,29540,140,29541,2400,29542,29543,29590,31395,31396,31397,31398,31399,31400,31401,31402,31403,374,31404,31405,31177,2237,31406,2235,31407,31408,31409,31410,30018,30019,30020,29854,29872,30021,29911,29926,30022,30023,17559,29973,29990,2347,30013,30024,142,30025,30026,30027,30028,30195,30091,12629,30198,30107,30199,30200,16999,30150,30167,30179,30190,30201,143,30202,30203,30204,30205,31411,30275,31412,31413,31414,31415,375,31416,31417,31178,31316,31418,2291,31419,31420,31421,2287,31422,31423,31424,31425,30501,31426,31427,31428,19567,31429,31430,31431,31432,31433,2307,31434,2305,31435,31436,65,87,373,233,251,376,304,320,339,352,365,377,0,378,379,380,381,30790,30791,30792,30793,30794,30795,30745,30760,30773,30785,30796,146,30797,30798,2410,30799,31028,30868,30885,31029,31030,31031,30934,30949,31032,31033,31000,31013,31024,31034,147,2394,31035,31036,31037,2126,31101,31176,31132,31144,31179,31170,31180,148,31181,5433,31182,31183,31225,31239,31315,2256,31282,31317,31308,31318,149,5425,31319,31320,31321,31437,31438,31439,31440,31441,31442,31443,31444,31445,31446,31447,30,96,137,141,144,145,151,152,153,154,155,31448,31449,2222,31450,5124,31451,31452,31453,31454,31455,31456,31457,31458,5282,2341,31459,31460,31461,31462,2207,31463,31464,31465,31466,31467,31468,31469,31470,31471,2325,31472,31473
403,5686,5698,5699,1784,5700,5701,2682,5702,5703,5704,2270,4045,5705,22,4731,5706,5147,153,5433,5562,148,5707,5708,5709,70318,70375,70376,23879,70377,70378,35163,70379,70380,70381,51959,22666,402,60181,23946,64890,2398,70382,31579,7801,70383,774,70384,70487,70488,70489,70490,70491,70492,35172,13004,15531,30173,70493,70494,13008,15512,70495,70496,28312,28281,69115,2344,70497,70498,31206,70499,70500,23891,70501,70502,35173,70503,70504,70505,51969,70506,19925,60139,70507,31164,28607,67806,69116,2345,70508,70509,70510,23890,20639,23892,23893,21477,23894,23895,23896,21090,23897,111,23027,23898,23411,1569,23668,23769,1564,23899,23900,23901,70511,70512,70513,70514,70515,70516,26646,70517,30174,51970,19872,70518,27903,70519,28827,31176,70520,2346,70521,28781,70522,70523,70524,70525,70526,35175,70401,70527,70528,70529,51971,70530,60141,70531,64900,2399,67808,69117,29057,31753,70532,70533,35161,32397,35174,32873,15510,35176,35177,29235,33889,35178,173,35179,34686,2206,34946,35054,2201,35180,35181,35182,51982,14638,70534,23881,70535,70536,70537,70538,70539,51985,70540,404,60142,64901,2400,67809,2985,29519,70541,70542,31768,70543,70544,20919,35204,23911,70545,70546,70547,27853,70548,405,60154,70549,64902,2401,31458,70550,29740,70551,70552,3284,46421,70553,70554,70555,70556,70557,70558,30175,70559,70560,19901,46435,33537,70561,30026,67811,30004,2347,70562,31202,70563,30076,30089,12627,25080,30176,30119,30177,16997,30148,30165,30178,143,30179,30180,2348,30181,30182,30183,51968,49940,51972,51973,50572,51974,271,51145,51975,51502,2290,51752,51853,2285,51976,51977,51978,50750,70564,70565,70566,55276,70567,70568,70569,19913,70570,70571,70572,30645,70573,31188,2349,70574,70575,30600,68,90,132,236,254,290,406,323,407,355,368,379,390,0,408,409,410,60128,58371,60140,60143,58978,60144,59355,60145,59668,2323,59921,60027,2318,60146,60147,60148,70576,70577,70578,23924,70579,52016,45623,70580,52013,70581,70582,64905,2402,4990,69119,31014,70583,31764,70584,64897,64898,64899,64903,31143,64904,64626,64718,64807,2350,5763,64906,64907,2131,2151,2168,2260,2275,2308,2365,2376,2387,6,2403,2404,2405,31696,66957,67807,67810,67412,31159,67704,2351,67812,67813,67814,69105,68265,31117,31736,68722,69118,69013,2352,69120,69121,69122,546,2183,2218,2235,17,2336,2353,2354,2355,70585,70586,70587,70588,5308,70589,70590,70591,70592,31089,70593,31723,70594,70595,70596,70597,70598,70599,70600,31135,70601,31751,70602
394,5585,5597,5598,1775,5599,5600,2673,5601,5602,5603,2271,4036,5604,21,4722,5605,152,5296,5425,5554,5606,149,5607,5608,69281,69338,69339,23783,69340,69341,35071,69342,69343,69344,51868,22657,393,60095,23850,2390,66415,31448,69345,69346,7811,69347,767,69450,69451,69452,69453,69454,69455,35080,12996,15441,30184,69456,69457,13000,15422,69458,28301,69459,67734,28291,69460,2356,31338,69461,69462,69463,23795,69464,69465,35081,69466,69467,69468,51878,69469,19825,60053,69470,28599,31302,67735,69043,69471,2357,69472,69473,23794,20630,23796,23797,21468,23798,23799,23800,21091,23801,110,23018,23802,1568,23552,23661,23762,23803,1565,23804,23805,69474,69475,69476,69477,69478,69479,26638,69480,30185,51879,19772,69481,27806,28818,69482,69483,31323,69484,2358,69485,28791,69486,69487,69488,69489,35083,69364,69490,69491,69492,51880,69493,60055,69494,2391,66425,67736,69045,31666,29069,69495,69496,35069,32388,35082,32865,15420,35084,35085,29236,33880,35086,172,35087,2205,34824,34939,35047,35088,2202,35089,35090,51891,14630,69497,23785,69498,69499,69500,69501,69502,51894,69503,395,60056,2392,66426,2977,69046,69504,29531,31675,69505,69506,69507,20910,35112,23815,69508,69509,69510,27756,69511,396,60068,69512,2393,66427,69513,31575,69514,29751,3277,69515,46337,69516,69517,69518,69519,69520,69521,30186,69522,69523,19801,46351,33530,30036,69524,30014,69048,69525,2359,69526,31346,30077,30090,12628,25081,30187,30120,30188,16998,30149,30166,143,30189,30190,30191,30192,2360,30193,30194,51877,49931,51881,51882,50564,51883,270,51136,51884,2289,51636,51745,51846,51885,2286,51886,51887,50742,69527,69528,69529,55184,69530,69531,69532,19813,69533,69534,30638,69535,31317,69536,69537,2361,30610,69538,67,89,131,235,253,289,397,322,398,354,367,378,389,399,0,400,401,60042,58362,60054,60057,58969,60058,59348,60059,2322,59801,59914,60020,60060,2319,60061,60062,69539,69540,69541,23828,69542,51925,45616,69543,51922,69544,69545,2394,66430,67738,4982,69546,31024,69547,31683,2130,2150,2167,2259,2274,2307,2353,2375,2386,2395,6,2396,2397,66422,66423,66424,66428,31281,66429,66212,66308,66395,5662,2362,66431,66432,67724,66950,31254,31648,67407,67737,67697,67739,2363,67740,67741,31610,68260,69044,69047,68715,31298,69006,69049,2364,69050,69051,69548,69549,69550,69551,5143,69552,69553,69554,69555,547,2184,2219,2236,18,2337,2365,2366,2367,69556,69557,69558,31272,69559,31663,69560,31228,69561,31637,69562,69563,69564,69565
155,553,2413,2153,1571,2170,2190,2414,2415,2242,2416,2277,2292,2310,24,2417,2418,2355,2367,2378,2389,2397,2405,6,2419,6073,7852,7624,7076,7641,7659,7853,7854,7855,7728,7741,7759,47,7856,7857,7801,7812,7822,7832,7838,2398,30,7858,31846,31847,28617,31848,31849,31850,31851,31852,13378,30240,31853,31854,20111,31855,31856,31857,31858,31468,31592,2133,31766,2131,31859,28357,28376,20977,28393,28414,28618,28619,28470,28620,28502,28517,18751,28621,28622,28560,28571,28582,28593,28601,28609,136,28623,21210,20447,20994,21013,21211,21212,21064,21213,21097,21113,113,21214,21215,21156,21168,2369,21186,21194,21202,96,21216,28639,28834,28674,28691,28835,28836,25101,28837,28758,7357,7057,28838,28071,2346,28793,28802,28811,28819,28827,137,28839,29119,28878,28895,28915,29120,10870,28950,29121,28985,29000,29018,29122,29123,29062,29074,29085,29096,29104,29112,138,29124,31860,31861,31862,31863,10859,31864,31865,30241,29250,31866,419,31867,31207,31345,31469,2208,31679,31767,2203,31868,9652,31869,31870,7276,31871,31872,31873,31874,31875,31876,29490,420,31877,31208,2225,31470,31593,31878,31879,2218,31880,29790,29613,20733,29791,24081,29646,29792,29684,25117,29701,217,29793,29794,29741,29751,29761,29771,2393,29783,141,29795,29809,31881,31882,31883,31884,31885,31886,30243,31887,31888,20077,31889,31890,31891,31892,31471,31594,31681,2262,2259,31893,30083,30096,30242,25087,30112,30126,30140,17004,30244,30245,30183,30194,30205,30216,30224,30232,143,30246,30416,30417,10873,30418,30306,30321,273,30419,30420,30364,30375,30384,2383,30401,30409,144,30421,30439,30654,30473,30655,30656,30521,30657,30556,17841,30658,30659,30601,2361,30621,30630,30638,30646,145,30660,418,92,134,421,256,292,309,422,423,357,370,381,392,401,410,0,424,10874,30668,31894,31895,31896,31897,31898,31899,31210,31347,2325,31595,31682,31769,2321,31900,31901,31902,31903,22030,30899,31904,31905,31906,31907,31908,31909,2343,31348,31472,31596,31910,31911,2337,31912,31206,31104,31119,31209,31148,2303,31174,31183,31192,31199,5709,148,31211,31344,31242,2164,31346,31286,31300,31312,31321,31330,5608,31337,149,31349,31365,31378,31394,31410,2287,31436,31447,31454,31461,150,31473,31489,1567,31518,31534,31545,31560,31571,31578,31585,151,31597,550,31624,31680,31651,5145,31683,31672,152,31684,31699,31711,31768,2240,5310,31770,31759,153,31771,135,139,140,142,146,147,154,31913,31914,31915,31916,31917,31918,31919
154,552,2406,2152,1570,2169,2189,2407,2408,2241,2409,2276,2291,2309,23,2410,2411,2354,2366,2377,2388,2396,2404,2412,6,6072,7845,7623,7075,7640,7658,7846,7847,7848,7727,7740,7758,46,7849,7850,7800,7811,7821,7831,2390,7844,7851,30,31772,31773,28610,31774,31775,31776,31777,31778,13377,30233,31779,31780,20031,31781,31782,31783,31784,31462,31586,31673,2132,31785,2130,28356,28375,20976,28392,28413,28611,28612,28469,28613,28501,28516,18750,28614,28615,28559,28570,28581,28592,28600,28608,28616,136,21203,20446,20993,21012,21204,21205,21063,21206,21096,21112,112,21207,21208,21155,21167,21177,2380,21193,21201,21209,96,28638,28828,28673,28690,28829,28830,25100,28831,28757,7356,7056,28832,27994,28782,2358,28801,28810,28818,28826,28833,137,29113,28877,28894,28914,29114,10789,28949,29115,28984,28999,29017,29116,29117,29061,29073,29084,29095,29103,29111,29118,138,31786,31787,31788,31789,10778,31790,31791,30234,29251,31792,412,31793,31201,31339,2207,31587,31674,31760,31794,2204,9645,31795,31796,7269,31797,31798,31799,31800,31801,31802,29491,413,31803,2224,31340,31463,31588,31804,31805,31806,2219,29784,29612,20732,29785,24005,29645,29786,29683,25116,29700,216,29787,29788,29740,29750,29760,29770,29777,2401,29789,141,29810,31807,31808,31809,31810,31811,31812,30236,31813,31814,19997,31815,31816,31817,31818,31464,31589,2261,31762,31819,2260,30082,30095,30235,25086,30111,30125,30139,17003,30237,30238,30182,30193,30204,30215,30223,30231,30239,143,30410,30411,10792,30412,30305,30320,272,30413,30414,30363,30374,2372,30393,30400,30408,30415,144,30438,30647,30472,30648,30649,30520,30650,30555,17840,30651,30652,2349,30612,30620,30629,30637,30645,30653,145,411,91,133,414,255,291,308,415,416,356,369,380,391,400,409,417,0,10793,30667,31820,31821,31822,31823,31824,31825,31203,31342,31465,2324,31676,31763,31826,2320,31827,31828,31829,22023,30898,31830,31831,31832,31833,31834,31835,31204,2342,31466,31590,31836,31837,31838,2336,31200,31103,2163,31202,31147,31162,31173,31182,31191,31198,5708,31205,148,31338,31241,31257,31341,31285,2304,31311,31320,31329,5607,31336,31343,149,31364,1566,31393,31409,31421,31435,31446,31453,31460,31467,150,31488,31502,31517,31533,2288,31559,31570,31577,31584,31591,151,31612,31623,31675,2239,5144,31677,31671,31678,152,551,31710,31761,31738,5309,31764,31758,31765,153,31839,31840,31841,31842,31843,31844,31845,135,139,140,142,146,147,155
200,2200,3008,3027,3058,3059,2228,3060,2520,3061,3062,3063,2566,3064,2612,9,3065,3066,3067,3068,3069,3070,3071,3072,3073,29273,29274,28479,29275,29276,28925,29186,139,221,29277,29278,29279,167,147,29280,29281,29282,29283,29284,29285,29286,29287,29288,39220,39166,39186,39221,39222,29584,39223,39224,39225,39226,39227,17843,30906,197,29587,39228,39229,39230,39231,39232,39233,39234,39235,39480,39427,39481,39482,39465,39483,39484,39485,39486,33819,39487,18704,198,39488,39489,39490,39491,39492,39493,39494,39495,39496,39885,39886,39887,29614,39888,39889,39890,39891,39892,39893,34363,21937,39894,39895,39896,39897,39898,39899,39900,39901,39902,39903,39904,39905,39906,39907,39908,39909,22320,39204,33820,34361,21799,39804,39910,39911,39912,39913,39914,39915,39916,39917,29583,29600,29615,28936,29616,161,29617,29618,29619,29247,29620,141,29621,29622,29623,29624,29625,29626,29627,29628,29629,39918,39919,39920,39921,32805,39922,39923,39924,39925,39926,34394,39927,39928,39929,39930,39931,39932,39933,39934,39935,166,33276,33277,32254,33278,33179,33198,33279,33280,33249,33281,33282,201,33283,33284,33285,33286,33287,33288,33289,33290,39936,39937,39938,39939,39940,39941,39942,39943,33821,39944,34395,21851,29632,39945,39946,39947,39948,39949,39950,39951,39952,39953,39954,39446,29659,29657,39955,39956,39716,39957,39958,39959,203,39960,39961,39962,39963,39964,39965,39966,39967,39968,39969,39970,39243,39971,39972,33823,39973,39974,204,39975,39976,39977,39978,39979,39980,39981,39982,39983,33818,33765,164,33822,33824,33825,33809,21362,33826,33827,33828,33829,33830,33831,33832,33833,33834,39984,39985,39986,39987,39988,39989,39990,39991,39992,21891,39993,39994,39995,39996,39997,39998,39999,40000,40001,34391,34392,34393,34396,34397,34398,34240,207,30909,34399,34400,34401,34402,34403,34404,34405,34406,0,99,199,202,205,206,208,209,210,211,212,213,214,215,216,217,40002,40003,39542,40004,40005,40006,40007,40008,40009,40010,40011,40012,40013,40014,40015,40016,40017,40018,40019,40020,40021,40022,40023,40024,40025,40026,5372,40027,40028,40029,40030,40031,40032,40033,40034,40035,40036,40037,40038,40039,5501,40040,40041,40042,40043,40044,40045,40046,40047,40048,40049,40050,40051,40052,40053,3299,40054,40055,40056,40057,40058,40059,40060,40061,40062,3292,40063,40064,40065,40066,40067,40068,40069,40070,40071,40072,40073,40074,40075,40076,40077,40078,40079,40080,40081,40082,40083,40084,40085,3265,40086,40087,40088,40089,40090,40091,3276,40092,40093
258,3862,3847,1338,3863,1000,2279,3864,3865,2872,3866,3690,2562,3450,3867,12,3868,3869,3870,3871,3872,3873,3874,3875,3876,49774,49775,49776,49777,49778,30264,49779,7730,9020,49780,33762,49781,8993,334,49782,49783,49784,49785,49786,49787,49788,49789,49790,49590,49559,13878,49591,49592,30251,49593,49594,49595,47751,49596,18335,49597,257,18384,49598,49599,49600,49601,49602,49603,49604,49605,18269,16155,18270,11772,17006,18271,18272,17566,18273,17267,18122,18274,80,18275,18276,18277,18278,18279,18280,18281,18282,18283,49791,49792,13831,30265,49793,49794,37677,49795,47766,44860,49796,314,49797,49798,49799,49800,49801,49802,49803,49804,49805,13830,13815,11463,12636,13832,13833,13188,8783,13666,12891,13834,58,13835,13836,13837,13838,13839,13840,13841,13842,13843,30250,28488,28224,28987,30266,8305,29470,30267,30114,29244,29932,144,30268,30269,30270,30271,30272,30273,30274,30275,30276,49806,49807,49808,49809,49613,49810,49811,47767,49812,49813,49814,49815,49816,49817,49818,49819,49820,49821,49822,49823,8992,47781,13879,49824,49825,49826,49827,49828,47784,49829,49830,35556,259,49831,49832,49833,49834,49835,49836,49837,49838,37662,36106,35852,37678,37679,36848,37680,37533,32998,37332,37681,185,25104,37682,37683,37684,37685,37686,37687,37688,37689,49839,49840,16712,30284,18290,49841,49842,26237,49843,49844,35558,260,49845,49846,49847,49848,49849,49850,49851,49852,49853,47765,46974,47768,47217,47617,33617,44719,47769,244,47770,47771,47772,47773,47774,47775,47776,47777,47778,33748,33763,7999,25365,32755,33427,33764,164,33765,33766,33767,33768,33769,33770,33771,33772,33773,44859,40948,43729,44861,44862,43974,44863,44520,44864,226,44865,44866,44867,44868,44869,44870,44871,44872,44873,49616,49854,49855,49856,49857,49858,49859,263,49860,49861,49862,49863,49864,49865,49866,49867,49868,35,0,123,205,261,262,264,265,266,267,268,269,270,271,272,273,49869,49870,18309,49871,49872,41200,47843,47842,49873,49874,49875,49876,49877,49878,49879,49880,49881,49882,49883,49884,49885,49886,49887,49888,49889,49890,49891,49892,49893,49894,49895,49896,49897,49898,49899,49900,49901,49902,49903,49904,49905,49906,49907,49908,49909,49910,49911,49912,49913,49914,49915,49916,49917,49918,49919,4061,49920,49921,49922,49923,49924,49925,49926,49927,49928,4054,49929,49930,49931,49932,49933,49934,49935,49936,49937,49938,49939,49940,49941,49942,49943,49944,49945,49946,49947,49948,49949,49950,49951,375,49952,49953,49954,49955,49956,49957,386,49958,49959
277,4120,4089,929,4121,927,4106,4122,4123,4124,1265,2576,2561,4125,4126,13,4127,4128,4129,4130,4131,4132,4133,4134,4135,52904,52905,52906,52907,52908,52733,52909,52252,52302,52910,33745,52911,52273,22609,52912,52913,52914,52915,52916,52917,52918,52919,52920,52509,52462,12905,52510,52511,52496,52512,52513,52514,33927,52515,18538,52516,275,18592,52517,52518,52519,52520,52521,52522,52523,52524,12904,11721,12795,54,12906,12907,12908,12909,12910,12893,12911,12912,81,12913,12914,12915,12916,12917,12918,12919,12920,12921,52921,52922,12794,52734,52923,52924,52925,52926,33928,52927,52928,22589,52929,52930,52931,52932,52933,52934,52935,52936,52937,12876,11390,11347,12877,12828,11411,12878,163,12879,12880,12881,57,333,12882,12883,12884,12885,12886,12887,12888,12889,52685,52700,52735,52719,52736,52270,52737,52738,30069,33747,52739,276,52740,52741,52742,52743,52744,52745,52746,52747,52748,52938,52939,52940,52941,52532,52942,12830,33930,52943,52944,52945,52946,52947,52948,52949,52950,52951,52952,52953,52954,50834,47975,13683,52955,52956,52957,52958,52959,33963,52960,52961,52962,278,52963,52964,52965,52966,52967,52968,52969,52970,52971,12792,52972,52973,52974,52975,52976,52977,12864,52978,52979,21100,21099,52980,52981,52982,52983,52984,52985,52986,52987,17280,12793,76,17281,17282,17283,17284,165,17269,17285,17286,280,17287,17288,17289,17290,17291,17292,17293,17294,17295,33926,33929,33931,33932,33631,33616,33933,33934,245,33935,33936,33937,33938,33939,33940,33941,33942,33943,33746,33748,33749,164,33750,33751,33752,21358,33753,33754,33755,33756,33757,33758,33759,33760,33761,52988,47991,52989,52990,52991,52992,52993,52994,52995,18523,52996,52997,52998,52999,53000,53001,53002,53003,53004,52535,53005,53006,53007,53008,53009,53010,282,53011,53012,53013,53014,53015,53016,53017,53018,53019,274,102,0,279,262,281,283,284,285,286,287,288,289,290,291,292,53020,53021,18526,53022,53023,53024,48022,48021,53025,53026,53027,53028,53029,53030,53031,53032,53033,53034,53035,53036,53037,53038,53039,53040,53041,53042,53043,53044,53045,53046,53047,53048,53049,53050,53051,53052,53053,53054,53055,53056,53057,53058,53059,53060,53061,53062,53063,53064,53065,53066,53067,53068,5400,53069,53070,4325,53071,53072,53073,53074,53075,53076,53077,53078,5529,4318,53079,53080,53081,53082,53083,53084,53085,53086,53087,53088,53089,53090,53091,53092,53093,53094,53095,53096,53097,53098,53099,53100,53101,4288,53102,53103,53104,53105,53106,53107,4298,53108,53109
31,554,454,476,555,556,538,557,558,559,560,561,562,563,564,1,565,566,567,568,569,570,571,572,573,7859,7860,7861,7862,7863,7660,7864,6058,6118,7865,7866,7867,6085,6065,7868,7869,7870,7871,7872,7873,7874,7875,7876,6441,6342,6364,6442,6443,6425,6444,6445,6446,6447,6448,6449,6450,26,6451,6452,6453,6454,6455,6456,6457,6458,6459,6774,6700,6775,6776,6757,6777,6778,6779,6780,6781,6782,6783,27,6784,6785,6786,6787,6788,6789,6790,6791,6792,7877,7878,7879,7661,7880,7881,7882,7883,7884,7885,7886,7184,7887,7888,7889,7890,7891,7892,7893,7894,7895,7896,7897,7898,7899,7900,7901,7902,7365,6404,7903,7904,6362,7504,7905,7906,7907,7908,7909,7910,7911,7912,7592,7609,7662,7646,7663,6079,7664,7665,7666,7667,7668,30,156,7669,7670,7671,7672,7673,7674,7675,7676,7913,7914,7915,7916,6467,7917,7918,7919,7920,7921,7922,7923,7924,7925,7926,7927,7928,7929,7930,7931,6084,6472,6365,7932,7933,7934,7935,7936,7937,7938,7939,7940,32,7941,7942,7943,7944,7945,7946,7947,7948,53,7949,7950,7951,7952,7953,7954,7955,7956,7957,160,140,139,7958,7959,7960,7961,7962,7963,7964,7965,7966,7967,6738,7705,6801,7968,7969,7367,7970,7971,7972,33,7973,7974,7975,7976,7977,7978,7979,7980,7981,7982,7983,6468,7984,7985,7986,7987,7988,34,7989,7990,7991,7992,7993,7994,7995,7996,7997,7998,7999,6082,7366,8000,8001,8002,7085,164,8003,8004,8005,8006,8007,8008,8009,8010,8011,8012,8013,8014,8015,8016,8017,8018,8019,6839,8020,8021,8022,8023,8024,8025,8026,8027,8028,6471,8029,8030,8031,8032,8033,8034,37,8035,8036,8037,8038,8039,8040,8041,8042,8043,25,28,29,0,35,36,38,39,40,41,42,43,44,45,46,47,8044,8045,6842,8046,8047,166,8048,8049,8050,8051,8052,8053,8054,8055,8056,8057,8058,8059,8060,8061,8062,8063,8064,8065,8066,8067,8068,5457,8069,8070,8071,8072,8073,8074,8075,8076,8077,8078,8079,5328,8080,8081,8082,8083,8084,8085,8086,8087,8088,8089,8090,8091,8092,8093,8094,788,8095,8096,8097,8098,8099,8100,8101,8102,8103,781,8104,8105,8106,8107,8108,8109,8110,8111,8112,8113,8114,8115,8116,8117,8118,8119,8120,8121,8122,8123,8124,8125,8126,754,8127,8128,8129,8130,8131,8132,765,8133,8134
97,1572,1499,1201,1573,1574,1556,1575,1576,1577,1578,1579,1580,1581,1582,4,1583,1584,1585,1586,1587,1588,1589,1590,1591,21217,21218,21219,21220,21221,21014,21222,7062,7118,21223,21224,21225,7088,7068,21226,21227,21228,21229,21230,21231,21232,21233,21234,20216,20150,16295,20217,20218,20203,20219,20220,20221,11958,20222,6815,9910,93,16476,20223,20224,20225,20226,20227,20228,20229,20230,16364,16021,16365,16366,16348,16367,16368,16369,16370,16371,16372,16373,73,16374,16375,16376,16377,16378,16379,16380,16381,16382,21235,21236,21237,21015,21238,21239,21240,21241,21242,21243,21244,20560,21245,21246,21247,21248,21249,21250,21251,21252,21253,21254,21255,21256,21257,21258,21259,21260,20741,20186,21261,21262,16293,20861,21263,21264,21265,21266,21267,21268,21269,21270,20947,20964,21016,20999,21017,7082,21018,21019,21020,21021,21022,96,21023,21024,21025,21026,21027,21028,21029,21030,21031,21271,21272,21273,21274,20238,21275,21276,21277,21278,21279,21280,21281,21282,21283,21284,21285,21286,21287,21288,21289,7087,20243,16296,21290,21291,21292,21293,21294,21295,21296,21297,21298,98,21299,21300,21301,21302,21303,21304,21305,21306,21307,21308,21309,21310,21311,21312,21313,21314,21315,21316,21317,20477,21050,21318,21319,21320,21321,21322,21323,21324,21325,21326,21327,16331,21076,16391,21328,21329,20743,21330,21331,21332,100,21333,21334,21335,21336,21337,21338,21339,21340,21341,21342,21343,20239,21344,21345,21346,21347,21348,101,21349,21350,21351,21352,21353,21354,21355,21356,21357,21358,164,7085,20742,21359,21360,21361,20456,21362,21363,21364,21365,21366,21367,21368,21369,21370,21371,21372,21373,21374,21375,21376,21377,21378,21379,16427,21380,21381,21382,21383,21384,21385,21386,21387,21388,20242,21389,21390,21391,21392,21393,21394,103,9913,21395,21396,21397,21398,21399,21400,21401,21402,28,94,95,99,0,102,104,105,106,107,108,109,110,111,112,113,21403,21404,16430,21405,21406,21407,21408,21409,21410,21411,21412,21413,21414,21415,21416,21417,21418,21419,21420,21421,21422,21423,21424,21425,21426,21427,21428,21429,21430,21431,21432,21433,21434,21435,21436,21437,21438,21439,21440,21441,21442,21443,21444,21445,21446,21447,21448,21449,21450,21451,21452,21453,21454,21455,21456,1800,21457,21458,21459,21460,21461,21462,21463,21464,21465,1793,21466,21467,21468,21469,21470,21471,21472,21473,21474,21475,21476,21477,21478,21479,21480,21481,21482,21483,21484,21485,21486,21487,21488,1764,21489,21490,21491,21492,21493,21494,1773,21495,21496
118,1884,1259,1220,1885,1886,1867,1887,1888,1889,1890,1891,1892,1893,1894,5,1895,1896,1897,1898,1899,1900,1901,1902,1903,25225,25226,25227,25228,25229,25002,25230,20982,24223,25231,25232,25233,24193,20862,25234,25235,25236,25237,25238,25239,25240,25241,25242,17181,17182,16078,17166,17183,17184,17185,17186,17187,158,17188,76,17189,115,16763,17190,17191,17192,17193,17194,17195,17196,17197,16636,16040,16637,16638,16619,16639,16640,16641,16642,16643,162,16644,74,16645,16646,16647,16648,16649,16650,16651,16652,16653,25243,25244,25245,25003,25246,25247,25248,25249,25250,25251,25252,20843,25253,25254,25255,25256,25257,25258,25259,25260,25261,25262,25263,25264,25265,25266,25267,25268,24708,24417,25269,25270,16579,24842,25271,25272,25273,25274,25275,25276,25277,25278,24932,24949,25004,24986,25005,24187,25006,25007,25008,25009,25010,117,25011,25012,25013,25014,25015,25016,25017,25018,25019,25279,25280,25281,25282,24458,25283,25284,25285,25286,25287,25288,25289,25290,25291,25292,25293,25294,25295,25296,25297,24192,24463,16581,25298,25299,25300,25301,25302,25303,25304,25305,25306,119,25307,25308,25309,25310,25311,25312,25313,25314,25315,25316,25317,25318,25319,25320,25321,25322,25323,25324,25325,20763,25039,25326,25327,25328,25329,25330,25331,25332,25333,25334,25335,16599,25065,16662,25336,25337,24710,25338,25339,25340,121,25341,25342,25343,25344,25345,25346,25347,25348,25349,25350,25351,24459,25352,12280,25353,25354,25355,122,25356,25357,25358,25359,25360,25361,25362,25363,25364,164,25365,24190,24709,25366,25367,25368,20742,25369,25370,25371,25372,25373,25374,25375,25376,25377,25378,163,25379,25380,184,25381,25382,25383,25384,225,25385,25386,25387,25388,25389,25390,25391,25392,25393,24462,25394,25395,25396,25397,25398,25399,124,25400,25401,25402,25403,25404,25405,25406,25407,25408,114,95,116,120,123,0,125,126,127,128,129,130,131,132,133,134,25409,25410,16703,25411,25412,25413,25414,25415,25416,25417,25418,25419,25420,25421,25422,25423,25424,25425,25426,25427,25428,25429,25430,25431,25432,25433,25434,25435,25436,25437,25438,25439,25440,25441,25442,25443,25444,25445,25446,25447,25448,25449,25450,25451,25452,25453,25454,25455,25456,25457,25458,25459,25460,5357,25461,2109,25462,25463,25464,25465,25466,25467,25468,5486,25469,2102,25470,25471,25472,25473,25474,25475,25476,25477,25478,25479,25480,25481,25482,25483,25484,25485,25486,25487,25488,25489,25490,25491,25492,2072,25493,25494,25495,25496,25497,25498,2082,25499,25500
159,2474,924,1260,2475,2476,2194,2477,947,2478,2479,2480,2481,2482,2483,7,2484,2485,2486,2487,2488,2489,2490,2491,2492,32630,32631,32632,32633,32634,29177,32635,29130,8487,32636,32637,32638,32014,29134,32639,32640,32641,32642,32643,32644,32645,32646,32647,12823,11387,11717,12824,12825,12575,12826,11410,12827,12828,12829,12830,12831,54,327,12832,12833,12834,12835,12836,12837,12838,12839,17198,16079,17199,17200,16922,17201,11739,17202,17203,17204,17205,17206,76,17207,17208,17209,17210,17211,17212,17213,17214,17215,32648,32649,32650,29178,32651,32652,32653,32654,32655,32656,32657,22930,32658,32659,32660,32661,32662,32663,32664,32665,32666,32667,32668,32669,32670,32671,32672,32673,12277,12810,32674,32675,11716,12411,32676,32677,32678,32679,32680,32681,32682,32683,28194,28418,29179,28919,29180,7951,29181,29182,29183,29184,29185,139,29186,29187,29188,29189,29190,29191,29192,29193,29194,32684,32685,32686,32687,12844,32688,32689,32690,32691,32692,32693,32694,32695,32696,32697,32698,32699,32700,32701,32702,7923,55,11718,13154,13155,13156,13157,13158,13159,13160,13161,13162,160,13163,13164,13165,13166,13167,13168,13169,13170,32703,32704,32705,32706,32707,32708,32709,32710,32711,32712,32713,29199,29198,32714,32715,32716,32717,32718,32719,32720,32721,32722,32723,17185,29219,183,32724,32725,25380,32726,32727,32728,162,32729,32730,32731,32732,32733,32734,32735,32736,32737,32738,32739,12845,32740,32741,32742,32743,32744,163,32745,32746,32747,32748,32749,32750,32751,32752,32753,32754,32755,32012,32490,32756,32757,32758,32216,32759,32760,32761,32762,32763,32764,32765,32766,32767,32768,32769,32770,32771,32772,32773,32774,32775,32776,17256,32777,32778,32779,32780,32781,32782,32783,32784,32785,12848,32786,32787,32788,32789,32790,32791,166,32792,32793,32794,32795,32796,32797,32798,32799,32800,156,157,158,161,164,165,0,167,168,169,170,171,172,173,174,175,32801,32802,17258,32803,32804,32805,230,32806,32807,32808,32809,32810,32811,32812,32813,32814,32815,32816,32817,32818,32819,32820,32821,32822,32823,32824,32825,32826,32827,32828,32829,32830,32831,32832,32833,32834,32835,32836,32837,32838,32839,32840,32841,32842,32843,32844,32845,32846,32847,32848,32849,32850,32851,32852,32853,2697,32854,32855,32856,32857,32858,32859,32860,32861,32862,2691,32863,32864,32865,15432,32866,32867,32868,32869,32870,32871,32872,32873,15522,32874,32875,32876,32877,32878,32879,32880,32881,32882,32883,2661,32884,32885,32886,32887,32888,32889,2671,32890,32891
160,564,952,845,2493,2494,559,947,2495,2496,2497,2498,2499,2500,2501,8,7,2502,2503,2504,2505,2506,2507,2508,2509,6085,6471,8029,7886,8030,31,7922,7940,8031,8032,8002,8033,8034,37,8035,8036,8037,8038,8039,8040,8041,8042,8043,13232,13053,11733,13233,13234,12596,55,13127,12611,241,13235,13236,293,177,61,13237,13238,13239,13240,13241,13242,13243,13244,11732,11734,11735,11736,11698,11718,11737,11738,11739,11740,11741,11742,178,50,11743,11744,11745,11746,11747,11748,11749,11750,32892,32893,32894,7882,32895,32896,29147,32897,32898,8019,32228,22871,8046,32899,32900,32901,32902,32903,32904,32905,32906,32907,32908,32909,32910,32911,32912,32913,32914,32915,32916,32917,32918,27163,32919,32920,32921,32922,32923,32924,32925,32926,53,7949,7950,7664,7951,7952,7953,7954,7955,7956,7957,140,139,7958,7959,7960,7961,7962,7963,7964,7965,7923,13154,13155,12844,13156,13157,13158,13159,13160,13161,13162,159,13163,13164,13165,13166,13167,13168,13169,13170,32927,32928,32929,32930,32931,32932,32933,32934,32935,32936,32937,32938,181,32939,32940,32941,32942,32943,32944,32945,32946,32947,32948,32949,29181,32950,32951,32952,32953,32954,32955,29199,29419,28920,32956,32957,32958,32959,32960,32961,32962,32963,32964,32965,32966,29182,29443,32967,32968,32969,32970,32971,32972,183,32689,32973,32974,32975,32976,32977,32978,32979,32980,32981,32982,32983,32984,32985,32986,32987,32988,184,25380,32989,32990,32991,32992,32993,32994,32995,32996,32997,32998,32999,33000,33001,33002,33003,33004,29203,33005,33006,33007,33008,33009,33010,33011,33012,33013,33014,8001,13177,33015,33016,33017,33018,32237,17222,32507,33019,33020,33021,33022,33023,33024,33025,33026,33027,33028,33029,32728,33030,33031,33032,187,166,33033,33034,33035,33036,33037,33038,33039,33040,176,179,180,182,185,186,188,0,189,190,191,192,193,194,195,196,156,54,76,157,158,161,162,163,164,165,167,168,169,170,171,172,173,174,175,33041,33042,33043,33044,33045,33046,33047,33048,33049,33050,33051,33052,2698,33053,33054,33055,33056,33057,33058,33059,33060,33061,33062,33063,2692,33064,33065,33066,33067,33068,33069,33070,33071,33072,2683,33073,2999,33074,33075,33076,33077,33078,33079,33080,2674,33081,2993,33082,33083,33084,33085,33086,33087,2659,33088,33089,33090,33091,33092,33093,33094,33095,2670,33096,33097,33098,33099,33100,33101,33102,2964,2637,33103,33104,33105,33106,33107,2975,2651,33108
169,2431,2639,2640,2450,2641,2202,2486,2503,2522,2642,2643,2568,2644,2601,18,2619,7,2645,2646,2647,2648,2649,2650,2651,31933,32100,32101,31981,32102,29136,32016,7670,10300,32103,32047,32104,8054,7784,32082,156,32105,2652,32106,32107,32108,32109,32110,34703,34704,34705,34706,34707,31218,32831,34708,12870,34709,34710,34711,34712,358,31222,934,34713,34714,933,34715,34716,34717,15145,34718,34719,32357,34720,34721,32832,34722,34723,34724,33849,34725,17307,359,34726,1272,34727,34728,34729,34730,1269,34731,34732,32356,32185,32358,29154,32221,32240,32256,32359,32360,32361,32318,22934,32336,157,32362,32363,32364,32365,32366,32367,32368,34733,34734,34735,34736,34737,34738,34739,34740,34741,33850,34742,23438,27172,2472,34743,34744,34745,34746,34747,34748,2467,29301,29302,29303,28927,29188,7959,29206,29304,29305,29249,29306,149,29282,139,29307,29308,29309,2673,29310,29311,29312,32641,32660,32833,32696,13164,32715,32834,32835,32761,32836,32794,32811,159,32837,32838,32839,32840,32841,32842,32843,8037,33053,33054,32900,33055,32940,32957,33056,33057,33006,33058,33034,190,160,33059,33060,33061,33062,33063,2692,33064,33303,33304,33305,33163,33181,33201,33306,33307,33252,33308,33284,21672,29623,161,33309,33310,2665,33311,33312,33313,33314,33370,34749,34750,31268,31267,34751,34752,34753,34754,34755,34756,361,34757,2540,34758,2538,34759,34760,34761,34762,34763,34764,33582,34765,34766,34767,33852,34768,34769,362,34770,2558,34771,34772,34773,2554,34774,34775,34776,33848,33767,8004,33851,33782,33853,33811,21364,33828,164,33854,33855,33856,33857,33858,33859,33860,34777,34778,34779,34780,33991,34781,34782,34783,34784,23486,34785,2592,34786,34787,34788,34789,34790,2586,34791,34265,34266,34267,34268,34269,34270,34231,303,34246,166,34271,34272,34273,34274,2685,34275,34276,41,107,360,211,267,363,319,338,0,364,365,366,367,368,369,370,34335,34501,34502,34369,34503,34400,34504,34505,34445,34506,34482,167,34507,34508,34509,34510,34511,34512,2700,54,76,158,162,163,165,168,170,171,172,173,174,175,34792,34793,34794,34795,34796,34797,34798,34799,34800,34801,34802,34803,34804,34805,34806,34807,2523,34808,34809,34810,34811,34812,34813,5318,2433,34814,34815,34816,34817,34818,34819,34820,34821,5312,34822,34823,34824,34825,34826,2604,34827,34828,34829,34830,34831,2206,34832,34833,34834,34835,34836,34837,34838,34839,34840,34841,34842,5283,2624,34843,34844,34845,2509,34846,5294,34847,34848
168,2430,2626,2627,2449,2628,2201,2485,2502,2521,2629,2630,2567,2631,2600,17,2618,2632,7,2633,2634,2635,2636,2637,2638,31932,32089,32090,31980,32091,29135,32015,7669,10162,32092,32046,32093,8053,7783,32081,32094,156,32095,2662,32096,32097,32098,32099,34557,34558,34559,34560,34561,31080,32818,34562,12871,34563,34564,34565,34566,345,31084,34567,935,932,34568,34569,34570,15020,34571,34572,34573,32344,34574,34575,32819,34576,34577,34578,33836,34579,17308,346,34580,34581,1273,34582,34583,1268,34584,34585,34586,32343,32184,32345,29153,32220,32239,32255,32346,32347,32348,32317,22933,32335,32349,157,32350,32351,32352,32353,32354,32355,34587,34588,34589,34590,34591,34592,34593,34594,34595,33837,34596,23289,27173,34597,2473,34598,34599,34600,34601,2466,34602,29289,29290,29291,28926,29187,7958,29205,29292,29293,29248,29294,148,29281,29295,139,29296,29297,29298,2682,29299,29300,32640,32659,32820,32695,13163,32714,32821,32822,32760,32823,32793,32810,32824,159,32825,32826,32827,32828,32829,32830,8036,33041,33042,32899,33043,32939,32956,33044,33045,33005,33046,33033,189,33047,160,33048,33049,33050,33051,33052,2698,33291,33292,33293,33162,33180,33200,33294,33295,33251,33296,33283,21671,29622,33297,161,2655,33298,33299,33300,33301,33302,33369,34603,34604,31130,31129,34605,34606,34607,34608,34609,34610,348,34611,34612,2539,34613,2537,34614,34615,34616,34617,34618,33581,34619,34620,34621,33839,34622,34623,349,34624,34625,2557,34626,34627,34628,2553,34629,34630,33835,33766,8003,33838,33781,33840,33810,21363,33827,33841,164,33842,33843,33844,33845,33846,33847,34631,34632,34633,34634,33990,34635,34636,34637,34638,23337,34639,34640,2591,34641,34642,34643,34644,34645,2585,34253,34254,34255,34256,34257,34258,34230,302,34245,34259,166,34260,34261,2676,34262,34263,34264,40,106,347,210,266,350,318,337,351,0,352,353,354,355,356,357,34334,34489,34490,34368,34491,34399,34492,34493,34444,34494,34481,34495,167,34496,34497,34498,34499,2694,34500,34646,34647,34648,34649,34650,34651,34652,34653,34654,34655,34656,34657,34658,54,76,158,162,163,165,169,170,171,172,173,174,175,2432,34659,34660,34661,34662,34663,34664,34665,34666,34667,5161,34668,34669,34670,2524,34671,34672,34673,34674,34675,5155,34676,34677,2205,34678,34679,34680,34681,34682,34683,34684,34685,34686,34687,34688,2605,34689,34690,34691,34692,34693,34694,2508,34695,5126,34696,34697,34698,34699,34700,34701,5137,2625,34702
