317,544,931,1406,4660,4661,2317,16,15,4662,4663,990,4664,4665,690,1072,4666,4667,4668,4669,4670,4671,4672,4673,4674,6106,6432,7615,7760,7761,7651,30,7685,7704,7719,7762,7763,38,7764,7765,7766,7767,7768,7769,7770,7771,7772,7773,12936,12937,84,12938,12939,135,327,54,12940,12941,12942,12943,12927,62,12944,12945,12946,12947,12948,12949,12950,12951,12952,19130,19072,19131,19132,19133,328,18175,19134,19135,19136,19137,18727,14696,19138,19139,19140,19141,19142,19143,19144,19145,19146,19086,59373,59374,30751,59375,56897,59376,59377,13728,59378,9677,22884,59379,59380,59381,59382,59383,59384,59385,59386,59387,59388,19069,59389,58909,48413,59111,59390,59391,13729,9689,9676,14693,27081,59392,59393,59394,59395,59396,59397,59398,59399,28198,28538,30752,29025,147,146,30753,30754,28214,30755,30756,14759,30757,30758,30759,30760,30761,30762,30763,30764,30765,326,329,330,167,0,331,332,333,334,335,301,336,337,338,339,340,341,342,343,344,310,61,83,311,312,188,313,229,247,314,315,300,316,318,319,320,321,322,323,324,325,59400,59401,59402,30992,56813,59403,59404,59405,56944,59406,9706,56970,59407,59408,59409,59410,59411,59412,59413,59414,59415,59416,59417,59418,30993,45564,59419,59420,13731,59421,59422,56205,14761,34476,59423,59424,59425,59426,59427,59428,59429,59430,13727,13605,57,13730,13732,13733,13734,13703,13718,13735,13736,13737,13738,13739,13740,13741,13742,13743,59431,49777,8351,59432,59433,59434,9709,59435,59436,59437,59438,59439,59440,59441,59442,59443,59444,59445,59446,59447,59448,53152,59449,59450,59451,59452,59453,59454,59455,59456,59457,59458,59459,59460,59461,59462,60,9704,9705,9707,9708,9710,9562,9711,9712,9713,9714,9715,9716,9717,9718,9719,9720,8353,14757,14758,14760,14762,14763,14575,14764,14765,14766,14767,14768,14769,14770,14771,14772,30846,30864,59463,59464,59465,59466,59467,59468,59469,59470,59471,59472,59473,59474,59475,59476,59477,59478,59479,31084,59480,59481,59482,59483,59484,59485,59486,59487,59488,59489,4743,59490,31222,59491,59492,59493,59494,59495,59496,59497,59498,59499,59500,59501,4749,31360,59502,59503,59504,59505,59506,59507,4726,59508,5000,59509,31484,59510,59511,59512,59513,59514,59515,59516,4735,59517,5006,59518,59519,4718,59520,59521,59522,59523,59524,59525,59526,59527,4709,59528,59529,59530,59531,59532,59533,59534,4979,4699,59535,59536,59537,59538,59539,4970,4687,59540,59541,59542,59543
38,687,461,483,688,689,544,1,586,690,606,624,691,692,677,693,694,695,696,697,698,699,700,701,702,9657,9658,9659,9660,9661,6106,6105,9662,6125,9663,9664,9665,8147,9666,6197,9667,9668,9669,9670,9671,9672,9673,9674,6569,6349,6370,6570,6571,6431,26,6472,6572,6508,6573,6574,6559,6575,6576,6577,6578,6579,6580,6581,6582,6583,6584,6898,6706,6899,6900,6764,27,6805,6901,6841,6902,6543,6888,6903,6587,6904,6905,6906,6907,6908,6909,6910,6911,7483,9675,9676,7760,9084,311,9677,9343,8864,9678,9560,7181,6208,9679,9680,9681,9682,9683,9684,9685,9686,9687,6743,9688,9689,6740,9690,9691,9692,7430,9693,9694,9695,7499,9696,9697,9698,9699,9700,9701,9702,9703,6432,7615,7761,7651,30,7685,317,7704,7719,7762,7763,7764,7765,7766,7767,7768,7769,7770,7771,7772,7773,25,28,29,31,32,0,33,34,35,36,37,39,40,41,42,43,44,45,46,47,8348,8168,6794,8349,8350,8242,146,6801,8295,8351,8352,310,8353,8354,8355,8356,8357,8358,8359,8360,8361,60,9704,9705,301,300,9706,9707,9708,9709,9710,9562,9711,9712,9713,9714,9715,9716,9717,9718,9719,9720,8626,8627,8628,7778,8511,8629,8551,8567,8630,8631,8617,8632,8048,8633,8634,8635,8636,8637,8638,8639,8640,8863,8755,8164,8865,8806,8866,8867,8853,8868,8869,8870,8871,8872,8873,8874,8875,8876,8877,9721,8988,9722,9723,9724,9725,9563,9726,9727,9728,9729,9730,9731,9732,9733,9734,9735,9736,9737,9738,6506,9255,9739,6873,9740,9741,9742,9743,9744,9745,9746,9747,9748,9749,9750,9751,8167,9468,9561,9502,9518,9564,9551,9565,6210,9566,9567,9568,9569,9570,9571,9572,9573,9752,9753,9754,9755,9756,9757,9758,6591,9759,9760,9761,9762,9763,9764,9765,9766,6064,6451,6918,9767,9768,9769,9770,6509,9771,9772,9773,9774,9775,9776,9777,9778,9779,9780,9781,9782,9783,9784,9785,9786,9787,9788,9789,5462,9790,9791,9792,9793,9794,9795,9796,9797,9798,9799,9800,5333,9801,9802,9803,9804,9805,9806,9807,9808,9809,9810,9811,9812,9813,9814,784,9815,9816,9817,9818,9819,9820,9821,9822,9823,9824,9825,791,9826,9827,9828,9829,9830,9831,9832,9833,9834,9835,9836,9837,9838,9839,9840,9841,9842,9843,9844,764,9845,9846,9847,9848,9849,9850,755,9851,9852,9853,9854,9855
61,1050,829,850,1051,1052,911,2,952,1053,15,989,1054,1055,1040,1056,1057,1058,1059,1060,1061,1062,1063,1064,1065,14462,14463,14464,14465,14466,11076,11075,14467,8529,14468,14469,14470,13032,14471,11144,14472,14473,14474,14475,14476,14477,14478,14479,11513,11292,11313,11514,11515,11374,49,11415,11516,11452,11517,11518,11503,11519,11520,11521,11522,11523,11524,11525,11526,11527,11528,11819,11648,11820,125,11704,50,178,11821,83,11822,11487,11809,11823,11531,11824,11825,11826,11827,11828,11829,11830,11831,12396,14480,14481,12667,13907,13481,14482,14166,13713,14483,14363,12096,11155,14484,14485,14486,14487,14488,14489,14490,14491,14492,11683,14493,14494,122,14495,14496,14497,12343,14498,14499,14500,12412,14501,14502,14503,14504,14505,14506,14507,14508,11375,12527,12668,12563,53,12596,12669,140,12626,12670,12671,12672,12673,12674,12675,12676,12677,12678,12679,12680,12681,48,51,52,54,55,56,0,57,58,59,60,62,63,64,65,66,67,68,69,70,13232,13053,11733,13233,13234,13127,12611,160,241,13235,13236,293,177,13237,13238,13239,13240,13241,13242,13243,13244,13323,14509,14510,12686,13472,14511,14512,14513,14514,14515,14365,14516,14517,14518,14519,14520,14521,14522,14523,14524,14525,310,311,312,146,188,313,229,247,314,315,300,316,317,318,319,320,321,322,323,324,325,13712,13604,13049,13714,13655,13715,13716,13702,13717,13718,13719,13720,13721,13722,13723,13724,13725,13726,14526,13831,14527,14528,14529,14530,14366,14531,14532,14533,14534,14535,14536,14537,14538,14539,14540,14541,14542,14543,11450,14079,14544,11793,14545,14546,14547,14548,14549,14550,14551,14552,14553,14554,14555,14556,13052,14290,14364,9711,14322,14367,14354,14368,11157,14369,14370,14371,14372,14373,14374,14375,14376,14557,14558,14559,14560,14561,14562,14563,11535,14564,14565,14566,14567,14568,14569,14570,14571,11035,11394,11838,14572,14573,14574,14575,11453,14576,14577,14578,14579,14580,14581,14582,14583,14584,14585,14586,14587,14588,14589,4682,14590,14591,14592,14593,4675,14594,14595,14596,14597,14598,14599,14600,4696,14601,14602,14603,4688,14604,14605,14606,14607,14608,14609,14610,14611,14612,14613,14614,14615,14616,14617,1148,14618,14619,14620,14621,14622,14623,14624,14625,14626,14627,14628,1154,14629,14630,14631,14632,14633,14634,14635,4739,14636,14637,14638,14639,14640,14641,14642,14643,14644,4745,14645,1127,14646,4737,14647,14648,14649,14650,1117,14651,4729,14652,14653,14654
83,1386,850,1187,1387,1388,1247,3,1288,1389,1328,15,1390,1024,1376,1391,1068,1392,1393,1394,1395,1396,1397,1398,1399,18873,18874,18875,18876,18877,15847,15846,18878,8458,18879,18880,18881,17411,18882,15863,18883,18884,18885,18886,18887,18888,18889,18890,11819,11313,11648,11820,125,11704,50,178,11821,61,11822,11487,11809,11823,11531,11824,11825,11826,11827,11828,11829,11830,11831,16186,16007,16187,16188,16066,72,16106,16189,16145,16190,11793,16176,16191,11834,16192,16193,16194,16195,16196,16197,16198,16199,16742,18891,18892,17038,18364,17891,18893,18571,311,14166,18768,16455,15874,18894,18895,18896,18897,18898,18899,18900,18901,18902,16045,18903,18904,220,18905,18906,18907,312,18908,18909,18910,16758,18911,18912,18913,18914,18915,18916,18917,18918,11705,16872,17039,16909,75,16945,17040,16981,16995,17041,17042,17043,14694,17044,17045,17046,17047,17048,17049,17050,17051,71,73,74,76,77,78,79,0,80,81,82,84,85,86,87,88,89,90,91,92,17611,17431,16095,17612,17613,17505,16961,16102,222,17614,17615,17602,17616,17617,17618,17619,17620,17621,17622,17623,17624,17705,18919,18920,17056,17882,18921,18922,18923,18924,18925,18770,18926,18927,18928,18929,18930,18931,18932,18933,18934,18935,18170,18171,18172,17057,18073,18173,18112,229,18174,283,18161,18175,328,18176,18177,18178,18179,18180,18181,18182,18183,310,146,188,313,247,314,315,300,316,317,318,319,320,321,322,323,324,325,14530,18270,18936,18937,18938,14168,18771,18939,18940,18941,18942,18943,18944,18945,18946,18947,18948,14165,13716,14051,59,14086,14167,14120,14169,14155,14170,14171,14172,14173,14174,14175,14176,14177,14178,14179,17430,18693,18769,18727,18742,18772,18759,18773,11806,18774,18775,18776,18777,18778,18779,18780,18781,18949,18950,18951,18952,18953,14547,18954,11838,18955,18956,18957,18958,18959,18960,18961,18962,14690,11723,14691,14692,14693,14695,14696,62,14697,14698,14699,14700,14701,14702,14703,14704,14705,14706,14707,18963,18964,18965,18966,4684,18967,18968,18969,18970,18971,4676,18972,18973,18974,18975,18976,18977,4698,18978,18979,18980,18981,4689,18982,18983,18984,18985,18986,18987,18988,18989,15231,18990,18991,18992,1484,18993,18994,18995,18996,18997,18998,15356,18999,19000,19001,19002,1491,19003,19004,19005,19006,19007,15465,19008,19009,19010,19011,19012,19013,19014,19015,15555,19016,19017,19018,19019,1460,19020,19021,19022,19023,19024,19025,1450,19026,19027,19028,19029,19030
104,1697,1502,1206,1698,1699,1562,4,1604,1700,1640,1656,1701,870,1688,1702,1703,1704,1705,1706,1707,1708,1709,1710,1711,22864,22865,22866,22867,22868,7107,179,22869,7124,22870,22871,22872,21508,22873,7171,22874,22875,22876,22877,22878,22879,22880,22881,20268,20155,16298,20269,20270,20206,93,20243,20271,11963,20272,20273,20258,20274,20275,20276,20277,20278,20279,20280,20281,20282,20283,16454,16026,16455,16456,16354,73,16395,16457,16429,16458,11665,16445,16459,16460,16461,16462,16463,16464,16465,16466,16467,16468,20840,22882,22883,21114,311,21934,22884,22587,22384,12096,22782,20557,7181,22885,22886,22887,22888,22889,22890,22891,22892,22893,16334,22894,22895,219,22896,22897,22898,20800,22899,22900,22901,20856,22902,22903,22904,22905,22906,22907,22908,22909,20207,20968,21115,21004,96,21039,21116,21075,21088,21117,21118,21119,21120,21121,21122,21123,21124,21125,21126,21127,21128,28,94,95,97,98,99,100,101,0,102,103,105,106,107,108,109,110,111,112,113,21709,21529,16384,21710,21711,21603,21055,16391,21656,21712,21713,21700,21714,21715,21716,21717,21718,21719,21720,21721,21722,21800,22910,22911,329,21925,22912,22913,22914,22915,22916,22784,22917,22918,22919,22920,22921,22922,22923,22924,22925,22926,22183,22184,22185,21133,22086,22186,22125,22140,22187,22188,22174,22189,21408,22190,22191,22192,22193,22194,22195,22196,22197,22383,22292,21525,22385,22342,22386,12055,22373,22387,22388,22389,22390,22391,22392,22393,22394,22395,22396,22927,157,22928,22929,22930,12098,22785,22931,22932,22933,22934,22935,22936,22937,22938,22939,22940,12095,11926,11982,51,12023,12097,6821,11333,12086,12099,12100,12101,12102,12103,12104,12105,12106,12107,12108,21528,22709,22783,22743,22757,22786,22773,22787,7183,22788,22789,22790,22791,22792,22793,22794,22795,22941,22942,22943,22944,22945,22946,22947,20289,22948,22949,22950,22951,22952,22953,22954,22955,7067,16476,16475,22956,22957,22958,22959,11964,22960,22961,22962,22963,22964,22965,22966,22967,22968,22969,22970,22971,22972,22973,22974,22975,22976,22977,22978,22979,22980,22981,22982,22983,22984,22985,22986,22987,22988,22989,22990,22991,22992,22993,22994,22995,22996,22997,22998,22999,23000,23001,23002,23003,23004,23005,1796,23006,23007,23008,23009,23010,23011,23012,23013,23014,23015,23016,1803,23017,23018,23019,23020,23021,23022,23023,23024,23025,23026,23027,23028,23029,23030,23031,23032,23033,23034,23035,383,23036,23037,23038,23039,23040,23041,372,23042,23043,23044,23045,23046
125,2009,1832,1226,2010,2011,1874,5,1916,2012,1957,1052,2013,850,1999,2014,2015,2016,2017,2018,2019,2020,2021,2022,2023,26863,26864,26865,26866,26867,24214,24213,26868,24229,26869,26870,26871,25512,26872,24262,26873,26874,26875,26876,26877,26878,26879,26880,24519,24403,16585,24520,24521,24441,115,24463,24522,11683,24523,24524,24509,24525,24526,24527,24528,24529,24530,24531,24532,24533,24534,16741,16045,16742,16743,16626,74,16666,16744,312,16745,11648,16731,16746,16747,16748,16749,16750,16751,16752,16753,16754,16755,24821,26881,26882,25118,26574,25992,14509,311,14481,11820,26760,20840,24273,26883,26884,26885,26886,26887,26888,26889,26890,26891,16605,26892,26893,16602,26894,26895,26896,14493,26897,26898,26899,24837,26900,26901,26902,26903,26904,26905,26906,26907,24442,24955,25119,24992,117,25028,25120,25064,25078,25121,25122,25123,25124,25125,25126,25127,25128,25129,25130,25131,25132,114,95,116,118,119,120,121,122,123,0,124,126,127,128,129,130,131,132,133,134,25714,25532,16655,25715,25716,25606,25044,16662,25659,25717,25718,25705,25719,25720,25721,25722,25723,25724,25725,25726,25727,25809,26908,26909,25137,25983,26910,26911,14514,26912,26913,26762,26914,26915,26916,26917,26918,26919,26920,26921,26922,26923,26285,26286,26287,25138,26172,26288,26212,14497,14528,247,26276,14559,25414,26289,26290,26291,26292,26293,26294,26295,26296,14492,14494,14495,14496,12343,14498,61,14499,14500,12412,14501,14502,14503,14504,14505,14506,14507,14508,26924,26526,26925,26926,26927,11822,26763,26928,26929,26930,26931,26932,26933,26934,26935,26936,26937,11819,11313,11704,50,178,11821,83,11487,11809,11823,11531,11824,11825,11826,11827,11828,11829,11830,11831,25531,26686,26761,26719,26734,26764,26751,26765,24275,26766,26767,26768,26769,26770,26771,26772,26773,26938,26939,26940,26941,26942,26943,26944,24540,26945,26946,26947,26948,26949,26950,26951,26952,20986,16763,16762,26953,26954,26955,26956,11684,26957,26958,26959,26960,26961,26962,26963,26964,26965,26966,26967,26968,26969,26970,26971,26972,26973,26974,26975,26976,26977,26978,26979,26980,26981,26982,26983,26984,26985,26986,26987,26988,26989,26990,26991,26992,26993,26994,26995,26996,26997,26998,26999,27000,27001,5363,2105,27002,27003,27004,27005,27006,27007,27008,27009,5492,27010,27011,2112,27012,27013,27014,27015,27016,27017,27018,27019,27020,27021,27022,27023,27024,27025,27026,27027,27028,27029,27030,2081,27031,27032,27033,27034,27035,27036,2073,27037,27038,27039,27040,27041
146,586,912,2144,2311,2312,2181,6,2217,2313,2253,2268,2314,2315,15,2316,2317,2318,2319,2320,2321,2322,2323,2324,2325,8348,8168,6794,8349,8350,7685,32,8242,6801,8295,8351,8352,310,8353,38,8354,8355,8356,8357,8358,8359,8360,8361,12682,12683,12684,12040,12685,8251,135,53,12686,12687,12688,12689,62,12673,12690,12691,12692,12693,12694,12695,12696,12697,12698,28518,28367,28519,28520,28405,136,28444,28521,28478,28522,28246,18742,28523,28258,28524,28525,28526,28527,28528,28529,28530,28531,28760,30661,30662,29019,30322,29702,30663,30558,30142,30664,311,21114,7760,30665,30666,30667,30668,30669,30670,30671,30672,30673,28384,30674,30675,28383,30676,30677,30678,28737,30679,18879,30680,27085,30681,30682,30683,30684,30685,30686,30687,30688,28182,28869,29020,28906,138,8260,29021,28961,28976,29022,29023,29024,29025,29026,29027,29028,29029,29030,29031,29032,29033,30,96,137,139,140,141,142,143,144,145,0,147,148,149,150,151,152,153,154,155,29498,12672,28434,29499,29500,29407,28941,28441,29460,29501,29502,188,29503,29504,29505,29506,29507,29508,29509,29510,29511,29587,30689,30690,209,208,30691,30692,30693,30694,30695,313,30696,30697,30698,30699,30700,30701,30702,30703,30704,30705,29964,29965,29966,29038,29869,29967,29907,29922,29968,29969,222,29970,221,29971,29972,29973,29974,29975,29976,29977,29978,30141,30087,12626,30143,30103,30144,30145,16995,30146,30147,30148,30149,30150,30151,30152,30153,30154,30155,30706,30265,30707,30708,30709,30710,314,30711,30712,30713,30714,30715,30716,30717,30718,30719,30720,30721,30722,30723,28213,30491,30724,28508,30725,18923,30726,30727,30728,30729,30730,30731,30732,30733,30734,30735,61,83,312,229,247,315,300,316,317,318,319,320,321,322,323,324,325,30736,30737,30738,30739,30740,30741,30742,14759,30743,30744,30745,30746,30747,30748,30749,30750,7651,28198,28538,30751,30752,30753,30754,28214,30755,30756,30757,30758,30759,30760,30761,30762,30763,30764,30765,30766,30767,30768,30769,30770,30771,30772,30773,30774,30775,4731,30776,30777,30778,30779,30780,30781,30782,30783,30784,30785,30786,4722,30787,30788,30789,30790,30791,30792,30793,30794,30795,30796,30797,30798,2410,30799,30800,30801,30802,30803,30804,30805,30806,30807,30808,30809,2417,30810,30811,30812,30813,4684,30814,30815,30816,30817,30818,30819,30820,30821,4698,30822,30823,30824,30825,30826,2388,30827,30828,30829,30830,30831,30832,2378,30833,30834,30835,30836,30837
188,2918,2735,1277,2919,2920,2217,8,2809,2233,1284,2862,2921,2922,2909,2923,15,2924,2925,2926,2927,2928,2929,2930,2931,38212,38213,38214,38215,38216,29498,29396,38217,35527,38218,38219,38220,36690,38221,35595,38222,38223,38224,38225,38226,38227,38228,38229,35900,35721,17421,35901,35902,29397,177,32928,35903,35842,35904,35905,35891,35906,14563,35907,35908,35909,35910,35911,35912,35913,35914,17420,17422,17423,17424,17425,178,17426,17427,77,17428,17429,17430,17431,11823,17432,17433,17434,17435,17436,17437,17438,17439,36597,38230,38231,29499,37768,37132,29702,17464,37577,38232,38135,22867,35605,38233,38234,38235,38236,38237,38238,38239,38240,38241,36045,38242,38243,36042,38244,38245,38246,36547,38247,38248,38249,27086,38250,38251,38252,38253,38254,38255,38256,38257,12672,28434,29500,8260,140,29407,28941,28441,29460,29501,29502,29503,146,29504,29505,29506,29507,29508,29509,29510,29511,176,179,180,160,181,182,183,184,185,186,187,0,189,190,191,192,193,194,195,196,36894,36711,36072,36895,36896,36785,29425,29443,36838,36897,36898,36885,36899,36900,36901,36902,36903,36904,36905,36906,36907,29588,29604,29703,141,21670,29704,29658,29675,29705,29706,208,29707,29021,29708,29709,29710,29711,29712,29713,29714,29715,17550,17463,17481,142,17551,17552,17538,17553,17554,17555,17556,222,162,17557,17558,17559,17560,17561,17562,17563,17564,37576,37473,36707,37578,37523,37579,17582,37567,37580,225,37581,37582,37583,37584,37585,37586,37587,37588,38258,37677,38259,38260,38261,17565,38137,38262,30694,38263,38264,38265,38266,38267,38268,38269,38270,38271,38272,38273,35840,37915,38274,17448,38275,38276,17615,38277,38278,38279,38280,38281,38282,38283,38284,38285,36710,38065,38136,228,38096,38138,38126,38139,300,38140,38141,38142,38143,38144,38145,38146,38147,38286,38287,38288,30696,38289,38290,38291,316,38292,38293,38294,38295,38296,38297,38298,38299,310,61,83,311,312,313,229,247,314,315,317,318,319,320,321,322,323,324,325,38300,38301,38302,31129,38303,38304,38305,38306,38307,38308,38309,38310,4746,38311,38312,38313,31267,38314,38315,38316,38317,38318,38319,38320,4740,38321,38322,38323,38324,31404,38325,38326,38327,38328,4732,2996,38329,38330,38331,38332,31528,38333,38334,38335,4723,38336,38337,3002,38338,38339,38340,38341,38342,4708,38343,38344,38345,38346,38347,38348,38349,38350,4719,38351,38352,38353,38354,2974,38355,38356,38357,4686,38358,38359,2965,38360,38361,38362,4700,38363
319,4561,4688,4689,4573,4690,2319,18,2925,4607,4691,4692,4622,4693,4452,4653,4668,15,4694,4695,4696,4697,4698,4699,4700,58045,58202,58203,58092,58204,8355,8341,58127,10307,58205,58153,58206,35611,58184,9567,310,58207,4701,58208,58209,58210,58211,58212,59685,59686,38522,59687,59688,29523,358,33053,14520,59689,59690,59691,57365,38508,59692,1060,59693,59694,1059,59695,59696,15142,59697,59698,59699,58331,59700,59701,359,59702,59703,59704,58938,59705,18778,59315,59706,1396,59707,59708,59709,59710,1393,59711,59712,58330,58268,58332,30666,50987,41783,58296,58333,58334,58335,56900,22886,9680,311,58336,58337,58338,58339,58340,58341,58342,59713,59714,59715,59716,51564,59717,59718,59719,59720,58939,59721,59722,27094,4595,59723,59724,59725,59726,59727,59728,4590,30778,30779,30780,29027,149,29505,30699,30781,30782,30714,30783,30744,30759,146,30784,30785,30786,4722,30787,30788,30789,41,107,360,169,190,211,361,362,267,363,303,338,0,364,365,366,367,368,369,370,38223,38311,38312,38234,38313,36901,29709,31267,38314,38264,38315,38141,38293,188,38316,38317,38318,38319,38320,4740,38321,42305,58755,58756,30916,41706,58644,58757,58758,58690,58759,56932,58721,58737,313,58760,58761,4714,58762,58763,58764,58765,45478,59729,59730,31020,59731,59732,59733,59734,59735,59736,57402,59317,34504,3509,59737,3507,59738,59739,59740,59741,46092,59742,46999,38504,59743,59744,58941,59745,59746,59318,59747,3748,59748,59749,59750,3744,59751,59752,59753,58937,49799,58839,58940,58870,58942,56946,58900,58917,314,58943,58944,58945,58946,58947,58948,58949,59754,59755,59756,51524,53163,59757,59758,59759,59760,59761,59762,4644,59763,59764,59765,59766,59767,4638,59768,38507,56993,56994,56995,56996,56997,56818,56975,9714,300,56998,56999,57000,57001,4734,57002,57003,59204,59216,59316,59250,59265,59319,59296,14766,316,59320,59321,59322,59323,59324,59325,59326,7767,31222,59491,59381,59492,59409,59493,59494,59438,59495,59473,317,59496,59497,59498,59499,59500,59501,4749,61,83,312,229,247,315,318,320,321,322,323,324,325,59769,59770,59771,59772,59773,59774,59775,59776,59777,59778,59779,59780,59781,59782,59783,59784,4608,59785,59786,59787,59788,59789,5315,59790,4563,59791,59792,59793,59794,59795,59796,59797,59798,59799,5320,59800,59801,59802,59803,4455,59804,59805,59806,59807,59808,2323,59809,59810,59811,59812,59813,59814,59815,59816,5293,59817,59818,59819,4673,59820,59821,5284,2931,59822,59823,59824,59825
318,4560,4675,4676,4572,4677,2318,17,2924,4606,4678,4679,4621,4680,4451,4652,4667,4681,15,4682,4683,4684,4685,4686,4687,58044,58191,58192,58091,58193,8354,8340,58126,10169,58194,58152,58195,35610,58183,9566,58196,310,58197,4711,58198,58199,58200,58201,59544,59545,38389,59546,59547,29512,345,33041,14521,59548,59549,59550,57231,38375,59551,59552,1061,1058,59553,59554,59555,59556,15027,59557,59558,58318,59559,59560,346,59561,59562,59563,58925,59564,18779,59303,59565,59566,1397,59567,59568,1392,59569,59570,59571,58317,58267,58319,30665,50986,41782,58295,58320,58321,58322,56899,22885,9679,58323,311,58324,58325,58326,58327,58328,58329,59572,59573,59574,59575,51422,59576,59577,59578,59579,58926,59580,59581,27095,59582,4596,59583,59584,59585,59586,4589,59587,30766,30767,30768,29026,148,29504,30698,30769,30770,30713,30771,30743,30758,30772,146,30773,30774,30775,4731,30776,30777,40,106,347,168,189,210,348,349,266,350,302,337,351,0,352,353,354,355,356,357,38222,38300,38301,38233,38302,36900,29708,31129,38303,38263,38304,38140,38292,38305,188,38306,38307,38308,38309,38310,4746,42173,58744,58745,30915,41705,58643,58746,58747,58689,58748,56931,58720,58736,58749,313,4704,58750,58751,58752,58753,58754,45477,59588,59589,31009,59590,59591,59592,59593,59594,59595,57268,59305,34492,59596,3508,59597,3506,59598,59599,45970,59600,59601,46998,38371,59602,59603,58928,59604,59605,59306,59606,59607,3747,59608,59609,59610,3743,59611,59612,58924,49798,58838,58927,58869,58929,56945,58899,58916,58930,314,58931,58932,58933,58934,58935,58936,59613,59614,59615,51382,53162,59616,59617,59618,59619,59620,59621,59622,4643,59623,59624,59625,59626,59627,4637,38374,56982,56983,56984,56985,56986,56817,56974,9713,56987,300,56988,56989,4725,56990,56991,56992,59203,59215,59304,59249,59264,59307,59295,14765,59308,316,59309,59310,59311,59312,59313,59314,7766,31084,59480,59380,59481,59408,59482,59483,59437,59484,59472,59485,317,59486,59487,59488,59489,4743,59490,59628,59629,59630,59631,59632,59633,59634,59635,59636,59637,59638,59639,59640,61,83,312,229,247,315,319,320,321,322,323,324,325,4562,59641,59642,59643,59644,59645,59646,59647,59648,5157,59649,59650,59651,59652,4609,59653,59654,59655,59656,59657,59658,5164,59659,2322,59660,59661,59662,59663,59664,59665,59666,59667,59668,59669,59670,4456,59671,59672,59673,59674,59675,5136,2930,59676,59677,59678,59679,59680,5127,59681,59682,59683,4674,59684
321,4711,1061,1395,4712,4713,2321,20,2927,4714,3509,3746,4715,4716,4454,4655,4670,4683,4696,15,4717,4718,4719,4720,422,59932,59933,59934,59935,59936,30800,29544,59937,8618,59938,59939,59940,38749,59941,57613,59650,4563,4560,59942,59943,59944,59945,5917,14619,11524,11827,14620,14621,12677,66,13240,14622,13722,14623,14624,14372,14567,14582,4675,14604,61,14625,14626,14627,14628,1154,18994,16195,18995,18996,17047,88,17620,18997,18179,18998,15356,18777,18958,14703,18970,18981,83,18999,19000,19001,19002,1491,59946,59947,59948,30801,59949,59950,59951,59952,48460,59953,57013,22891,59954,59651,59791,4578,59955,59956,59957,59958,4575,59959,19679,59960,59961,19676,59962,59963,59964,48461,59965,59966,59967,27092,59968,59969,4593,59970,59971,4592,59972,5918,12694,28527,30802,29029,151,29507,30803,29974,30151,30804,30805,30746,30761,30774,30786,146,30806,30807,30808,30809,2417,382,383,384,171,192,385,234,252,386,387,305,340,353,366,0,388,389,390,391,392,38330,35910,17435,38331,38332,36903,31528,17560,37584,38333,38334,38143,38295,38307,38318,188,38335,4723,38336,38337,3002,39311,59973,59974,31041,57656,59975,59976,59977,59978,59979,57015,59980,59981,4609,59793,4607,59982,59983,59984,59985,5919,45605,45606,45607,30935,44026,45608,44578,44772,45609,45610,45390,45568,34418,45579,4691,229,45611,45612,45613,45614,3600,48459,46997,35846,48462,47657,48463,48464,48226,48407,48422,48434,48445,247,48465,48466,48467,48468,3841,59986,49805,59987,59988,59989,59990,57016,59991,59992,59653,59794,4628,59993,59994,59995,4624,5920,59996,59997,59998,13778,53161,59999,19718,60000,60001,60002,60003,60004,60005,4642,60006,4640,60007,60008,5921,35895,55779,57014,56209,56405,57017,56820,56977,9716,56989,57000,300,57018,57019,57020,57021,4547,59337,59338,59339,59340,59341,59342,59298,14768,59310,59322,316,59343,59344,59345,59346,4748,31484,12948,19142,59510,59511,59512,59426,13739,59513,59514,59475,59487,59498,317,59515,59516,4735,59517,5006,59553,59568,59652,3506,59609,59654,59636,318,59655,59656,59657,59658,5164,1059,59709,59792,59738,59750,59795,59777,319,59796,59797,59798,59799,5320,310,311,312,313,314,315,320,322,323,324,325,60009,60010,60011,60012,60013,60014,60015,60016,60017,60018,5578,60019,60020,60021,60022,60023,4671,60024,60025,5679,60026,60027,2929,60028,60029,60030,60031,60032,5780,60033,5551,60034,60035,4658,60036,60037,5874,24,5899,5912,5922,5923,5924
320,4701,1060,1394,4702,4703,2320,19,2926,4704,3508,3745,4705,4706,4453,4654,4669,4682,4695,4707,15,4708,4709,415,4710,59826,59827,59828,59829,59830,30790,29534,59831,8619,59832,59833,59834,38640,59835,57496,4562,59782,59836,4561,59837,59838,5836,59839,14609,11523,11826,14610,14611,12676,65,13239,14612,13721,14613,14614,14371,14566,14581,14593,4688,14615,61,14616,14617,1148,14618,18985,16194,18986,18987,17046,87,17619,18988,18178,18989,15231,18776,18957,14702,18969,18980,18990,83,18991,18992,1484,18993,59840,59841,59842,30791,59843,59844,59845,59846,48450,59847,57004,22892,59848,59641,59783,59849,4579,59850,59851,4574,59852,59853,19554,59854,59855,19551,59856,59857,59858,48451,59859,59860,59861,27093,59862,59863,59864,4594,4591,59865,5837,59866,12693,28526,30792,29028,150,29506,30793,29973,30150,30794,30795,30745,30760,30773,30785,30796,146,30797,30798,2410,30799,371,372,373,170,191,374,233,251,375,376,304,339,352,365,377,0,378,379,380,381,38322,35909,17434,38323,38324,36902,31404,17559,37583,38325,38326,38142,38294,38306,38317,38327,188,38328,4732,2996,38329,39310,59867,59868,31031,57539,59869,59870,59871,59872,59873,57006,59874,59875,59643,4608,59876,4606,59877,59878,5838,59879,45595,45596,45597,30934,44025,45598,44577,44771,45599,45600,45389,45567,34417,4678,45590,45601,229,45602,45603,3594,45604,48449,46996,35845,48452,47656,48453,48454,48225,48406,48421,48433,48444,48455,247,48456,48457,3834,48458,59880,49804,59881,59882,59883,59884,57007,59885,59886,59644,59785,59887,4627,59888,59889,5839,4623,59890,59891,59892,13767,53160,59893,19593,59894,59895,59896,59897,59898,59899,59900,4641,59901,4639,5840,59902,35894,55778,57005,56208,56404,57008,56819,56976,9715,56988,56999,57009,300,57010,57011,4540,57012,59327,59328,59329,59330,59331,59332,59297,14767,59309,59321,59333,316,59334,59335,4742,59336,31360,12947,19141,59502,59503,59504,59425,13738,59505,59506,59474,59486,59497,59507,317,4726,59508,5000,59509,1058,59567,59642,59597,59608,59645,59635,59646,318,59647,59648,5157,59649,59694,59708,59784,3507,59749,59786,59776,59787,319,59788,59789,5315,59790,59903,59904,59905,59906,59907,59908,59909,59910,59911,5443,59912,310,311,312,313,314,315,321,322,323,324,325,59913,59914,2928,59915,59916,59917,59918,5673,59919,59920,59921,59922,59923,59924,4672,59925,5774,59926,5793,23,5818,5831,5841,5842,5843,59927,5423,59928,59929,4659,59930,59931
323,4730,1063,1397,4577,4594,4731,22,4732,4733,3511,3748,4626,4642,4734,4657,4735,4685,4698,4709,4719,15,4736,4737,4738,60124,60125,60126,58370,60127,60128,51982,60129,8625,60130,58977,60131,60132,60133,60134,59667,59808,60135,60136,4567,60137,4565,60138,14637,11526,11829,14489,14506,14638,68,14639,14640,13724,14538,14554,14641,14569,14642,14595,14606,14617,14627,61,14643,14644,4745,19011,16197,18899,18916,19012,90,19013,19014,18181,18946,14177,19015,18960,15555,4676,18982,18992,19001,83,19016,19017,19018,26888,58272,58286,58371,50991,58372,58373,54304,48348,58314,58374,22890,58375,58327,58340,58350,58359,311,58376,58377,58378,58580,16753,58423,58581,16709,58582,58583,58489,26294,58501,58584,58529,27898,58541,58552,4703,58569,312,58585,58586,58587,15512,60139,60140,60141,403,60142,60143,46435,30148,58978,60144,59355,60145,59668,2323,59921,60027,2318,60146,60147,60148,402,111,132,173,404,405,236,254,271,290,406,407,355,368,379,390,0,408,409,410,60149,60150,19894,60151,60152,60153,60154,19901,44841,60155,38280,46469,46443,59669,59809,59922,2929,2926,60156,39004,60157,39316,60158,60159,52016,60160,60161,60162,60163,58980,60164,60165,60166,60167,59670,59810,60168,60169,4612,60170,60171,4611,45622,45492,45507,45623,45624,45625,44580,44774,45539,45555,45626,45570,35222,45581,45592,45603,45613,229,45627,4741,45628,48478,48479,48480,48481,47659,48379,48394,48482,48409,48483,48435,4692,48457,48467,247,48484,48485,48486,58826,49803,58979,58860,58874,58888,58981,58904,58982,58934,58947,58957,58966,314,58983,58984,58985,59173,59028,59174,13692,55270,59175,18582,59076,59176,59106,59177,59134,59145,59153,4716,315,59178,59179,59180,60172,55777,60173,60174,60175,60176,60177,59357,15546,4456,59811,59924,60029,4452,60178,60179,60180,59354,59220,59237,59356,59269,59285,59300,15558,59312,59324,59335,59345,316,59358,59359,59360,60181,13008,19937,60182,59395,60183,60184,13797,60185,60186,60187,59671,59812,4672,60030,4670,60188,60189,60190,59555,59569,59586,59599,3743,59626,59638,59648,59657,318,59672,59673,59674,59696,1393,59727,59740,59751,59767,59779,59789,59798,319,59813,59814,59815,59920,59851,59865,59923,59889,4639,59911,320,59925,5774,59926,60026,59957,4592,60028,59995,60007,60017,321,60031,60032,5780,310,146,188,313,300,317,322,324,325,60191,60192,60193,60194,60195,60196,60197,60198,60199,1064,5567,60200,60201,60202,60203,60204,60205,5439,60206,3513,60207,60208,60209
322,4721,1062,1396,4576,4593,4722,21,4723,4724,3510,3747,4625,4641,4725,4656,4726,4684,4697,4708,4718,4727,15,4728,4729,60038,60039,60040,58361,60041,60042,51891,60043,8624,60044,58968,60045,60046,60047,60048,59659,59800,60049,60050,60051,4566,60052,4564,14629,11525,11828,14488,14505,14630,67,14631,14632,13723,14537,14553,14633,14568,14634,14594,14605,14616,14626,14635,61,4739,14636,19003,16196,18898,18915,19004,89,19005,19006,18180,18945,14176,19007,18959,15465,18971,4689,18991,19000,19008,83,19009,19010,26887,58271,58285,58362,50990,58363,58364,54303,48347,58313,58365,22889,58366,58326,58339,58349,58358,58367,311,58368,58369,58572,16752,58422,58573,16708,58574,58575,58488,26293,58500,58576,58528,27801,58540,58551,58560,4713,58577,312,58578,58579,15422,60053,60054,60055,394,60056,60057,46351,30149,58969,60058,59348,60059,2322,59801,59914,60020,60060,2319,60061,60062,393,110,131,172,395,396,235,253,270,289,397,398,354,367,378,389,399,0,400,401,60063,60064,19794,60065,60066,60067,60068,19801,44833,60069,38281,46385,46359,59660,59802,2928,60021,60070,2927,60071,38927,39317,60072,60073,51925,60074,60075,60076,60077,58971,60078,60079,60080,60081,59661,59803,60082,60083,60084,4613,4610,60085,45615,45491,45506,45616,45617,45618,44579,44773,45538,45554,45619,45569,35130,45580,45591,45602,45612,45620,229,45621,4747,48469,48470,48471,48472,47658,48378,48393,48473,48408,48474,4679,48446,48456,48466,48475,247,48476,48477,58825,49802,58970,58859,58873,58887,58972,58903,58973,58933,58946,58956,58965,58974,314,58975,58976,59165,59027,59166,13691,55178,59167,18581,59075,59168,59105,59169,59133,59144,4706,59162,59170,315,59171,59172,60086,55776,60087,60088,60089,60090,60091,59350,15456,59662,4455,59916,60023,60092,4451,60093,60094,59347,59219,59236,59349,59268,59284,59299,15468,59311,59323,59334,59344,59351,316,59352,59353,60095,13000,19837,60096,59394,60097,60098,13789,60099,60100,60101,59663,59804,59917,4671,60102,4669,60103,60104,59554,1392,59585,59598,59610,59625,59637,59647,59656,59664,318,59665,59666,59695,59710,59726,59739,3744,59766,59778,59788,59797,59805,319,59806,59807,59913,59850,4591,59915,59888,59901,59910,59918,320,5673,59919,60019,59956,59971,60022,59994,4640,60016,60024,321,60025,5679,60105,60106,60107,60108,60109,60110,60111,60112,60113,310,146,188,313,300,317,323,324,325,60114,5559,60115,3512,60116,60117,60118,1065,5431,60119,60120,60121,60122,60123
422,5917,5874,1491,4575,5918,2417,24,5899,5919,5912,3841,5920,5921,4547,5922,5923,5164,5320,325,5578,5679,5780,321,5924,72739,72740,72741,58352,72742,10874,9652,72743,10886,72744,72745,72746,58009,72747,9654,65055,58232,58201,72748,72749,60026,4711,72750,72312,72222,20055,72313,26522,31869,418,49485,72314,49470,72315,72316,57975,72317,72318,59680,72319,4745,69231,1154,71305,14627,72320,20097,16287,18897,20098,17143,92,20079,20099,20092,20100,20101,18870,20102,20103,19388,19512,1399,19762,19862,19962,1395,20104,26886,58353,58354,30668,50989,41785,58355,54302,48346,58356,56902,22888,9682,58325,58338,311,58357,58358,58359,4712,58360,72751,16840,72752,72753,16839,72754,72755,72756,28052,72757,72758,72759,28066,59652,72760,58579,72761,70291,58571,4713,72762,31855,28621,31894,29122,155,31877,31895,31889,30244,31896,31897,31898,31899,31210,31347,2325,31595,31682,31769,2321,31900,47,113,134,419,420,217,421,256,273,292,309,423,357,370,381,392,401,410,0,424,72569,72469,20070,72570,72571,72523,29793,20077,49498,72572,72573,42919,72574,65040,3002,4746,69242,60119,72575,38307,72576,42877,72763,72764,31904,41777,72765,72766,72767,72768,72769,58011,72770,72771,58785,66635,58765,72772,60022,72773,4714,72774,72703,72704,72705,31905,72638,72706,72669,49504,72707,48100,57998,72708,49517,72709,59822,4747,69252,70287,3600,45612,72710,49508,47092,49493,49509,47745,49510,49511,48319,49512,49513,48836,48960,3750,49196,49291,49386,3746,49514,72775,52134,72776,72777,72778,72779,58012,72780,72781,65057,66636,58997,60013,70293,71328,4715,72782,72783,72784,72785,18665,55431,72786,18669,72787,72788,72789,72790,72791,59795,59180,72792,59164,71329,4716,72793,57974,55855,58010,58004,56498,58013,56893,58014,10894,57353,57486,4458,57720,57807,57894,4454,58015,72794,72795,72796,72797,72798,72799,72800,72326,65058,66638,4748,69260,70294,71330,59343,60345,7856,20111,20110,72801,72802,72803,72804,49471,72805,72806,72807,5006,66639,4749,69261,72808,60208,59498,72809,65019,63822,65056,60318,64318,60004,64641,4687,64816,64884,64952,4683,65059,60291,65414,59969,66631,65910,66637,66233,4700,66408,66476,66544,4696,66640,4567,4579,4596,4613,4628,4644,4710,4729,4738,15,4750,69255,59955,69256,69257,69258,69259,69027,69099,69170,4717,5942,59943,69563,70275,70292,69965,60339,70200,4718,70295,71327,70601,60305,59984,71001,71331,71237,4719,71332,1061,20,2927,3509,4655,4670,4720,72810,5451,72811,72812,72813,72814,72815
415,5836,5793,1484,4574,5837,2410,23,5818,5838,5831,3834,5839,5840,4540,5841,5842,5157,5315,5443,324,5673,5774,5843,320,71898,71899,71900,58343,71901,10793,9645,71902,10805,71903,71904,71905,57941,71906,9647,58221,66592,71907,58211,59913,71908,71909,4701,71471,71381,19975,71472,26516,31795,411,49412,71473,49397,71474,71475,57907,71476,71477,71478,59816,67870,4739,70212,1148,71479,14616,20017,16280,18896,20018,17136,91,19999,20019,20012,20020,20021,18863,20022,20023,19381,19507,19631,1398,19856,19956,20024,1394,26885,58344,58345,30667,50988,41784,58346,54301,48345,58347,56901,22887,9681,58324,58337,58348,311,58349,58350,58351,4702,71910,16833,71911,71912,16832,71913,71914,71915,27975,71916,71917,71918,27989,71919,59784,71920,58586,58561,71272,71921,4703,31781,28614,31820,29116,154,31803,31821,31815,30237,31822,31823,31824,31825,31203,31342,31465,2324,31676,31763,31826,2320,46,112,133,412,413,216,414,255,272,291,308,416,356,369,380,391,400,409,417,0,71728,71628,19990,71729,71730,71682,29787,19997,49425,71731,71732,42844,71733,2996,66577,67881,4740,71734,60200,71735,38317,42802,71922,71923,31830,41771,71924,71925,71926,71927,71928,57943,71929,71930,64986,58774,71931,58753,71932,59923,71933,4704,71862,71863,71864,31831,71797,71865,71828,49431,71866,48094,57930,71867,49444,59676,71868,67891,4741,3594,71268,71869,45603,49435,47085,49420,49436,47739,49437,49438,48312,49439,49440,48829,48955,49072,3749,49285,49380,49441,3745,71934,52061,71935,71936,71937,71938,57944,71939,71940,64987,66594,59907,58991,70235,71274,71941,4705,71942,71943,71944,18658,55359,71945,18662,71946,71947,71948,71949,59645,71950,71951,59171,70236,59154,71952,4706,57906,55848,57942,57936,56491,57945,56888,57946,10813,57346,57481,57597,4457,57801,57888,57947,4453,71953,71954,71955,71956,71957,71958,71959,71485,64989,66595,67899,4742,70237,71275,60276,59333,7849,20031,20030,71960,71961,71962,71963,49398,71964,71965,71966,64990,5000,67900,4743,60117,71967,71968,59486,60221,63816,59862,64982,64312,64988,64635,64723,4686,64878,64946,64991,4682,66556,65410,66593,60250,65906,59899,66229,66317,4699,66472,66540,66596,4695,67894,59849,67895,67896,67897,67898,67713,67785,67858,5861,4707,4566,4578,4595,4612,4627,4643,4720,4728,4737,4744,15,70234,69559,60235,59877,69959,70238,70195,70239,4708,59838,70595,71256,71273,70997,60271,71232,71276,4709,71969,5574,71970,71971,71972,71973,71974,1060,19,2926,3508,4654,4669,4710
209,2182,3216,3217,3218,3219,2234,3065,9,3220,3221,3222,2284,3223,2330,2313,3224,3225,3226,3227,3228,3229,3230,3231,3232,29034,29035,29036,21056,29037,28907,28925,138,29038,29039,29040,29041,147,29025,29042,29043,29044,29045,29046,29047,29048,29049,29050,41943,41944,39488,41945,41946,29583,40003,39223,41947,41948,41949,41950,41951,29587,41952,41953,41954,41955,41956,41957,41958,41959,41960,41961,41962,41963,41964,41965,39542,39541,41966,41967,30338,41968,18707,30689,41969,41970,41971,41972,41973,41974,41975,41976,41977,41978,41979,41980,21874,41981,21872,41982,41983,41984,41985,21951,21936,41986,41987,41988,41989,41990,41991,41992,41993,41994,41995,41996,41997,41273,41093,41502,41998,41999,42000,30339,21950,39569,27113,42001,42002,42003,42004,42005,42006,42007,42008,29716,29717,29718,28942,29621,141,29719,29720,29721,28992,29722,29021,29723,29724,29725,29726,29727,29728,29729,29730,29731,40002,40004,40005,39927,200,40006,40007,40008,40009,40010,30909,40011,40012,40013,40014,40015,40016,40017,40018,40019,0,197,198,99,199,201,202,203,204,205,206,207,208,210,211,212,213,214,215,216,217,42009,42010,42011,42012,40534,42013,42014,42015,30340,42016,30910,41701,42017,42018,42019,42020,42021,42022,42023,42024,42025,42026,42027,42028,42029,40847,42030,42031,41082,42032,42033,41641,30692,42034,42035,42036,42037,42038,42039,42040,42041,42042,42043,40964,39226,42044,42045,30342,42046,42047,30693,42048,42049,42050,42051,42052,42053,42054,42055,42056,30337,30268,144,30341,30343,30344,265,30328,30345,30346,30347,30348,30349,30350,30351,30352,30353,42057,42058,42059,42060,41404,42061,42062,42063,42064,42065,42066,42067,42068,42069,42070,42071,42072,42073,42074,30906,30907,30908,30911,30912,30913,331,313,30914,30915,30916,30917,30918,30919,30920,30921,30922,146,30663,30690,30691,30694,30695,30696,30697,30698,30699,30700,30701,30702,30703,30704,30705,42075,42076,42077,42078,42079,42080,42081,42082,42083,42084,42085,42086,42087,42088,42089,42090,42091,42092,42093,42094,42095,42096,42097,42098,42099,42100,5380,42101,42102,42103,3296,42104,42105,42106,42107,42108,42109,42110,42111,42112,5509,42113,42114,42115,3303,42116,42117,42118,42119,42120,42121,42122,3281,42123,42124,42125,42126,42127,42128,42129,42130,42131,42132,42133,3288,42134,42135,42136,42137,3273,42138,42139,42140,42141,42142,42143,42144,42145,3264,42146,42147,42148,42149,42150,42151,42152,42153,3255,42154,42155,42156,42157,42158,42159,3244,42160,42161,42162,42163
230,3514,2484,3515,3516,3517,3365,2536,10,3518,3519,2552,3520,3521,2595,2613,3522,3523,3524,3525,3526,3527,3528,3529,3530,45639,45640,45641,43239,45642,43761,29979,43003,45643,45644,45645,45646,33365,45647,45648,45649,45650,45651,45652,45653,45654,45655,45656,32801,32802,17258,32803,32804,29186,32694,159,32805,32806,32807,32808,32792,167,32809,32810,32811,32812,32813,32814,32815,32816,32817,45657,45658,45659,45660,45661,18113,18112,45662,45663,45664,45665,18157,18189,45666,45667,45668,45669,45670,45671,45672,45673,45674,45675,45676,45677,43293,45678,43291,45679,45680,33661,45681,34176,22897,45682,45683,45684,45685,45686,45687,45688,45689,45690,45691,45692,45693,44970,44779,45203,45694,45695,33662,45696,43336,18187,27114,45697,45698,45699,45700,45701,45702,45703,45704,43762,43763,43764,43688,29987,221,43765,43766,43767,43768,43769,30931,43770,43771,43772,43773,43774,43775,43776,43777,43778,33473,33474,33475,32729,162,33476,33477,32745,33478,33479,32788,33480,33481,33482,33483,33484,33485,33486,33487,33488,218,0,79,219,220,222,223,224,225,226,227,228,229,231,232,233,234,235,236,237,238,39236,45705,45706,45707,44266,45708,45709,45710,44943,45711,34178,45383,45712,45713,45714,45715,45716,45717,45718,45719,45720,45721,45722,45723,45724,44574,45725,45726,33664,45727,45728,45325,34411,45729,45730,45731,45732,45733,45734,45735,45736,45737,33660,33576,163,33663,33665,33666,33667,33651,248,33668,33669,33670,33671,33672,33673,33674,33675,33676,45738,44859,43007,45739,45740,45741,34181,45742,45743,45744,45745,45746,45747,45748,45749,45750,45751,45752,45753,45754,45755,45106,45756,45757,45758,45759,45760,45761,45762,45763,45764,45765,45766,45767,45768,45769,166,34150,34177,34179,34180,34182,34183,296,34184,34185,34186,34187,34188,34189,34190,34191,34192,34407,34408,34409,34410,34412,34413,332,34414,34415,34416,34417,34418,34419,34420,34421,34422,45770,45771,45772,45773,45774,45775,45776,45777,45778,45779,45780,45781,45782,45783,45784,45785,45786,45787,45788,45789,45790,45791,45792,45793,45794,45795,5069,45796,45797,45798,3595,45799,45800,45801,45802,45803,45804,45805,45806,45807,5226,45808,45809,45810,3601,45811,45812,45813,45814,45815,45816,45817,3580,45818,45819,45820,45821,45822,45823,45824,45825,45826,45827,45828,3588,45829,45830,45831,45832,3571,45833,45834,45835,45836,45837,45838,45839,45840,3561,45841,45842,45843,45844,45845,45846,45847,45848,3551,45849,45850,45851,45852,45853,45854,3541,45855,45856,45857,45858
248,3751,2614,2613,3752,3753,3629,2552,11,3754,3755,3756,3757,3758,3727,3742,3759,3760,3761,3762,3763,3764,3765,3766,3767,48499,48500,48501,22293,48502,47002,33555,46675,48503,48504,48505,48506,22403,48507,48508,48509,48510,48511,48512,48513,48514,48515,48516,34423,34347,167,34365,34381,33571,32806,12828,34424,34425,34426,34427,34428,333,34429,34430,34431,34432,34433,34434,34435,34436,34437,34407,18189,34408,34409,30931,230,229,34410,34411,34412,34413,296,332,34414,34415,34416,34417,34418,34419,34420,34421,34422,34361,48517,48518,22327,48519,22325,48520,48521,48522,48523,22400,22385,48524,48525,48526,48527,48528,48529,48530,48531,48532,48533,18187,48534,47844,45695,48024,48535,48536,34380,34439,22399,330,26448,48537,48538,48539,48540,48541,48542,48543,48544,47003,47004,47005,46933,33576,240,47006,44692,47007,47008,47009,46993,47010,47011,47012,47013,47014,47015,47016,47017,47018,33660,33661,33662,32745,163,33663,33664,33665,33666,33667,33651,33668,33669,33670,33671,33672,33673,33674,33675,33676,239,57,0,101,122,241,242,225,243,244,245,246,247,249,250,251,252,253,254,255,256,48545,48546,48547,48548,47420,48549,48550,48551,47818,48552,48233,48219,48553,48554,48555,48556,48557,48558,48559,48560,48561,48562,48563,48564,48565,44768,48566,48567,47653,48568,48569,48159,48415,48570,48571,48572,48573,48574,48575,48576,48577,48578,48579,47549,12879,48580,48581,48582,48583,48584,13656,48585,48586,48587,48588,48589,48590,48591,48592,48593,48594,47765,46679,48595,48596,48597,46747,48598,48599,48600,48601,48602,48603,48604,48605,48606,48607,48608,48609,48610,45753,47977,48611,45760,48612,48613,48614,48615,48616,48617,48618,48619,48620,48621,48622,48623,12881,48231,48232,48234,48235,48236,46806,13698,48237,48238,48239,48240,48241,48242,48243,48244,48245,46680,48412,48413,48414,48416,48417,13731,48418,48419,48420,48421,48422,48423,48424,48425,48426,48624,45777,45776,48625,48626,48627,48628,48629,48630,48631,48632,48633,48634,48635,48636,48637,48638,48639,48640,48641,48642,48643,48644,48645,48646,48647,48648,48649,48650,48651,3835,48652,48653,48654,48655,48656,48657,48658,48659,48660,48661,48662,48663,48664,3842,48665,48666,48667,48668,48669,48670,48671,3817,48672,48673,48674,48675,48676,48677,48678,48679,48680,48681,48682,3826,48683,48684,48685,48686,3808,48687,48688,48689,48690,48691,48692,48693,48694,3798,48695,48696,48697,48698,48699,48700,48701,48702,3788,48703,48704,48705,48706,48707,48708,3778,48709,48710,48711,48712
265,2333,3974,3975,2330,3976,2284,3868,12,3977,3978,3979,3980,3981,3949,3965,3982,3983,3984,3985,3986,3987,3988,3989,3990,30844,30955,30880,147,30897,29040,30264,7649,30956,30943,30957,30958,334,30959,30960,30961,30962,30963,30964,30965,30966,30967,30968,51165,51166,18275,51167,51168,30250,49870,49593,51169,51170,51171,51172,51173,18384,51174,51175,51176,51177,51178,51179,51180,51181,51182,30876,51183,30907,51184,51185,18309,18308,51186,51187,51188,51189,18350,18383,51190,51191,51192,51193,51194,51195,51196,51197,51198,30906,21951,30908,209,30909,207,30910,30911,30912,30913,331,313,30914,30915,30916,30917,30918,30919,30920,30921,30922,21950,51199,51200,41998,47844,50690,51201,51202,30941,30894,330,18381,26589,51203,51204,51205,51206,51207,51208,51209,51210,30337,30338,30339,28992,30268,144,30340,30341,30342,30343,30344,30328,30345,30346,30347,30348,30349,30350,30351,30352,30353,49869,49871,49872,49815,258,41200,47843,47842,49873,49874,49860,49875,49876,49877,49878,49879,49880,49881,49882,49883,35,257,80,0,123,259,205,260,244,261,262,263,264,266,267,268,269,270,271,272,273,51211,51212,51213,51214,41247,51215,51216,51217,50482,51218,50879,50865,51219,51220,51221,51222,51223,51224,51225,51226,51227,51228,51229,51230,51231,50297,51232,51233,47833,51234,51235,50807,51077,51236,51237,51238,51239,51240,51241,51242,51243,51244,51245,46973,47751,51246,51247,51248,51249,51250,47756,51251,51252,51253,51254,51255,51256,51257,51258,51259,51260,50411,7732,51261,51262,51263,9043,51264,51265,51266,51267,51268,51269,51270,51271,51272,51273,51274,51275,42057,51276,50643,42064,51277,51278,51279,51280,51281,51282,51283,51284,51285,51286,51287,51288,51289,49597,50877,50878,50880,50881,50882,9102,9086,50883,50884,50885,50886,50887,50888,50889,50890,50891,7733,51074,51075,51076,51078,51079,49691,51080,51081,51082,51083,51084,51085,51086,51087,51088,42083,51290,51291,42080,51292,51293,51294,51295,51296,51297,51298,51299,51300,51301,51302,51303,51304,51305,51306,51307,51308,51309,51310,51311,51312,51313,51314,51315,51316,51317,4058,51318,51319,51320,51321,51322,51323,51324,51325,51326,51327,51328,51329,51330,4065,51331,51332,51333,51334,51335,51336,51337,4040,51338,51339,51340,51341,51342,51343,51344,51345,51346,51347,51348,4049,51349,51350,51351,51352,4032,51353,51354,51355,51356,51357,51358,51359,51360,4024,51361,51362,51363,51364,51365,51366,51367,51368,4015,51369,51370,51371,51372,51373,51374,4003,51375,51376,51377,51378
284,4240,4241,4242,4243,4244,4111,4127,13,4245,4246,4247,4248,4249,4216,4231,4250,4251,4252,4253,4254,4255,4256,4257,4258,54459,54460,54461,7751,54462,52814,52733,52251,54463,54464,54465,54466,22609,54467,54468,54469,54470,54471,54472,54473,54474,54475,54476,54477,54478,12913,54479,54480,52685,53021,52512,54481,54482,54483,54484,54485,18592,54486,54487,54488,54489,54490,54491,54492,54493,54494,54495,54496,54497,54498,54499,18526,18525,54500,54501,54502,54503,18556,18591,54504,54505,54506,54507,54508,54509,54510,54511,54512,54513,54514,54515,22525,54516,22523,54517,54518,54519,54520,22606,22588,54521,54522,54523,54524,54525,54526,54527,54528,54529,54530,54531,54532,50690,48024,53996,54533,54534,54535,54536,22605,18589,330,54537,54538,54539,54540,54541,54542,54543,54544,52815,52816,52817,52724,52740,276,50689,52818,52819,50686,52820,52805,52821,52822,52823,52824,52825,52826,52827,52828,52829,53020,53022,53023,52946,277,53024,48022,48021,53025,53026,53011,53027,53028,53029,53030,53031,53032,53033,53034,53035,274,275,81,102,0,278,279,280,245,262,281,282,283,285,286,287,288,289,290,291,292,54545,54546,54547,54548,53475,54549,54550,54551,41674,54552,54193,54179,54553,54554,54555,54556,54557,54558,54559,54560,54561,54562,54563,54564,54565,53723,54566,54567,45549,54568,54569,54119,54373,54570,54571,54572,54573,54574,54575,54576,54577,54578,54579,47959,33927,54580,54581,54582,54583,54584,47950,54585,54586,54587,54588,54589,54590,54591,54592,54593,54594,50625,30422,54595,54596,54597,50599,54598,54599,54600,54601,54602,54603,54604,54605,54606,54607,54608,54609,54610,54611,53892,54612,54613,54614,54615,54616,54617,54618,54619,54620,54621,54622,54623,54624,54625,52516,54191,54192,54194,54195,54196,52354,52337,54197,54198,54199,54200,54201,54202,54203,54204,54205,52256,54370,54371,54372,54374,54375,52596,54376,54377,54378,54379,54380,54381,54382,54383,54384,54626,54627,54628,54629,54630,54631,54632,54633,54634,54635,54636,54637,54638,54639,54640,54641,54642,54643,54644,54645,54646,54647,54648,54649,54650,54651,54652,54653,54654,54655,4322,54656,54657,54658,54659,54660,54661,54662,54663,54664,54665,54666,54667,54668,4329,54669,54670,54671,54672,54673,54674,54675,4304,54676,54677,54678,54679,54680,54681,54682,54683,54684,54685,54686,4313,54687,54688,54689,54690,4296,54691,54692,54693,54694,54695,54696,54697,54698,4287,54699,54700,54701,54702,54703,54704,54705,54706,4280,54707,54708,54709,54710,54711,54712,4269,54713,54714,54715,54716
336,4918,4919,4920,4921,4922,2335,2617,16,4923,4924,4925,4926,4927,4465,4666,4928,4929,4930,4931,4932,4933,4934,4935,4936,62463,62464,62465,21955,62466,30987,29273,29034,62467,62468,62469,62470,30847,62471,62472,62473,62474,62475,62476,62477,62478,62479,62480,62481,62482,18192,62483,62484,29274,34471,32802,62485,62486,62487,62488,62489,30864,62490,62491,62492,62493,62494,62495,62496,62497,62498,62499,62500,62501,62502,62503,34472,19135,62504,62505,62506,62507,18722,59463,62508,62509,62510,62511,62512,62513,62514,62515,62516,62517,62518,62519,30990,62520,23133,62521,62522,62523,62524,57141,22912,62525,62526,62527,62528,62529,62530,62531,62532,62533,62534,62535,62536,62141,61978,62380,62537,62538,62539,62540,61189,60976,27115,62541,62542,62543,62544,62545,62546,62547,62548,30988,30989,30991,29042,29280,147,30992,30993,30994,30995,30996,30757,30997,30998,30999,31000,31001,31002,31003,31004,31005,34470,34473,34474,32809,167,34475,34476,34477,34478,34479,34244,34480,34481,34482,34483,34484,34485,34486,34487,34488,326,327,328,329,330,0,331,332,333,334,335,301,317,337,338,339,340,341,342,343,344,62549,62550,62551,62552,9946,62553,62554,62555,9107,62556,57143,9706,62557,62558,62559,62560,62561,62562,62563,62564,62565,62566,62567,62568,62569,14761,62570,62571,13735,62572,62573,9707,59467,62574,62575,62576,62577,62578,62579,62580,62581,62582,62583,46891,34347,62584,62585,62586,62587,62588,59468,62589,62590,62591,62592,62593,62594,62595,62596,62597,62598,49774,30844,62599,62600,62601,57146,62602,62603,62604,62605,62606,62607,62608,62609,62610,62611,62612,62613,62614,62615,53179,62616,62617,62618,62619,62620,62621,62622,62623,62624,62625,62626,62627,62628,62629,34350,57140,57142,57144,57145,57147,9950,9712,57148,57149,57150,57151,57152,57153,57154,57155,57156,30846,59464,59465,59466,59469,59470,14764,59471,59472,59473,59474,59475,59476,59477,59478,59479,62630,62631,62632,62633,62634,62635,62636,62637,62638,62639,62640,62641,62642,62643,62644,62645,62646,62647,62648,62649,62650,62651,62652,62653,62654,62655,62656,62657,62658,62659,5001,62660,62661,62662,62663,62664,62665,62666,62667,62668,62669,62670,62671,62672,5007,62673,62674,62675,62676,62677,62678,62679,4985,62680,62681,62682,62683,62684,62685,62686,62687,62688,62689,62690,4993,62691,62692,62693,62694,4978,62695,62696,62697,62698,62699,62700,62701,62702,4968,62703,62704,62705,62706,62707,62708,62709,62710,4960,62711,62712,62713,62714,62715,62716,4948,62717,62718,62719,62720
39,703,704,705,706,707,545,565,1,708,709,710,711,712,678,694,713,714,715,716,717,718,719,720,721,9856,9857,9858,7068,9859,7774,7660,6057,9860,9861,9862,9863,6065,9864,9865,9866,9867,9868,9869,9870,9871,9872,9873,9874,9875,6784,9876,9877,7592,8045,6444,9878,9879,9880,9881,9882,6451,9883,9884,9885,9886,9887,9888,9889,9890,9891,9892,9893,9894,9895,9896,6842,6841,9897,9898,9899,9900,6885,6918,9901,9902,9903,9904,9905,9906,9907,9908,9909,9910,9911,9912,105,9913,103,9914,9915,9916,9917,7200,7183,9918,9919,9920,9921,9922,9923,9924,9925,9926,9927,9928,9929,9101,8880,9361,9930,9931,9932,9933,7199,6916,7501,9934,9935,9936,9937,9938,9939,9940,9941,7775,7776,7777,326,156,30,301,7778,7779,7780,7781,7765,7782,7783,7784,7785,7786,7787,7788,7789,7790,8044,8046,8047,7923,31,166,8048,8049,8050,8051,8035,8052,8053,8054,8055,8056,8057,8058,8059,8060,25,26,27,28,29,32,0,33,34,35,36,37,38,40,41,42,43,44,45,46,47,9942,9943,9944,9945,299,9946,9947,9948,9074,9949,9576,9562,9950,9951,9952,9953,9954,9955,9956,9957,9958,9959,9960,9961,9962,8632,9963,9964,8869,9965,9966,9502,9770,9967,9968,9969,9970,9971,9972,9973,9974,9975,9976,8749,6447,9977,9978,9979,9980,9981,6509,9982,9983,9984,9985,9986,9987,9988,9989,9990,9991,8987,6062,9992,9993,9994,6162,9995,9996,9997,9998,9999,10000,10001,10002,10003,10004,10005,10006,10007,10008,9257,10009,10010,10011,10012,10013,10014,10015,10016,10017,10018,10019,10020,10021,10022,6450,9574,9575,9577,9578,9579,6228,6210,9580,9581,9582,9583,9584,9585,9586,9587,9588,6064,9767,9768,9769,9771,9772,6591,9773,9774,9775,9776,9777,9778,9779,9780,9781,10023,10024,10025,10026,10027,10028,10029,10030,10031,10032,10033,10034,10035,10036,10037,10038,10039,10040,10041,10042,10043,10044,10045,10046,10047,10048,10049,5463,10050,10051,785,10052,10053,10054,10055,10056,10057,10058,10059,5334,10060,10061,10062,10063,792,10064,10065,10066,10067,10068,10069,10070,770,10071,10072,10073,10074,10075,10076,10077,10078,10079,10080,10081,777,10082,10083,10084,10085,762,10086,10087,10088,10089,10090,10091,10092,10093,753,10094,10095,10096,10097,10098,10099,10100,10101,744,10102,10103,10104,10105,10106,10107,733,10108,10109,10110,10111
62,1066,1067,1068,1069,1070,912,931,2,1071,1072,1073,1074,1075,1041,1057,1076,1077,1078,1079,1080,1081,1082,1083,1084,14655,14656,14657,11983,14658,12682,12572,11029,8505,14659,14660,14661,11036,14662,14663,14664,14665,14666,14667,14668,14669,14670,14671,14672,14673,11723,14674,14675,12505,12937,11387,14676,14677,14678,14679,14680,11394,14681,14682,14683,14684,14685,14686,14687,14688,14689,14690,14691,14692,14693,14694,84,83,14695,14696,14697,14698,11806,11838,14699,14700,14701,14702,14703,14704,14705,14706,14707,14708,14709,14710,12040,14711,12038,14712,14713,14714,14715,12114,12097,14716,14717,14718,14719,14720,14721,14722,14723,14724,14725,14726,14727,13924,13729,14184,14728,14729,14730,14731,12113,11836,12414,14732,14733,14734,14735,14736,14737,14738,14739,12683,12684,12685,8251,135,53,12686,146,12687,12688,12689,12673,12690,12691,12692,12693,12694,12695,12696,12697,12698,12936,12938,12939,327,54,12940,317,12941,12942,12943,12927,12944,12945,12946,12947,12948,12949,12950,12951,12952,48,49,50,51,52,55,56,0,57,58,59,60,61,63,64,65,66,67,68,69,70,14740,14741,14742,14743,13471,14744,14745,14746,13897,14747,14379,14365,14748,14749,14750,14751,14752,14753,14754,14755,14756,8353,14757,14758,14759,316,14760,14761,13718,14762,14763,9711,14575,14764,14765,14766,14767,14768,14769,14770,14771,14772,14773,13598,11390,14774,14775,14776,14777,14778,11453,14779,14780,14781,14782,14783,14784,14785,14786,14787,14788,13830,11033,14789,14790,14791,11110,14792,14793,14794,14795,14796,14797,14798,14799,14800,14801,14802,14803,14804,14805,14081,14806,14807,14808,14809,14810,14811,14812,14813,14814,14815,14816,14817,14818,14819,11393,14377,14378,14380,14381,14382,11175,11157,14383,14384,14385,14386,14387,14388,14389,14390,14391,11035,14572,14573,14574,14576,14577,11535,14578,14579,14580,14581,14582,14583,14584,14585,14586,14820,14821,14822,14823,14824,14825,14826,14827,14828,14829,14830,14831,14832,14833,14834,14835,14836,14837,14838,14839,14840,14841,14842,14843,14844,14845,14846,5020,14847,14848,1149,14849,14850,14851,14852,14853,14854,14855,14856,5177,14857,14858,14859,14860,1155,14861,14862,14863,14864,14865,14866,14867,1134,14868,14869,14870,14871,14872,14873,14874,14875,14876,14877,14878,1142,14879,14880,14881,14882,1125,14883,14884,14885,14886,14887,14888,14889,14890,1115,14891,14892,14893,14894,14895,14896,14897,14898,1105,14899,14900,14901,14902,14903,14904,1095,14905,14906,14907,14908
84,1400,1401,1402,1403,1404,1248,1267,3,1405,1406,931,1407,1408,1377,1068,1409,1410,1411,1412,1413,1414,1415,1416,1417,19031,19032,19033,16355,19034,17052,16919,15805,19035,19036,19037,19038,15810,19039,19040,19041,19042,19043,19044,19045,19046,19047,19048,19049,19050,16085,19051,19052,16849,17312,11717,19053,12937,19054,19055,19056,11723,19057,19058,19059,19060,19061,19062,19063,19064,19065,19066,19067,19068,19069,19070,16146,16145,19071,19072,19073,19074,16173,14691,19075,19076,19077,19078,19079,19080,19081,19082,19083,19084,19085,19086,16412,19087,16410,19088,19089,12938,19090,16474,16457,19091,19092,19093,19094,19095,19096,19097,19098,19099,19100,19101,19102,18381,330,18589,19103,13729,12939,19104,16473,14726,16760,19105,19106,19107,19108,19109,19110,19111,19112,17053,17054,17055,16910,16928,75,17056,17057,17058,17059,17060,14694,17061,17062,17063,17064,17065,17066,17067,17068,17069,17311,17313,17314,17207,76,17315,328,327,17316,17317,17302,17318,17319,17320,17321,17322,17323,17324,17325,17326,71,50,72,73,74,77,78,79,0,80,81,82,83,85,86,87,88,89,90,91,92,19113,19114,19115,19116,17881,19117,19118,19119,18354,19120,18784,18770,19121,19122,19123,19124,19125,19126,19127,19128,19129,19130,19131,19132,19133,18175,19134,19135,317,19136,19137,18727,14696,19138,19139,19140,19141,19142,19143,19144,19145,19146,12936,135,54,12940,12941,12942,12943,12927,62,12944,12945,12946,12947,12948,12949,12950,12951,12952,19147,18269,6737,9689,19148,19149,6744,19150,19151,19152,19153,19154,19155,19156,19157,19158,19159,19160,14805,19161,19162,18485,19163,19164,19165,19166,14807,19167,19168,19169,19170,19171,19172,19173,19174,19175,11722,18782,18783,18785,18786,18787,15893,11806,18788,18789,18790,18791,18792,18793,18794,18795,18796,14690,14692,14693,14695,14697,14698,11838,14699,14700,14701,14702,14703,14704,14705,14706,14707,19176,19177,19178,19179,19180,19181,14822,14821,19182,19183,19184,19185,19186,19187,19188,19189,19190,19191,19192,19193,19194,19195,19196,19197,19198,19199,19200,19201,19202,19203,1485,19204,19205,19206,19207,19208,19209,19210,19211,19212,19213,19214,19215,19216,1492,19217,19218,19219,19220,19221,19222,19223,1467,19224,19225,19226,19227,19228,19229,19230,19231,19232,19233,19234,1476,19235,19236,19237,19238,1458,19239,19240,19241,19242,19243,19244,19245,19246,1448,19247,19248,19249,19250,19251,19252,19253,19254,1438,19255,19256,19257,19258,19259,19260,1428,19261,19262,19263,19264
105,1712,1713,1714,1715,1716,1563,1583,4,1717,1718,1719,545,1720,706,1703,1721,1722,1723,1724,1725,1726,1727,1728,1729,23047,23048,23049,20439,23050,21129,21014,7061,23051,23052,7774,23053,7068,23054,23055,23056,23057,23058,23059,23060,23061,23062,23063,23064,23065,16374,23066,23067,20947,21404,20219,23068,23069,23070,23071,23072,16476,23073,23074,23075,23076,23077,23078,23079,23080,23081,23082,23083,23084,23085,23086,16430,16429,23087,23088,7776,23089,16442,16475,23090,23091,23092,23093,23094,23095,23096,23097,23098,23099,23100,23101,20498,23102,20496,23103,23104,23105,23106,9911,20559,23107,23108,23109,23110,23111,23112,23113,23114,23115,23116,23117,23118,330,22399,22605,9101,23119,23120,7777,9927,16473,20858,23121,23122,23123,23124,23125,23126,23127,23128,21130,21131,21132,21005,21023,96,329,21133,21134,326,21135,21120,21136,21137,21138,21139,21140,21141,21142,21143,21144,21403,21405,21406,21281,97,21407,21408,21409,21410,21411,9913,21412,21413,21414,21415,21416,21417,21418,21419,21420,28,93,73,94,95,98,99,100,101,0,102,103,104,106,107,108,109,110,111,112,113,23129,23130,23131,23132,21924,23133,23134,23135,301,23136,9914,22784,23137,23138,23139,23140,23141,23142,23143,23144,23145,23146,23147,23148,23149,22189,23150,23151,22388,23152,23153,22743,22959,23154,23155,23156,23157,23158,23159,23160,23161,23162,23163,22287,11958,14301,23164,7779,23165,23166,11964,23167,23168,23169,23170,23171,23172,23173,23174,23175,7775,156,30,7778,7780,7781,39,7765,7782,7783,7784,7785,7786,7787,7788,7789,7790,10007,23176,23177,23178,22503,23179,23180,23181,10009,23182,23183,23184,23185,23186,23187,23188,23189,23190,23191,9910,9894,9912,9915,9916,9917,7200,7183,9918,9919,9920,9921,9922,9923,9924,9925,9926,7067,22956,22957,22958,22960,22961,20289,22962,22963,22964,22965,22966,22967,22968,22969,22970,23192,23193,23194,23195,23196,10026,23197,23198,10023,23199,23200,23201,23202,23203,23204,23205,23206,23207,23208,23209,23210,23211,23212,23213,23214,23215,23216,23217,23218,23219,1797,23220,23221,23222,23223,23224,23225,23226,23227,23228,23229,23230,23231,23232,1804,23233,23234,23235,23236,23237,23238,23239,1779,23240,23241,23242,23243,23244,23245,23246,23247,23248,23249,23250,1788,23251,23252,23253,23254,1771,23255,23256,23257,23258,23259,23260,23261,23262,1763,23263,23264,23265,23266,23267,23268,23269,23270,1754,23271,23272,23273,23274,23275,23276,1742,23277,23278,23279,23280
126,2024,2025,2026,2027,2028,1875,1895,5,2029,2030,2031,2032,2033,2000,2015,2034,2035,2036,2037,2038,2039,2040,2041,2042,27042,27043,27044,20725,27045,25133,25002,20981,27046,27047,27048,27049,20862,27050,27051,27052,27053,27054,27055,27056,27057,27058,27059,27060,27061,16645,27062,27063,24932,25410,17185,27064,27065,27066,27067,27068,16763,27069,27070,27071,27072,27073,27074,27075,27076,27077,27078,27079,27080,27081,27082,16703,312,27083,27084,27085,27086,16728,16762,27087,27088,27089,27090,27091,27092,27093,27094,27095,27096,27097,27098,20782,27099,295,27100,27101,27102,27103,20859,20842,27104,27105,27106,27107,27108,27109,27110,27111,27112,27113,27114,27115,26589,26448,330,7501,12414,27116,27117,20858,16760,24839,27118,27119,27120,27121,27122,27123,27124,27125,25134,25135,25136,24993,25011,117,25137,25138,25139,25140,25141,25124,25142,25143,25144,25145,25146,25147,25148,25149,25150,25409,25411,25412,25289,118,25413,25414,25415,25416,25417,25400,25418,25419,25420,25421,25422,25423,25424,25425,25426,114,115,74,95,116,119,120,121,122,123,0,124,125,127,128,129,130,131,132,133,134,27126,27127,27128,27129,9546,27130,27131,27132,7500,27133,26776,26762,27134,27135,27136,27137,27138,27139,27140,27141,27142,27143,27144,27145,27146,14559,27147,27148,12412,27149,27150,26719,26956,27151,27152,27153,27154,27155,27156,27157,27158,27159,27160,26384,158,27161,12411,27162,27163,27164,11684,27165,27166,27167,27168,27169,27170,27171,27172,27173,27174,26525,137,27175,7497,27176,7049,27177,27178,27179,27180,27181,27182,27183,27184,27185,27186,27187,27188,27189,27190,180,27191,27192,27193,27194,27195,27196,27197,27198,27199,27200,27201,27202,27203,27204,17189,26774,26775,26777,26778,26779,24292,24275,26780,26781,26782,26783,26784,26785,26786,26787,26788,20986,26953,26954,26955,26957,26958,24540,26959,26960,26961,26962,26963,26964,26965,26966,26967,27205,27206,27207,27208,27209,27210,27211,27212,27213,27214,27215,27216,27217,27218,27219,27220,27221,27222,27223,27224,27225,27226,27227,27228,27229,27230,27231,27232,27233,27234,2106,27235,27236,27237,27238,27239,27240,27241,27242,27243,27244,27245,27246,27247,2113,27248,27249,27250,27251,27252,27253,27254,2088,27255,27256,27257,27258,27259,27260,27261,27262,27263,27264,27265,2097,27266,27267,27268,27269,384,27270,27271,27272,27273,27274,27275,27276,27277,373,27278,27279,27280,27281,27282,27283,27284,27285,360,27286,27287,27288,27289,27290,27291,347,27292,27293,27294,27295
147,2326,2327,2328,1622,2329,2182,2200,6,2330,2331,2332,2333,2334,16,2317,2335,2336,2337,2338,2339,2340,2341,2342,2343,30838,30839,30840,21005,30841,29034,28916,7645,30842,30843,30844,30845,326,30846,30847,30848,30849,30850,30851,30852,30853,30854,30855,30856,30857,28424,30858,30859,28846,29274,28194,30860,30861,30862,30863,30864,28198,30865,30866,30867,30868,30869,30870,30871,30872,30873,30874,30875,21948,30876,30877,28479,28478,30878,30879,30880,30881,18723,28538,30882,30883,30884,30885,30886,30887,30888,30889,30890,21947,21949,21950,21056,21835,99,21951,21952,21953,21954,329,21116,21955,21956,21957,21958,21959,21960,21961,21962,21963,30891,30892,30893,30339,30158,30576,30894,30895,30896,30897,21132,28536,27117,30898,30899,30900,30901,30902,30903,30904,30905,29035,29036,29037,28907,28925,138,209,29038,29039,29040,29041,29025,29042,29043,29044,29045,29046,29047,29048,29049,29050,29273,29275,29276,29186,139,200,221,29277,29278,29279,167,29280,29281,29282,29283,29284,29285,29286,29287,29288,30,135,136,96,137,140,141,142,143,144,145,0,146,148,149,150,151,152,153,154,155,30906,30907,30908,30909,207,30910,30911,30912,265,30913,331,313,30914,30915,30916,30917,30918,30919,30920,30921,30922,30923,30924,30925,30926,29970,30927,30928,30147,30929,30930,229,30754,30931,30932,30933,30934,30935,30936,30937,30938,30939,30940,30084,28195,30941,30942,30943,30944,30945,28214,30946,30947,30948,30949,30950,30951,30952,30953,30954,30955,30264,7649,30956,30957,30958,334,30959,30960,30961,30962,30963,30964,30965,30966,30967,30968,30969,30970,30971,30972,30492,30973,30974,30975,30976,30977,30978,30979,30980,30981,30982,30983,30984,30985,30986,327,328,330,332,333,335,301,317,336,337,338,339,340,341,342,343,344,7651,30751,30752,30753,30755,30756,14759,30757,30758,30759,30760,30761,30762,30763,30764,30765,30987,30988,30989,30990,30991,30992,30993,30994,30995,30996,30997,30998,30999,31000,31001,31002,31003,31004,31005,31006,31007,31008,31009,31010,31011,31012,31013,31014,31015,4990,2411,31016,31017,31018,31019,31020,31021,31022,31023,31024,31025,4982,31026,31027,2418,31028,31029,31030,31031,31032,31033,31034,2394,31035,31036,31037,31038,31039,31040,31041,31042,31043,31044,31045,2402,31046,31047,31048,31049,2386,31050,4946,31051,31052,31053,31054,31055,31056,2376,31057,4959,31058,31059,31060,31061,31062,31063,2366,31064,31065,31066,31067,31068,31069,2355,31070,31071,31072,31073
167,2608,2609,1329,2610,2611,2200,2484,7,2612,2613,2614,2615,2616,2599,16,2617,2618,2619,2620,2621,2622,2623,2624,2625,34325,34326,34327,29152,34328,29273,29177,28916,34329,34330,34331,34332,29134,30847,34333,34334,34335,34336,34337,34338,34339,34340,34341,34342,34343,17207,34344,34345,28194,32802,12826,34346,34347,34348,34349,34350,327,30864,34351,34352,34353,34354,34355,34356,34357,34358,18184,18185,18186,18187,18054,17258,79,18188,18189,18190,18191,17298,328,18192,18193,18194,18195,18196,18197,18198,18199,18200,34359,34360,34361,29275,34362,32254,34363,34364,34365,34366,32330,22915,34367,34368,34369,34370,34371,34372,34373,34374,34375,34376,34377,34378,33820,33662,34063,34379,34380,34381,34382,32329,17314,27116,34383,34384,34385,34386,34387,34388,34389,34390,29274,28479,29276,28925,29186,139,200,221,29277,29278,29279,147,29280,29281,29282,29283,29284,29285,29286,29287,29288,32801,32803,32804,32694,159,32805,230,32806,32807,32808,32792,32809,32810,32811,32812,32813,32814,32815,32816,32817,156,54,76,157,158,160,161,162,163,164,165,166,0,168,169,170,171,172,173,174,175,34391,34392,34393,34394,33282,34395,34396,34397,33809,34398,34240,207,30909,34399,34400,34401,34402,34403,34404,34405,34406,34407,34408,34409,30931,229,34410,34411,248,34412,34413,296,332,34414,34415,34416,34417,34418,34419,34420,34421,34422,34423,33571,12828,34424,34425,34426,34427,34428,333,34429,34430,34431,34432,34433,34434,34435,34436,34437,34438,33762,29132,34439,34440,34441,32045,34442,34443,34444,34445,34446,34447,34448,34449,34450,34451,34452,34453,34454,34455,33979,34456,34457,34458,34459,34460,34461,34462,34463,34464,34465,34466,34467,34468,34469,12831,34238,34239,34241,34242,34243,9945,301,34244,34245,34246,34247,34248,34249,34250,34251,34252,326,329,330,331,334,335,317,336,337,338,339,340,341,342,343,344,34470,34471,34472,34473,34474,34475,34476,34477,34478,34479,34480,34481,34482,34483,34484,34485,34486,34487,34488,34489,34490,34491,34492,34493,34494,34495,34496,34497,34498,34499,2694,34500,34501,34502,34503,34504,34505,34506,34507,34508,34509,34510,34511,34512,2700,34513,34514,34515,34516,34517,34518,34519,2677,34520,34521,5004,34522,34523,34524,34525,34526,34527,34528,34529,2686,4998,34530,34531,34532,2669,34533,34534,34535,34536,34537,34538,34539,34540,2660,34541,34542,34543,34544,34545,34546,34547,34548,2650,34549,4969,34550,34551,34552,34553,2638,34554,4980,34555,34556
338,4762,4949,4950,4815,4951,2337,2619,18,4847,4952,4953,4893,4954,4467,4668,4930,16,4955,4956,4957,4958,4959,4960,423,60358,60530,60531,21138,60532,30849,29136,7653,60533,60534,60464,60535,7784,60495,60512,326,60536,4961,60537,60538,60539,60540,5925,62849,62850,34726,62851,62852,29301,34501,32831,60672,62853,62854,62855,62856,31222,62857,4781,62858,62859,4780,62860,62861,62862,62863,62864,62865,61215,62866,62867,34502,59704,62868,62869,62169,62870,18733,59491,62871,4801,62872,62873,62874,62875,4798,62876,5927,61214,61085,61216,21957,61117,21927,61133,61217,61218,61219,23139,22920,61195,329,61220,61221,61222,61223,61224,61225,5928,62877,62878,62879,51321,62880,62881,62882,62883,62884,62170,23223,62885,27124,4835,62886,62887,62888,62889,62890,62891,4830,31017,31018,31019,29044,29282,149,30916,31020,31021,30962,31022,30759,30999,147,31023,31024,31025,4982,31026,31027,2418,34335,34369,34503,32811,169,34400,34504,34505,34445,34506,34246,34482,167,34507,34508,34509,34510,34511,34512,2700,41,358,359,107,360,190,211,361,362,267,363,303,319,0,364,365,366,367,368,369,370,61611,61612,61613,61510,41692,61526,61614,61615,50885,61616,57085,56932,61593,331,61617,61618,4974,61619,61620,61621,5929,61681,62892,62893,62894,59317,62895,62896,59747,62897,62898,56995,59493,62899,4866,62900,4864,62901,62902,62903,62904,62905,62906,46904,34709,62907,62908,62172,62909,62910,59494,62911,4883,62912,62913,62914,4879,62915,62916,5931,62168,49784,7735,62171,62103,62173,9109,62132,62149,334,62174,62175,62176,62177,62178,62179,5932,62917,62918,62919,62920,53194,62921,62922,62923,62924,62925,62926,4917,62927,62928,62929,62930,62931,4911,5933,34712,57167,57168,57169,57170,57171,9952,9714,57150,301,57172,57173,57174,57175,4992,57176,4548,7767,59381,59492,59409,59438,59495,14766,59473,317,59496,59497,59498,59499,59500,59501,4749,62474,62661,62662,62527,62663,62559,62664,62665,62605,62666,62642,336,62667,62668,62669,62670,62671,62672,5007,327,328,330,332,333,335,337,339,340,341,342,343,344,62932,62933,62934,62935,62936,62937,62938,62939,62940,62941,62942,62943,5321,62944,62945,62946,4848,62947,62948,62949,5299,62950,62951,5450,4764,62952,62953,62954,62955,62956,62957,62958,5307,62959,5579,62960,62961,5291,62962,4470,62963,62964,62965,5935,62966,2341,5282,62967,62968,62969,62970,62971,5936,62972,62973,5273,62974,62975,4935,62976,5926,5887,24,5930,5923,5934,5937
337,4761,4937,4938,4814,4939,2336,2618,17,4846,4940,4941,4892,4942,4466,4667,4929,4943,16,4944,4945,4946,4947,416,4948,60357,60519,60520,21137,60521,30848,29135,7652,60522,60523,60463,60524,7783,60494,60511,60525,326,60526,4971,60527,60528,5844,60529,62721,62722,34580,62723,62724,29289,34489,32818,60673,62725,62726,62727,62728,31084,62729,62730,4782,4779,62731,62732,62733,62734,62735,62736,62737,61203,62738,62739,34490,59563,62740,62741,62157,62742,18734,59480,62743,62744,4802,62745,62746,4797,62747,5846,62748,61202,61084,61204,21956,61116,21926,61132,61205,61206,61207,23138,22919,61194,61208,329,61209,61210,61211,61212,5847,61213,62749,62750,62751,51309,62752,62753,62754,62755,62756,62158,23211,62757,27125,62758,4836,62759,62760,62761,62762,4829,62763,31006,31007,31008,29043,29281,148,30915,31009,31010,30961,31011,30758,30998,31012,147,31013,31014,31015,4990,2411,31016,34334,34368,34491,32810,168,34399,34492,34493,34444,34494,34245,34481,34495,167,34496,34497,34498,34499,2694,34500,40,345,346,106,347,189,210,348,349,266,350,302,318,351,0,352,353,354,355,356,357,61600,61601,61602,61509,41691,61525,61603,61604,50884,61605,57084,56931,61592,61606,331,4964,61607,61608,61609,5848,61610,61680,62764,62765,62766,59305,62767,62768,59606,62769,62770,56984,59482,62771,62772,4865,62773,4863,62774,62775,62776,62777,62778,46903,34563,62779,62780,62160,62781,62782,59483,62783,62784,4882,62785,62786,62787,4878,5850,62788,62156,49783,7734,62159,62102,62161,9108,62131,62148,62162,334,62163,62164,62165,62166,5851,62167,62789,62790,62791,62792,53193,62793,62794,62795,62796,62797,62798,62799,4916,62800,62801,62802,62803,5852,4910,34566,57157,57158,57159,57160,57161,9951,9713,57149,57162,301,57163,57164,4984,57165,4541,57166,7766,59380,59481,59408,59437,59484,14765,59472,59485,317,59486,59487,59488,59489,4743,59490,62473,62649,62650,62526,62651,62558,62652,62653,62604,62654,62641,62655,336,62656,62657,62658,62659,5001,62660,62804,62805,62806,62807,62808,62809,62810,62811,62812,62813,62814,5158,62815,327,328,330,332,333,335,338,339,340,341,342,343,344,4763,62816,62817,62818,62819,62820,62821,5142,62822,5444,62823,62824,62825,62826,4849,62827,62828,62829,62830,5150,5573,62831,62832,2340,5134,62833,62834,62835,62836,5854,62837,62838,62839,5125,62840,4471,62841,62842,5855,62843,5845,5806,23,5849,5842,5853,5856,62844,62845,5117,62846,62847,4936,62848
340,4971,4782,4800,4972,4973,2339,2621,20,4974,4866,4881,4975,4976,4469,4670,4932,4945,4957,16,4977,4978,407,4979,4980,63081,63082,63083,31498,63084,31038,29323,29086,60432,63085,63086,63087,31485,63088,63089,62824,4764,4761,63090,63091,63092,63093,63094,60788,60620,17322,60789,60790,28202,34354,12835,60791,60688,60792,60793,60734,12948,60751,4937,60773,327,60794,60795,5750,60796,60797,61021,60856,61022,61023,60904,18196,18179,61024,60940,61025,61026,18732,19142,60984,60996,61007,328,61027,61028,5751,61029,61030,63095,63096,63097,31039,63098,57624,63099,63100,62026,63101,57186,22925,63102,62825,62952,4820,63103,63104,5752,63105,4817,63106,63107,63108,63109,48677,63110,63111,63112,62027,63113,63114,19229,27122,63115,63116,4833,63117,63118,4832,63119,63120,30869,30886,31040,29046,29284,151,31041,30935,30950,31042,31043,30761,31001,31014,31025,147,31044,31045,2402,31046,31047,34522,34523,34524,32813,171,34525,34418,34433,34526,34527,34248,34484,34497,34509,167,34528,34529,2686,4998,34530,382,66,88,383,384,192,385,234,252,386,387,305,321,353,366,0,388,389,390,391,392,61462,63121,63122,63123,56861,63124,63125,63126,57666,63127,57188,57015,63128,4849,62954,4847,63129,63130,63131,63132,63133,61847,61848,61849,61729,45568,61850,61762,48422,61851,61852,56209,59426,61810,61821,4952,332,61853,61854,5754,61855,61856,62025,46902,12885,62028,61929,62029,62030,61971,13739,61988,62000,62011,333,62031,62032,5755,62033,62034,63134,49790,31482,63135,63136,63137,57189,63138,63139,62827,62955,4899,63140,63141,5756,4895,63142,63143,63144,63145,63146,53192,63147,63148,63149,63150,63151,63152,63153,63154,4915,63155,4913,5757,63156,63157,12931,57060,57187,57103,57117,57190,9954,9716,57152,57164,57174,301,57191,57192,4532,57193,57194,31484,59510,59511,59512,59513,59514,14768,59475,59487,59498,317,59515,59516,4735,59517,5006,62683,62494,62512,62684,62685,62686,62578,62593,62687,62688,62644,62657,62669,336,62689,62690,4993,62691,62692,62731,62746,62826,4863,62786,62828,62812,337,62829,62830,5150,5573,62831,4780,62874,62953,62901,62914,62956,62940,338,62957,62958,5307,62959,5579,326,329,330,331,334,335,339,341,342,343,344,63158,63159,63160,63161,63162,63163,63164,63165,5565,63166,63167,63168,63169,5549,63170,63171,4933,63172,63173,63174,5749,5706,22,5753,5745,5758,5759,5760,5761,63175,63176,5293,63177,4673,63178,63179,63180,2625,5137,63181,63182,63183,63184
339,4961,4781,4799,4962,4963,2338,2620,19,4964,4865,4880,4965,4966,4468,4669,4931,4944,4956,4967,16,398,4968,4969,4970,62977,62978,62979,31374,62980,31028,29313,29075,60433,62981,62982,62983,31361,62984,62985,4763,62944,62986,4762,62987,62988,62989,62990,60778,60619,17321,60779,60780,28201,34353,12834,60781,60687,60782,60783,60733,12947,60750,60762,4949,60784,327,5649,60785,60786,60787,61011,60855,61012,61013,60903,18195,18178,61014,60939,61015,61016,18731,19141,60983,60995,61006,61017,328,5650,61018,61019,61020,62991,62992,62993,31029,62994,57507,62995,62996,62016,62997,57177,22926,62998,62816,62945,62999,4821,5651,63000,4816,63001,63002,63003,63004,63005,48667,63006,63007,63008,62017,63009,63010,19219,27123,63011,63012,63013,4834,4831,63014,63015,63016,30868,30885,31030,29045,29283,150,31031,30934,30949,31032,31033,30760,31000,31013,31024,31034,147,2394,31035,31036,31037,34513,34514,34515,32812,170,34516,34417,34432,34517,34518,34247,34483,34496,34508,34519,167,2677,34520,34521,5004,371,65,87,372,373,191,374,233,251,375,376,304,320,352,365,377,0,378,379,380,381,61461,63017,63018,63019,56851,63020,63021,63022,57549,63023,57179,57006,63024,62818,4848,63025,4846,63026,63027,63028,63029,61837,61838,61839,61728,45567,61840,61761,48421,61841,61842,56208,59425,61809,4940,61832,61843,332,5653,61844,61845,61846,62015,46901,12884,62018,61928,62019,62020,61970,13738,61987,61999,62010,62021,333,5654,62022,62023,62024,63030,49789,31358,63031,63032,63033,57180,63034,63035,62819,62947,63036,4898,5655,63037,63038,4894,63039,63040,63041,63042,53191,63043,63044,63045,63046,63047,63048,63049,63050,63051,4914,5656,4912,63052,63053,12930,57059,57178,57102,57116,57181,9953,9715,57151,57163,57173,57182,301,4524,57183,57184,57185,31360,59502,59503,59504,59505,59506,14767,59474,59486,59497,59507,317,4726,59508,5000,59509,62673,62493,62511,62674,62675,62676,62577,62592,62677,62678,62643,62656,62668,62679,336,4985,62680,62681,62682,4779,62745,62817,62773,62785,62820,62811,62821,337,5142,62822,5444,62823,62859,62873,62946,4864,62913,62948,62939,62949,338,5299,62950,62951,5450,63054,63055,63056,63057,63058,63059,63060,5428,63061,63062,63063,326,329,330,331,334,335,340,341,342,343,344,5648,5605,21,5652,5644,5657,5658,5659,5660,63064,63065,5421,63066,63067,4934,63068,63069,63070,63071,2624,5283,63072,63073,63074,63075,63076,63077,5127,63078,4674,63079,63080
407,5749,5750,5751,5752,4832,5706,2686,22,5753,5754,5755,5756,5757,5745,4735,5758,5150,5307,342,5565,340,5759,5760,5761,71004,71005,71006,23898,71007,70576,35161,70378,71008,71009,71010,71011,23946,71012,71013,64927,63277,62838,71014,63094,71015,63092,71016,71017,71018,17383,71019,60657,35172,35219,12837,71020,71021,71022,71023,71024,13008,71025,62733,71026,4784,69146,4782,71027,71028,63180,71029,71030,71031,60887,71032,18254,18181,71033,71034,71035,71036,19924,19937,71037,62746,71038,4802,69147,4800,71039,71040,71041,71042,71043,61416,23924,71044,23922,71045,71046,71047,71048,23943,23029,71049,64930,66520,61258,71050,4972,71051,71052,61242,61415,61299,61417,51206,48540,54540,61418,61355,61367,61419,23124,19108,27121,61391,61402,330,61420,4973,61421,61422,61423,70577,70578,70579,70531,35179,403,52016,45623,70580,52013,70581,60145,70582,64905,2402,4990,69119,31014,70583,31764,70584,35218,35220,34386,32876,173,35221,35222,35223,35224,35225,35214,35226,34689,34835,2623,35057,2621,35227,35228,35229,402,68,90,111,132,404,405,236,254,271,290,406,323,355,368,379,390,0,408,409,410,71053,71054,71055,71056,70861,71057,71058,71059,52009,71060,70979,60165,71061,63302,66521,62967,71062,63132,71063,71064,63131,71065,71066,61713,71067,45570,71068,71069,48483,71070,71071,60174,60184,71072,71073,62903,4868,69150,4866,71074,63177,71075,71076,49309,12887,71077,71078,71079,71080,71081,13797,71082,71083,62914,4883,69151,4881,71084,71085,71086,71087,49939,51959,71088,71089,71090,51964,71091,71092,64931,66524,62213,71093,4975,71094,62196,71095,71096,71097,71098,71099,55272,71100,71101,71102,71103,71104,71105,71106,71107,62448,63163,4976,71108,71109,71110,13007,70977,70978,70980,70981,70982,70454,15546,70983,4532,66517,4992,69141,57174,70984,70985,57895,60181,60182,59395,60183,60185,60186,15558,60187,59671,59812,4672,60030,4670,60188,60189,60190,71111,71112,71113,71114,71115,71116,71117,71118,71119,71120,71121,64933,66526,4993,69154,62689,63331,71122,71123,64928,64929,62760,61823,62000,64932,64629,4947,64808,4945,64934,5775,64935,60775,61007,62888,66522,66523,66525,66222,4959,66401,4957,66527,66528,5781,4989,4819,4834,4991,4897,4915,4968,16,4994,4995,4996,69145,69148,63117,69149,69152,69153,69016,4977,5767,69155,69156,4971,2339,20,4974,4469,4932,4978,4979,4980,71124,71125,5437,71126,71127,71128,71129,71130,71131,60796,71132,5309,71133,59532,71134,71135,71136,34546,5153,61856,71137,71138,71139
398,5648,5649,5650,5651,4831,5605,2677,21,5652,5653,5654,5655,5656,5644,4726,5657,5142,5299,5428,341,5658,339,5659,5660,69967,69968,69969,23802,69970,69539,35069,69341,69971,69972,69973,69974,23850,69975,69976,63197,66452,69977,62960,69978,62989,69979,62987,69980,69981,17374,69982,60656,35080,35127,12836,69983,69984,69985,69986,69987,13000,69988,69989,62860,67765,4783,69990,4781,63071,69991,69992,69993,69994,60886,69995,18246,18180,69996,69997,69998,69999,19824,19837,70000,70001,62873,67766,4801,70002,4799,70003,70004,70005,70006,61407,23828,70007,23826,70008,70009,70010,70011,23847,23020,70012,64859,66455,70013,61251,70014,4962,61232,70015,61406,61298,61408,51205,48539,54539,61409,61354,61366,61410,23123,19107,27120,61390,61401,61411,330,61412,4963,61413,61414,69540,69541,69542,69494,35087,394,51925,45616,69543,51922,69544,60059,69545,2394,66430,67738,4982,69546,31024,69547,31683,35126,35128,34385,32868,172,35129,35130,35131,35132,35133,35122,35134,34681,34827,34942,2622,35135,2620,35136,35137,393,67,89,110,131,395,396,235,253,270,289,397,322,354,367,378,389,399,0,400,401,70016,70017,70018,70019,69824,70020,70021,70022,51918,70023,69942,60079,70024,64860,63222,70025,62833,70026,63029,63026,70027,70028,70029,61712,70030,45569,70031,70032,48474,70033,70034,60088,60098,70035,62774,70036,67769,4867,70037,4865,70038,63078,70039,49214,12886,70040,70041,70042,70043,70044,13789,70045,62785,70046,67770,4882,70047,4880,70048,70049,70050,49930,51868,70051,70052,70053,51873,70054,70055,64863,66456,70056,62204,70057,4965,70058,62186,70059,70060,70061,70062,55180,70063,70064,70065,70066,70067,70068,70069,70070,63059,62440,70071,4966,70072,70073,12999,69940,69941,69943,69944,69945,69417,15456,69946,64856,4524,67760,4984,69947,57163,57802,69948,60095,60096,59394,60097,60099,60100,15468,60101,59663,59804,59917,4671,60102,4669,60103,60104,70074,70075,70076,70077,70078,70079,70080,70081,70082,70083,70084,64865,66458,67773,4985,63252,62679,70085,70086,60763,60995,62759,64861,64862,64864,64622,64716,4946,64866,4944,5674,64867,66453,66454,62887,61833,62010,66457,66215,66309,4958,66459,4956,66460,5680,67764,67767,63013,67768,67771,67772,67700,5666,4967,67774,67775,4981,4818,4833,4983,4896,4914,4978,4986,16,4987,4988,70087,70088,5558,70089,70090,70091,70092,70093,70094,4961,2338,19,4964,4468,4931,4968,4969,4970,70095,34537,5301,61845,70096,70097,70098,60787,70099,5145,70100,59525,70101,70102
423,5925,5926,5927,5928,4830,2418,5887,24,5929,5930,5931,5932,5933,4548,5923,5934,344,5321,5450,5579,5935,5936,338,5937,72816,72817,72818,21215,60416,31901,31860,7659,72819,72820,72821,72822,7857,72823,72824,4768,66641,62990,72825,72826,62966,4762,72827,72828,72829,20067,72830,72831,31851,72433,72263,72832,72833,72834,72835,72836,20111,72837,63076,72838,67954,63421,62863,72839,62861,72840,72841,72842,72843,61396,72844,20093,20092,72845,72846,72847,72848,18869,20110,72849,61038,72850,67955,69262,72851,61010,4950,72852,72853,72854,61100,22030,72855,21933,72856,72857,72858,72859,24110,24100,72860,4821,66644,62945,72861,72862,72863,4815,72864,61281,61395,61397,51204,48538,54538,61335,61398,61399,61377,23122,19106,27119,330,61400,61401,61402,61403,61404,4951,61405,31902,31903,30899,29123,31867,155,31904,31905,31906,31907,31908,31899,31909,2343,31348,31472,31596,31910,31911,2337,31912,72432,72434,72435,72391,419,41774,49517,49516,72436,72437,57985,72438,5004,66620,67934,2700,35155,72439,34508,72440,47,418,92,113,134,420,217,421,256,273,292,309,422,357,370,381,392,401,410,0,424,72865,72866,61494,72867,41698,72868,72869,72870,50962,72871,58018,58011,72872,4853,66645,72873,63133,62962,72874,4847,72875,72876,72877,72878,72879,72708,72880,72881,49513,72882,72883,58004,72804,72884,63181,72885,63444,69264,72886,62905,62902,72887,72888,47088,49466,72889,72890,72891,72892,72893,49471,72894,62050,72895,67957,69265,62014,72896,4953,72897,72898,52133,7741,72899,72900,72901,9182,72902,72903,4899,66648,72904,62955,72905,72906,4893,72907,72908,72909,72910,72911,55433,72912,72913,72914,72915,72916,72917,62462,62937,72918,72919,72920,72921,4954,72922,58016,58017,57070,58019,58020,58021,10904,10894,58022,4473,57487,57604,57721,58023,58024,4467,58025,7856,72801,72802,72803,72805,72806,72326,72807,5006,66639,4749,69261,72808,60208,59498,72809,72923,72924,72925,72926,72927,72928,72929,72930,72931,72932,72933,5007,66650,67959,69268,72934,72935,62667,63471,5003,4804,4836,5005,4885,4917,4948,4970,4980,4988,4996,16,5008,66642,66643,62886,66646,66647,66649,66234,66321,66409,66651,66652,4955,5943,67953,67956,63012,61631,62175,67958,67719,5680,67960,4956,67961,60560,61222,63116,69263,69266,69267,69028,69269,5781,4957,69270,60538,72936,5560,72937,57201,72938,72939,4958,72940,72941,31061,5439,61620,72942,72943,72944,4959,72945,4949,2619,18,4952,4668,4930,4960,72946,72947,5165,72948,72949,72950,72951
416,5844,5845,5846,5847,4829,2411,5806,23,5848,5849,5850,5851,5852,4541,5842,5853,5158,343,5444,5573,5854,5855,5856,337,71975,71976,71977,21208,60415,31827,31786,7658,71978,71979,71980,71981,7850,71982,71983,64992,4767,71984,63093,62832,71985,71986,4761,71987,71988,19987,71989,71990,31777,71592,71422,71991,71992,71993,71994,71995,20031,71996,71997,63175,63355,69211,71998,62734,71999,62732,72000,72001,72002,61385,72003,20013,20012,72004,72005,72006,72007,18862,20030,72008,72009,61045,67901,69212,60998,72010,72011,4938,72012,72013,61099,22023,72014,21932,72015,72016,72017,72018,24034,24024,72019,64995,4820,72020,62825,72021,72022,72023,4814,61280,61384,61386,51203,48537,54537,61334,61387,61388,61376,23121,19105,27118,61389,330,61390,61391,61392,61393,61394,4939,31828,31829,30898,29117,31793,154,31830,31831,31832,31833,31834,31825,31835,31204,2342,31466,31590,31836,31837,31838,2336,71591,71593,71594,71550,412,41768,49444,49443,71595,71596,57917,71597,64971,4998,2694,69191,71598,35242,71599,34497,46,411,91,112,133,413,216,414,255,272,291,308,415,356,369,380,391,400,409,417,0,72024,72025,61493,72026,41697,72027,72028,72029,50955,72030,57950,57943,72031,64996,4852,63028,72032,72033,62840,72034,4846,72035,72036,72037,72038,71867,72039,72040,49440,72041,72042,57936,71963,72043,72044,63072,67903,63378,62776,72045,72046,62775,72047,47081,49393,72048,72049,72050,72051,72052,49398,72053,72054,62041,67904,69214,72055,62002,72056,4941,72057,52060,7740,72058,72059,72060,9175,72061,72062,64999,4898,62819,72063,72064,72065,72066,4892,72067,72068,72069,72070,55361,72071,72072,72073,72074,72075,72076,62809,62456,72077,72078,72079,72080,72081,4942,57948,57949,57069,57951,57952,57953,10823,10813,57954,57347,4472,57598,57715,57955,57956,57957,4466,7849,71960,71961,71962,71964,71965,71485,71966,64990,5000,67900,4743,60117,71967,71968,59486,72082,72083,72084,72085,72086,72087,72088,72089,72090,72091,72092,65001,5001,67907,69216,72093,72094,63406,62655,64993,64994,62758,64997,64998,65000,64636,64724,64812,65002,65003,5862,4943,4997,4803,4835,4999,4884,4916,4960,4969,4979,4987,4995,5002,16,60549,61209,63011,67902,67905,67906,67714,5674,67908,67909,4944,69210,69213,63115,61640,62164,69215,69023,69217,5775,69218,4945,72095,31053,5559,61608,72096,72097,72098,72099,4946,60528,72100,5438,72101,57207,72102,72103,72104,4947,72105,72106,5316,72107,72108,72109,72110,4937,2618,17,4940,4667,4929,4948
218,3305,3114,1631,3306,3307,3308,2243,3309,10,595,3310,3311,3312,3313,3314,3315,3316,3317,3318,3319,3320,3321,3322,3323,42944,40755,42945,42946,42947,42948,42949,42950,42951,42952,42953,42954,42955,42956,42957,42958,42959,42960,42961,42962,42963,42964,42965,40647,40457,21883,40648,40649,40650,29647,40651,203,40652,40653,40654,40655,40656,40657,40658,40659,40660,40661,40662,40663,40664,40665,22032,20507,18001,18000,22033,21065,22034,100,7116,18138,22035,18159,22036,22037,22038,22039,22040,22041,22042,22043,22044,22045,39533,42966,17999,42967,42968,29965,219,42969,16695,42970,42971,42972,42973,42974,42975,42976,42977,42978,42979,42980,42981,42982,41435,42983,42984,42985,42986,18306,42987,42988,42989,42990,42991,42992,42993,42994,42995,42996,42997,42998,42999,43000,39953,43001,43002,43003,29799,43004,221,43005,43006,43007,22136,34407,33365,43008,43009,43010,43011,43012,43013,43014,43015,29796,29797,29798,28951,29800,142,7694,29801,29802,29803,17550,29804,29805,29806,29807,29808,29809,29810,29811,29812,43016,42026,43017,43018,43019,43020,29038,43021,43022,43023,43024,29964,30923,43025,43026,43027,43028,43029,43030,43031,43032,0,79,220,162,222,223,224,225,226,227,228,229,230,231,232,233,234,235,236,237,238,8432,8433,8434,8435,8436,33,6115,8437,8438,8439,8440,8441,8442,8443,8444,8445,8446,8447,8448,8449,8450,43033,43034,43035,260,26095,43036,20791,43037,43038,43039,43040,43041,43042,43043,43044,43045,43046,43047,40776,43048,43049,43050,43051,22135,43052,43053,34181,43054,43055,43056,43057,43058,43059,43060,43061,43062,39764,43063,43064,43065,20416,43066,43067,43068,43069,43070,43071,43072,43073,43074,43075,43076,43077,43078,40841,43079,18307,43080,43081,43082,43083,43084,43085,43086,43087,43088,43089,43090,43091,43092,43093,43094,43095,43096,296,43097,43098,43099,43100,43101,43102,43103,43104,43105,43106,43107,43108,43109,40184,43110,43111,43112,34183,43113,43114,43115,43116,43117,43118,43119,43120,43121,43122,43123,43124,43125,40906,43126,43127,43128,43129,43130,43131,43132,3564,43133,43134,43135,43136,40895,43137,43138,43139,43140,43141,43142,3553,43143,43144,43145,43146,43147,43148,43149,43150,348,43151,43152,43153,43154,43155,43156,43157,43158,43159,43160,361,43161,43162,43163,43164,43165,43166,43167,43168,43169,43170,421,43171,43172,43173,3575,43174,43175,43176,43177,414,43178,43179,43180,43181,3583,40917,43182,43183,43184,43185,43186,43187,40925,43188,43189,43190,43191,43192,43193
239,3603,3604,639,622,621,3605,3606,3607,11,603,3608,3609,3610,3611,3612,3613,3614,3615,3616,3617,3618,3619,3620,3621,46631,46632,9307,8831,46633,46634,46635,46636,46637,46638,46639,46640,46641,46642,46643,46644,46645,46646,46647,46648,46649,46650,46651,46652,46653,9053,9308,46654,46655,46656,46657,13635,46658,46659,46660,46661,46662,46663,46664,46665,46666,46667,46668,46669,46670,46671,9052,6855,36,35,7742,9054,9055,102,6838,274,9056,298,9057,9058,9059,9060,9061,9062,9063,9064,9065,9066,8832,7138,34,8833,8012,8834,101,6839,8594,8835,8836,8631,8837,8838,8839,8840,8841,8842,8843,8844,8845,8736,8816,6139,8754,8817,8818,7406,7427,8804,8819,8820,8821,8822,8823,8824,8825,8826,8827,8828,8829,8830,46672,46673,46674,46675,33557,46676,240,46677,46678,46679,22353,46680,22403,46681,46682,46683,46684,46685,46686,46687,46688,46689,46690,46691,46692,46693,13172,8577,46694,33618,46695,13171,33561,46696,46697,46698,46699,46700,46701,46702,46703,46704,46705,46706,46707,46708,46709,46710,46711,46712,46713,46714,46715,46716,46717,46718,46719,46720,46721,46722,46723,46724,57,0,122,163,241,242,225,243,244,245,246,247,248,249,250,251,252,253,254,255,256,8438,33,6853,8490,8578,8527,8579,8564,8580,8581,8582,8583,8584,8585,8586,8587,8588,8589,8590,8591,8592,46725,46726,46727,8787,46728,46729,22336,46730,46731,46732,46733,46734,46735,46736,46737,46738,46739,46740,46741,46742,46743,9024,46744,22352,46745,46746,46747,46748,46749,46750,46751,46752,46753,46754,46755,46756,46757,46758,46759,46760,9276,9294,46761,22371,46762,46763,46764,46765,46766,46767,46768,46769,46770,46771,46772,46773,8788,46774,46775,46776,46777,46778,46779,46780,46781,46782,46783,46784,46785,46786,46787,46788,46789,9026,13698,46790,46791,46792,46793,46794,46795,46796,46797,46798,46799,46800,46801,46802,46803,46804,22374,46805,46806,46807,46808,46809,46810,46811,46812,46813,46814,46815,46816,46817,46818,46819,46820,46821,46822,46823,46824,46825,46826,46827,3801,46828,46829,46830,46831,46832,46833,46834,46835,46836,46837,46838,3790,46839,46840,46841,46842,46843,46844,46845,46846,3774,46847,46848,46849,46850,46851,46852,46853,46854,46855,46856,3786,46857,46858,46859,46860,46861,46862,46863,46864,46865,46866,3820,46867,46868,46869,3812,46870,46871,46872,46873,3828,46874,46875,46876,46877,3821,46878,46879,46880,10803,46881,46882,46883,46884,46885,46886,10884,46887,46888,46889
274,4067,4068,4069,639,638,4070,4071,4072,13,4073,3609,3927,4074,3946,4075,4076,4077,4078,4079,4080,4081,4082,4083,4084,52193,52194,52195,9052,52196,52197,52198,52199,52200,46633,50593,9307,50832,52201,52202,52203,52204,52205,52206,52207,52208,52209,52210,52211,52212,52213,46660,46659,52214,52215,52216,52217,46741,52218,52219,52220,52221,52222,52223,52224,52225,52226,52227,52228,52229,52230,52231,52232,6855,6854,52233,52234,52235,6819,52236,18535,52237,18558,52238,52239,52240,52241,52242,52243,52244,52245,52246,52247,9053,36,35,7742,9054,9055,102,6838,239,9056,298,9057,9058,9059,9060,9061,9062,9063,9064,9065,9066,6158,9036,6039,7732,9037,9038,261,9039,8819,9040,9041,9042,9043,9044,9045,9046,9047,9048,9049,9050,9051,52248,52249,52250,52251,52252,52253,276,52254,52255,30422,22553,52256,22609,52257,52258,52259,52260,52261,52262,52263,52264,52265,52266,52267,52268,52269,52270,52271,46742,33749,52272,50834,52273,52274,52275,52276,52277,52278,52279,52280,52281,52282,52283,52284,52285,52286,52287,52288,52289,52290,30427,52291,50642,52292,52293,52294,52295,52296,52297,52298,52299,52300,275,81,0,277,278,279,280,245,262,281,282,283,284,285,286,287,288,289,290,291,292,8434,6853,52301,52302,52303,52304,52305,9024,47932,8580,52306,52307,52308,52309,52310,52311,52312,52313,52314,52315,52316,46639,46679,46743,244,46729,46744,22352,46745,46746,46747,46748,46749,46750,46751,46752,46753,46754,46755,50594,50595,50596,50597,41353,22551,41667,50598,50599,50600,50601,50602,50603,50604,50605,50606,50607,52317,52318,52319,52320,52321,9277,52322,52323,22574,52324,52325,52326,52327,52328,52329,52330,52331,52332,52333,50833,50789,263,50835,41651,50836,41688,50837,50838,50839,50840,50841,50842,50843,50844,50845,50846,52334,52335,52336,52337,52338,52339,52340,52341,52342,52343,52344,52345,52346,52347,52348,52349,52350,52351,52352,22577,52353,52354,52355,52356,52357,52358,52359,52360,52361,52362,52363,52364,52365,52366,52367,52368,52369,52370,52371,52372,52373,52374,52375,4290,52376,52377,5089,52378,52379,52380,52381,52382,52383,52384,52385,4281,52386,52387,52388,52389,5246,52390,52391,52392,4265,52393,52394,52395,52396,52397,52398,52399,52400,52401,52402,4277,52403,52404,52405,52406,52407,52408,52409,52410,52411,52412,4307,52413,52414,52415,4299,52416,52417,52418,52419,4315,52420,52421,52422,52423,4308,52424,52425,52426,52427,52428,52429,52430,52431,52432,52433,52434,52435,52436,52437
