410,5697,5777,1479,1791,2100,5709,5778,5779,215,238,3829,4052,4316,5748,5780,5781,5153,5310,5439,5568,24,5770,22,5782,70329,70481,70361,23889,70374,70384,70482,70483,10891,70418,51967,70430,70440,70484,70485,64896,66489,70468,70474,793,5762,402,70486,71295,71296,19959,71297,71298,71299,71300,71301,15542,49383,71302,71303,71304,71305,71306,71307,71308,67860,69169,418,71234,1143,5938,19880,16275,16544,16828,19892,19960,19961,1315,1337,18453,18657,19931,19962,19963,5041,19502,19627,19752,92,19952,90,19964,23967,20646,20926,23901,23968,23969,1628,1649,22471,22673,23938,23970,23971,23417,23566,5351,23774,113,23960,111,23972,27845,27924,24911,27857,27925,27926,1943,1966,26512,26653,27895,27927,27928,5057,27531,5369,27723,134,27917,132,27929,70598,70510,70522,70533,70599,70600,3284,31135,30183,51978,30600,70601,31751,64907,2405,67814,69122,2355,70592,403,70602,71309,71310,71311,71312,71313,34901,3597,49384,33868,34108,71000,35379,64950,66543,67861,2689,419,71235,2660,71314,71315,71316,71317,71318,71319,71320,71321,71322,71323,71324,37982,57838,60305,64951,5723,67862,5901,5448,71325,5148,71326,3021,3038,3055,3071,3285,3286,3132,3150,3165,3183,3287,3213,3288,3242,3254,3264,3274,9,3289,405,3290,3323,3340,3357,3373,3598,3412,3599,3449,3465,3483,3498,3600,3601,3541,3552,3563,3574,421,3590,10,3602,49308,49320,49385,3669,47735,47914,48090,49356,49386,49387,48825,5245,49068,49186,256,49376,254,49388,52041,52042,52043,3910,50578,50756,52012,52044,52045,51508,51650,51757,5524,273,52034,271,52046,55257,55331,55267,55332,55333,4169,4189,54068,55302,55334,55335,54829,5260,55041,5541,292,55324,290,55336,70999,55805,56021,57414,70955,70967,70976,71001,71002,4535,66519,67847,69144,4497,70993,406,71003,71327,58359,58571,59984,71328,71329,71330,71331,64952,66544,4738,69170,422,71237,4719,71332,71333,71334,71335,71336,61402,71337,71338,71339,71340,71341,71342,5761,66545,5936,69171,5579,71343,5307,71344,64949,63813,64000,5075,3778,4268,64631,54803,42625,357,64943,355,64953,66542,1439,2063,5232,65902,66077,66224,42518,27514,370,66536,368,66546,67805,66961,67142,5383,4024,4289,67709,381,67855,379,67863,69114,1772,2082,5512,68726,68895,69018,392,69164,390,69172,47,155,420,217,309,423,401,0,424,71155,71167,71236,5737,71206,71238,71228,408,42780,68,173,404,236,323,407,409,71345,71346,71347,5916,71348,71349,71350
409,45,69,1478,1790,2099,5708,5771,5772,5738,5773,3828,4051,4315,5747,5774,5775,5152,5309,5438,5567,23,5769,5776,22,773,468,490,510,531,774,571,775,613,631,648,667,776,700,777,731,743,753,763,1,778,779,402,814,1145,858,878,899,919,1146,1147,979,997,1013,1032,1048,1148,1149,1094,1105,1116,1127,411,1144,1150,2,1173,16274,16543,16827,19891,19953,19954,19921,19955,18452,18656,19930,19956,19957,5040,19501,19626,19751,91,19951,19958,90,1510,20645,20925,23900,23961,23962,23928,23963,22470,22672,23937,23964,23965,23416,23565,23673,5480,112,23959,23966,111,1821,1840,24910,27856,27918,27919,27886,27920,26511,26652,27894,27921,27922,27410,5214,5368,27722,133,27916,27923,132,31089,70509,28781,70532,70593,31723,70552,70594,30182,51977,70575,70595,70596,64906,2404,67813,69121,2354,70591,70597,403,34969,71239,32600,71240,35284,71241,71242,49377,33877,71243,70994,71244,64944,66537,2688,69165,412,71229,71245,2670,71246,71247,71248,71249,71250,71251,71252,71253,71254,71255,37993,70995,71256,5722,66538,67856,5820,5441,71257,71258,5304,42807,70762,70774,70903,70904,70814,70905,70843,52003,70855,70864,70906,70907,64926,66510,70890,70896,3297,5765,70908,405,46430,71259,71260,71261,71262,71263,71264,49379,71265,71266,71267,71268,71269,71270,71271,67857,69166,414,71231,5860,3589,3619,49319,49378,49346,47734,47913,48089,49355,49380,49381,48824,5244,49067,49185,255,49375,49382,254,3860,52035,52036,52037,50577,50755,52011,52038,52039,51507,51649,5395,51858,272,52033,52040,271,4082,4101,55266,55325,55326,55293,55327,54067,55301,55328,55329,5103,54948,55040,5540,291,55323,55330,290,57369,55804,70933,70996,70954,56649,70975,70997,57875,4534,66518,67846,69143,4496,70992,70998,406,59838,58350,71272,71273,71274,59154,71275,60271,64946,66540,67858,4737,415,71232,71276,4709,71277,71278,71279,71280,61391,71281,71282,71283,71284,71285,71286,64947,5760,5855,69167,5573,71287,71288,5150,5025,63812,2052,64945,3777,64484,64630,10482,27393,356,64942,64948,355,5182,1438,65593,66539,65901,4279,66223,54922,10591,369,66535,66541,368,5337,1763,67141,67840,67417,4288,67708,380,67854,67859,379,5466,68270,2081,69136,4033,68894,69017,391,69163,69168,390,46,154,413,216,308,416,400,417,0,5696,71166,71230,71196,71205,71233,71227,10747,408,5797,71289,71290,71291,71292,71293,71294,68,173,404,236,323,407,410
214,400,3020,3037,1627,3054,3277,3070,3278,3279,3131,3149,3164,3182,3280,3212,3281,3241,3253,3263,3273,3282,9,3283,396,5596,5670,1469,1781,2090,5607,5671,5672,237,3819,4042,4306,5646,5673,5674,5144,5301,5430,5559,5668,23,5675,21,39395,39179,39196,17712,39216,39396,39232,39397,39398,39266,39280,39298,39399,39329,39400,39358,39369,39380,39391,39401,197,3291,39402,39625,39438,17746,39457,39626,39493,39627,39628,39547,16691,17853,39629,39561,39630,39589,3246,39610,39621,39631,198,39632,5623,21807,20503,21824,22004,21840,22005,22006,21900,21915,17838,22007,21943,22008,21972,21984,21993,22001,22009,99,22010,1777,39855,39669,39687,39856,39722,39857,39858,39780,22332,20787,39859,39795,39860,39823,39834,39843,3268,39861,199,39862,5624,42644,42645,42646,42647,40065,42648,42649,42650,29678,41325,42651,41914,42652,2239,42404,42512,31531,42653,2236,42654,5602,40064,39899,39914,39932,40066,40067,39965,39980,33831,39998,40068,40069,40028,40040,40051,40061,40070,200,40071,40072,42655,42656,42657,42658,42659,42660,42661,42662,42663,42664,40243,42665,41915,42272,42405,3089,42620,42666,3088,42667,42668,40366,42669,42670,42671,42672,42673,42674,42675,41327,42676,42677,42678,42679,42273,42406,42680,42681,42682,3113,3110,5627,40917,40679,40696,40918,40919,40920,40772,40788,40804,40822,40921,40852,40922,40880,40891,40902,40913,40923,203,40924,3301,41152,41153,41154,41155,41026,41040,41055,41156,41087,41157,3237,41127,41137,41148,41158,204,41159,5629,41193,41206,41326,41223,25975,41238,41328,41267,41329,41294,41305,41314,41322,41330,205,41331,4038,41557,41381,41558,41397,41559,41560,41449,41465,41561,41496,41562,41525,41536,3261,41554,41563,206,41564,5630,42683,41610,42684,42685,42686,42687,42688,41917,42689,42274,3198,42514,42622,42690,3194,42691,5631,41913,41786,41803,41916,41835,41850,41865,41918,41877,41889,41900,41910,41919,208,41920,41921,42692,42693,42694,42695,42003,42696,42697,42698,42699,42700,42701,42275,42407,42515,3229,42702,3227,42703,42704,42177,3033,42205,42220,42233,42248,42259,5382,42268,42276,210,42277,5140,42309,42323,42337,42352,3146,42380,42391,42400,5511,42408,211,42409,5298,42511,23829,3052,42513,42481,42497,42507,42516,212,42517,5634,42619,42546,42562,42621,42589,3181,42615,42623,213,42624,5635,42705,42706,42707,42708,42709,42710,42711,42712,5636,0,141,201,202,207,209,215,216,217,42713,42714,42715,3133,42716,42717,42718,3023,5625,5626,5628,5632,5633,5637
306,4520,4345,4358,1693,4375,367,2604,4521,4522,4393,4409,3954,4425,4523,4455,4524,397,4495,4505,4516,4525,14,4526,4527,57723,57724,57725,22836,57726,5295,57727,57728,9510,57729,50934,57730,57731,57732,57733,5590,57470,57734,57735,57736,685,57737,683,55682,55514,55528,55543,55562,47257,13228,55683,55684,55591,55604,55622,55685,35896,55686,55647,55658,55668,55678,55687,293,4536,55688,55828,55721,22714,55736,48259,34156,55829,55830,55751,50795,55766,55831,55780,55832,55792,4487,55813,55824,55833,294,55834,55835,22702,20552,22731,1752,21399,22837,22838,22749,22763,9338,22839,22792,22840,1778,22815,22824,22833,22841,103,22842,22843,56041,55871,55889,47473,55904,56042,56043,55956,55968,25988,56044,55997,56045,56009,56020,56029,4511,56046,295,56047,56048,5180,5196,5213,5296,2648,5297,5298,5229,250,4013,5259,4697,5299,21,5271,5281,5291,5300,18,5301,5302,34297,32321,34172,32797,34298,34299,34189,34204,33814,34219,34300,34301,2676,34274,34284,34294,34302,166,34303,34304,57738,57739,57740,57741,57742,57743,57744,57745,57746,57747,38115,57748,57023,5619,57471,2914,57698,57749,2913,57750,57751,41604,57752,57753,57754,57755,57756,57757,57758,50936,57759,57760,57761,57762,5631,57472,57763,57764,57765,3201,3198,57766,56272,56081,56097,48654,56273,56274,56136,56150,56164,56181,56275,56210,56276,56237,56248,56258,56268,56277,296,56278,4546,56471,47032,56472,56473,56360,50828,56374,56474,56406,56475,4478,56446,56456,56467,56476,297,56477,56478,50783,49865,50935,50813,50487,50843,50937,50873,50938,4039,50913,50922,50931,50939,263,50940,50941,56669,56530,46833,56544,56670,56671,56561,56578,56672,56609,56673,56637,56648,4503,56666,56674,298,56675,56676,57767,56720,57768,57769,57770,57771,57772,57025,57773,5643,4441,57582,57700,57774,4437,57775,57776,57022,56903,56919,57024,56949,56964,56978,57026,4725,57001,57010,57019,57027,300,57028,57029,57777,57778,57779,57780,57071,57781,57782,57783,57784,57785,57786,5644,57473,57583,4470,57787,4468,57788,57789,5638,4354,5639,5640,5641,5642,5141,5427,5557,5645,302,5646,5647,57368,57383,57398,57412,4406,57438,57449,57458,57467,57474,303,57475,57476,57580,57512,4373,57581,57551,57566,57576,57584,304,57585,57586,57697,57629,57645,57699,57668,4424,57693,57701,305,57702,57703,57790,48914,57791,57792,57793,57794,57795,57796,57797,37,0,187,207,299,301,307,308,309,57798,57799,57800,4395,57801,57802,57803,4348,57804,57805,57806,57807,57808,57809
341,4981,4783,4801,4818,4833,4982,2622,389,4983,4867,4882,4896,4914,4984,4671,4985,4946,4958,398,4978,4986,16,4987,4988,63185,63186,63187,61244,63188,63189,63190,63191,60438,63192,62198,63193,63194,63195,63196,62832,62960,63197,63198,63199,4767,63200,4765,60798,60621,17323,60639,60658,60799,34355,60800,60801,60689,60704,60721,60802,12949,60803,60763,60774,5649,60795,60804,327,4997,60805,61031,60857,60873,60888,61032,18197,54422,61033,60941,60954,60968,61034,19143,61035,60997,4950,5650,61028,61036,328,61037,61038,61071,61088,61103,61245,61120,54241,61246,61154,61167,61181,61247,22923,61248,61211,61223,61232,61241,61249,329,61250,61251,61424,61300,61320,61425,48541,54681,61426,61356,61368,61380,61427,19109,61428,61392,61403,61412,4973,61429,330,61430,61431,63201,63202,63203,63204,34532,5554,63205,63206,30948,62199,63207,59519,63208,2340,62961,5605,63169,63209,2337,63210,31910,34531,34372,34387,32814,2669,34533,34419,34434,34448,34466,34534,34535,34498,34510,2677,34529,34536,167,34537,34538,5553,1125,1458,5479,5496,5555,5556,3571,3808,5523,288,5557,4718,5134,5291,21,5549,5558,20,5559,5560,61468,63211,63212,63213,63214,63215,63216,63217,62200,63218,63219,63220,63221,62833,62962,63222,63223,63224,4853,4850,63225,61857,61698,61714,61858,61859,61860,61763,48423,61777,61794,61861,59427,61862,61822,61833,5653,61854,61863,332,61864,5005,62035,62036,53073,62037,61930,61943,61957,62038,13740,62039,4941,62012,5654,62032,62040,333,62041,62042,62076,49787,52865,62092,62106,62120,62201,62135,62202,62165,62177,62186,62195,62203,334,62204,62205,62435,62258,62436,62289,53315,62437,62325,62343,62438,62372,62439,62403,62414,4966,62432,62440,335,62441,62442,63226,57057,63227,63228,63229,63230,63231,59521,63232,62834,4470,5644,63171,63233,4466,57955,63234,59518,59384,59396,59520,59441,59459,14769,59522,59488,59499,4726,59516,59523,317,59524,59525,63235,63236,63237,63238,62543,63239,63240,63241,63242,63243,63244,62835,62963,5657,4933,63245,4931,63246,63247,62732,4797,62761,62774,62787,62802,62813,5142,62830,62836,337,5854,62837,62860,62875,62889,62902,4879,62930,62941,5299,62958,62964,338,62965,5935,5648,5651,4831,5652,5655,5656,5428,5658,339,5659,5660,63168,63104,63118,63170,63141,4913,63165,63172,340,63173,63174,63248,63249,55125,63250,63251,63252,63253,63254,63255,326,147,0,331,301,336,342,343,344,63256,63257,54929,4869,60103,63258,63259,4786,35137,54810,63260,63261,63262,63263
44,766,467,489,509,530,767,570,768,401,612,630,647,666,769,699,770,730,742,752,762,771,1,393,772,10608,10609,10610,7253,10611,10612,10613,10614,6134,10615,9156,10616,10617,10618,10619,10226,10364,10620,10621,10622,446,5581,444,6648,6355,6376,6396,6417,6649,6456,6650,6651,6514,6530,6549,6652,6581,6653,6611,6622,6633,6644,6654,26,780,6655,6974,6712,6730,6749,6975,6789,6976,6977,6847,6863,6879,6978,6908,6979,6938,735,6959,6970,6980,27,5583,6981,7018,7036,7054,7254,7093,7255,1782,7131,7146,7162,7256,7191,7257,7221,7233,7242,7250,7258,28,1774,7259,7556,7313,7334,7557,7374,7558,7559,7436,7449,7462,7560,7493,7561,7524,7535,7544,758,7562,29,5584,7563,10623,10624,10625,10626,8106,10627,5608,10628,7722,9157,10629,9827,10630,550,10365,10473,10583,10631,547,5585,10632,8105,7892,7909,7928,8107,8108,7978,7994,8007,8025,8109,8110,8069,8081,8092,8102,8111,31,8112,8113,10633,10634,10635,10636,10637,10638,10639,10640,10641,10642,8330,10643,9828,10227,10366,591,10584,10644,590,10645,10646,70,1470,2091,5676,5677,5637,5678,3820,4043,4307,5647,5679,5680,5145,5302,5431,5560,5669,24,21,5681,8702,8464,8481,8703,8704,8705,8557,8573,8589,8607,8706,8637,8707,8665,8676,8687,8698,8708,33,8709,790,8939,8940,8941,8942,8812,8827,8842,8943,8874,8944,726,8914,8924,8935,8945,34,5588,8946,8983,8998,9158,9032,9048,9063,9159,9095,9160,9124,9136,9145,9153,9161,35,4035,9162,9416,9216,9417,9249,9418,9419,9303,9322,9420,9353,9421,9384,9395,750,9413,9422,36,5589,9423,10647,9469,10648,10649,10650,10651,10652,9830,10653,10228,683,10475,10586,10654,679,5590,10655,9826,9683,9700,9829,9732,9748,9763,9831,9790,9802,9813,9823,9832,38,9833,9834,10656,10657,10658,10659,9936,10660,10661,10662,10663,10664,10665,10229,10367,10476,718,10666,716,10667,10668,10125,485,10157,10173,10186,10202,10213,10222,5465,10230,40,5138,10231,10263,10278,10295,10311,627,10340,10351,5336,10360,10368,41,5295,10369,10472,10414,528,10474,10442,10458,10468,10477,42,5593,10478,10582,10524,10541,10585,10552,665,10578,10587,43,5594,10588,10669,10670,10671,10672,10673,10674,10675,5595,10676,25,30,32,0,37,39,45,46,47,5582,5586,5587,614,5591,5592,5596,470,10677,10678,10679,10680,10681,10682
152,2390,2130,2150,1568,2167,2391,2205,2392,2393,2259,2274,2289,2307,354,2322,2394,2353,394,2375,2386,2395,6,2396,2397,31598,31599,31600,21187,31601,31602,31603,31604,7712,31605,30394,31606,5138,31607,31608,31193,5585,31609,31610,31611,552,31612,550,28315,28121,28136,28150,28170,28316,28203,28317,28318,28219,28234,28252,19197,12695,28319,28280,28291,28301,28311,28320,135,2406,28321,28594,28373,20974,28390,28595,28429,28596,28597,28484,28499,28514,18801,28528,28598,28558,2357,28579,28590,28599,136,28600,28601,20956,20444,20991,21188,21028,21189,21190,21081,21094,21110,1739,21125,21191,21154,1775,21175,21184,21192,96,21193,21194,28812,28653,28671,28813,28706,28814,28815,28743,28755,7354,15911,28768,28816,28780,28791,28800,2381,28817,137,28818,28819,31613,31614,31615,31616,29334,31617,31618,31619,28979,30395,31620,30811,31621,2187,5600,31449,31573,31622,2184,31623,31624,29333,29157,29173,29191,29335,29336,29224,29239,29252,29269,2635,29337,29298,2673,29320,29330,29338,139,29339,29340,31625,31626,31627,31628,31629,31630,31631,31632,31633,31634,29493,5139,30812,31194,5601,2222,31574,31635,2221,31636,31637,29597,31638,31639,31640,31641,31642,31643,31644,30397,31645,5140,31646,31647,31195,5602,31648,31649,31650,2242,2239,31651,30040,29824,29840,30041,30042,30043,29913,29928,29943,29960,17629,29975,30044,30003,30014,30025,30036,30045,142,30046,2416,30217,30218,30219,30220,30109,30123,30137,17074,30152,30221,2348,30192,30202,30213,30222,143,30223,30224,30260,30273,30396,30289,30303,30318,4000,30333,30398,30362,4036,30382,30391,30399,144,30400,30401,30631,30453,30632,30485,30633,30634,30535,30553,17926,30568,30635,30599,30610,2373,30628,30636,145,30637,30638,5023,85,5056,5072,5086,5102,5141,4684,5142,5114,21,5124,5134,5143,17,5144,5145,30810,30669,30685,30813,30717,30732,30747,30814,30775,4722,30797,30807,30815,146,30816,30817,31652,31653,31654,31655,30900,31656,31657,31658,31659,31660,31661,31196,5605,31451,2340,31662,2338,31663,31664,31088,2146,31118,31133,31146,31161,31172,31181,31190,31197,148,31198,31199,5597,5598,5599,5603,2271,5604,5296,5425,5554,5606,149,5607,5608,31448,31376,2165,31450,31419,31434,31444,31452,150,31453,31454,31572,31500,31516,31575,31543,2306,31568,31576,151,31577,31578,31665,31666,31667,31668,19344,31669,31670,31671,31672,30,138,140,141,0,147,153,154,155,31673,31674,31675,2261,31676,31677,31678,2133,31679,31680,31681,31682,31683,31684
193,2976,2740,2757,2773,2793,2977,2506,2978,2979,2850,2867,2883,2899,2980,2928,378,2941,2953,2963,395,2981,8,2982,2983,38848,38849,38850,36377,38851,38852,38853,38854,35535,38855,37824,38856,38857,38858,38859,38480,38613,38860,38861,38862,2721,38863,2719,35957,35727,35744,35763,35782,35958,13241,35959,35960,35847,35863,35881,35961,35911,35962,35922,35933,35944,5610,35963,177,2992,35964,36176,36016,36032,36050,36177,11747,36178,36179,17228,36116,36130,36180,17436,26999,36142,2945,36163,5611,36181,178,36182,36183,36217,36233,36251,36378,36268,36379,36380,36303,36317,36331,36381,22878,26816,36344,36356,36365,36374,36382,179,36383,36384,36650,36437,36457,36651,36490,36652,36653,36553,36565,36577,36654,36606,27253,36618,36629,36638,2968,36655,180,36656,36657,38864,38865,38866,38867,33084,38868,38869,38870,29462,37825,38871,38339,5425,2222,38614,38723,5601,38872,2219,31804,38873,33083,32903,32923,13167,33085,33086,32977,32993,33009,33023,33087,2659,33050,33062,33072,2674,33088,160,33089,33090,38874,38875,38876,38877,38878,38879,38880,38881,38882,38883,36874,38884,38340,38481,38615,2814,5614,38885,2813,38886,38887,36996,38888,38889,38890,38891,38892,38893,38894,37827,38895,38896,38897,38898,38482,38616,38899,38900,38901,2835,2832,38902,37421,37244,37260,37422,37423,37424,37313,37328,37344,37361,37425,17561,37426,37386,37397,37408,5616,37427,183,37428,3001,37631,37632,37633,37634,37528,37542,37556,37635,37585,25458,2936,37608,37618,5617,37636,184,37637,37638,37673,37686,37826,37720,37735,37749,37828,37778,25178,37791,37803,37812,37821,37829,185,37830,37831,38016,37882,38017,37909,38018,38019,37954,37972,38020,17592,25757,37984,37995,2961,38013,38021,186,38022,38023,38903,38066,38904,38905,38906,38907,38908,38342,5427,38483,2914,38725,5619,38909,2910,38910,38911,38338,38237,38254,38341,38267,38282,38296,4708,38308,38319,38328,4723,38343,188,38344,38345,5424,1114,1447,5350,129,5426,3560,3797,5394,5410,5428,5124,5281,5420,21,5429,19,5430,5431,38378,2753,38409,38422,38435,38449,38461,38470,5139,38484,189,38485,5900,38511,38526,38542,38555,2864,38582,38594,38603,5297,38617,190,5819,38618,38722,38656,2791,38724,38695,38709,38719,38726,191,38727,38728,5609,5612,5613,5615,5618,2898,5555,5620,192,5621,5622,38912,38913,38914,38915,38916,27612,38917,38918,38919,176,140,181,182,187,0,194,195,196,38920,35101,38921,2852,38922,27385,38923,2743,38924,38925,38926,38927,27507,38928
399,5661,1135,1468,1780,2089,5662,2678,5663,5664,3581,3818,4041,4305,5665,4727,5666,5143,5300,5429,5558,5667,21,5668,5669,70103,70104,70105,23856,70106,70107,70108,70109,8723,70110,51935,70111,70112,70113,70114,64868,66461,70115,70116,70117,5596,70118,5595,15476,11598,11896,12175,12475,15477,13001,15478,15479,13790,13987,14245,15480,14635,15481,15010,15130,15255,15380,15482,67,5670,15483,19844,16264,16533,16817,19845,17375,19846,19847,18247,18442,18646,19848,19008,19849,19375,5196,19617,19742,19850,89,19851,19852,20351,20635,20915,23857,21473,23858,23859,22265,22460,22662,23860,23023,23861,23407,23556,23665,23766,23862,110,23863,23864,27812,24601,24900,27813,25477,27814,27815,26362,26502,26643,27816,27018,27817,27402,27523,27622,5496,27818,131,27819,27820,70119,70120,70121,70122,35139,70123,70124,70125,30189,51936,70126,60106,70127,5606,66462,67777,69086,70128,5296,70129,70130,35138,32393,32607,32869,35140,35141,33534,33722,33885,34124,35142,35143,34682,34828,34943,35051,35144,172,35145,35146,70131,70132,70133,70134,70135,70136,70137,70138,70139,70140,38012,70141,60107,64869,66463,5620,69087,70142,5555,70143,70144,39422,70145,70146,70147,70148,70149,70150,70151,51938,70152,70153,70154,70155,64870,66464,70156,70157,70158,5637,5636,70159,46404,43396,43623,46405,46406,46407,44650,44837,45033,45264,46408,45620,46409,45959,46077,46195,46314,46410,235,46411,5678,49273,49274,49275,49276,47724,47904,48080,49277,48475,49278,5086,48948,49058,49176,49279,253,49280,49281,49753,49936,51937,50372,50568,50746,51939,51141,51940,51498,51640,51749,51850,51941,270,51942,51943,55224,52657,55225,53086,55226,55227,53797,54057,55228,54435,55229,54821,54940,5410,55138,55230,289,55231,55232,70160,55789,70161,70162,70163,70164,70165,60109,70166,64871,5645,67779,69089,70167,5141,70168,70169,60105,58367,58577,60108,58974,59170,59351,60110,59664,59805,59918,60024,60111,322,60112,60113,70170,70171,70172,70173,61411,70174,70175,70176,70177,70178,70179,64872,66465,67780,5658,70180,5428,70181,70182,63655,1426,63994,64175,64307,64478,19344,64717,64805,64873,354,64874,64875,65248,65404,65587,65768,3787,66071,48914,66310,66398,66466,367,66467,66468,67776,66954,2071,67778,67410,67584,27612,67781,378,67782,67783,69085,68263,68449,69088,68719,4296,55125,69090,389,69091,69092,70183,70184,70185,70186,70187,70188,70189,70190,70191,393,394,395,396,397,398,0,400,401,70192,70193,70194,3582,70195,70196,42705,1136,70197,70198,70199,70200,70201,10672
401,44,70,1470,1782,2091,5608,5676,5677,5637,5678,3820,4043,4307,5647,5679,5680,5145,5302,5431,5560,5669,24,21,5681,766,467,489,509,530,767,570,768,612,630,647,666,769,699,770,730,742,752,762,771,1,393,772,815,1151,859,879,900,920,1152,1153,980,998,1014,1033,1049,1154,1155,1095,1106,1117,1128,1136,418,2,1156,1172,16266,16535,16819,19792,19859,19860,19821,19861,18444,18648,19831,19862,19863,19377,5198,19619,19744,19852,92,89,19864,1511,20637,20917,23805,23871,23872,23832,23873,22462,22664,23842,23874,23875,23409,23558,5350,23767,23864,113,110,23876,1820,1841,24902,27760,27827,27828,27789,27829,26504,26645,27798,27830,27831,5056,27524,27624,5498,27820,134,131,27832,31228,69473,28791,69496,69561,31637,69515,69562,30194,51887,69538,69563,69564,2397,66432,67741,69051,69555,2367,394,69565,34860,70258,32592,70259,35352,70260,70261,49288,33867,70262,69962,70263,64881,66474,67788,2680,70197,419,2659,70264,70265,70266,70267,70268,70269,70270,70271,70272,70273,70274,37983,69963,70275,64882,5622,5900,69097,70276,5576,5139,70277,42882,69725,69737,69866,69867,69777,69868,69806,51912,69818,69827,69869,69870,64849,66451,69853,69859,5664,3304,396,69871,46346,70278,70279,70280,70281,70282,70283,49290,70284,70285,70286,70287,70288,70289,70290,67789,69098,70199,421,3581,5941,3618,49225,49289,49251,47726,47906,48082,49261,49291,49292,5088,48950,49060,49178,49281,256,253,49293,3861,51950,51951,51952,50570,50748,51921,51953,51954,51500,51642,51750,5523,51943,273,270,51955,4081,4102,55175,55239,55240,55201,55241,54059,55210,55242,55243,54822,5259,5412,55140,55232,292,289,55244,57236,55794,69896,69964,69918,56637,69939,69965,57789,64858,4527,67763,69084,69956,4485,397,69966,59943,58358,70291,70292,70293,59164,70294,60339,64884,66476,4729,69099,70200,422,4718,70295,70296,70297,70298,70299,61401,70300,70301,70302,70303,70304,70305,5660,66477,67790,5935,70306,5450,5299,70307,5026,1428,63995,64883,64309,4267,64624,10474,54810,64875,357,354,64885,5183,65406,2062,66475,3789,66072,66217,27507,10585,66468,370,367,66478,5336,66955,2073,67755,4023,67586,67702,67783,381,378,67791,5465,1771,68451,69077,68720,4298,69011,69092,392,389,69100,5595,70130,70198,70159,70169,70201,70191,399,10672,47,155,420,217,309,423,410,0,424,67,172,395,235,322,398,400,5878,70308,70309,70310,70311,70312,70313
400,5596,5670,1469,1781,2090,5607,5671,5672,214,237,3819,4042,4306,5646,5673,5674,5144,5301,5430,5559,5668,23,5675,21,69292,69444,69324,23793,69337,69347,69445,69446,10810,69381,51876,69393,69403,69447,69448,64828,66421,69431,69437,5661,786,69449,393,70202,70203,19853,70204,70205,70206,70207,70208,15452,49282,70209,70210,70211,70212,70213,70214,70215,67784,69093,70192,411,5857,1135,19780,16265,16534,16818,19791,19854,19855,1314,1336,18443,18647,19830,19856,19857,19376,5197,19618,19743,19851,91,19858,89,23865,20636,20916,23804,23866,23867,1627,1648,22461,22663,23841,23868,23869,23408,23557,23666,5479,23863,112,23870,110,27748,27821,24901,27759,27822,27823,1942,1965,26503,26644,27797,27824,27825,27403,5213,27623,5497,27819,133,27826,131,69556,69472,69485,69495,69557,69558,3277,31272,30193,51886,30610,69559,31663,2396,66431,67740,69050,69554,2366,69560,394,70216,70217,70218,70219,70220,35008,3591,49283,33876,34116,69958,35309,64877,66470,2679,69094,70193,412,70221,2669,70222,70223,70224,70225,70226,70227,70228,70229,70230,70231,37994,57750,60235,5621,66471,5819,69095,70232,5571,70233,5297,3020,3037,3054,3070,3278,3279,3131,3149,3164,3182,3280,3212,3281,3241,3253,3263,3273,3282,9,3283,396,3322,3339,3356,3372,3592,3411,3593,3448,3464,3482,3497,3594,3595,3540,3551,3562,3573,3582,414,3596,10,49213,49224,49284,3668,47725,47905,48081,49260,49285,49286,5087,48949,49059,49177,49280,255,49287,253,51944,51945,51946,3909,50569,50747,51920,51947,51948,51499,51641,5394,51851,51942,272,51949,270,55165,55233,55174,55234,55235,4168,4188,54058,55209,55236,55237,5102,54941,5411,55139,55231,291,55238,289,69957,55793,56009,57279,69917,69930,69938,69959,69960,64857,4526,67762,69083,69955,4484,69961,397,70234,58349,58561,59877,70235,70236,70237,70238,64878,66472,67785,4728,70195,415,70239,4708,70240,70241,70242,70243,61390,70244,70245,70246,70247,70248,70249,64879,5659,67786,5854,70250,5444,70251,5142,64876,1427,2051,5074,64308,64479,64623,27385,42619,64874,356,64880,354,66469,65405,65588,5231,3788,4278,66216,42511,54929,66467,369,66473,367,67733,1762,2072,5382,67411,67585,67701,67782,380,67787,378,69042,68264,68450,5511,4032,4297,69010,69091,391,69096,389,70118,70129,70194,5636,70168,70196,70190,42705,399,46,154,413,216,308,416,409,417,0,70252,70253,70254,5835,70255,70256,70257,67,172,395,235,322,398,401
238,3323,410,1337,3340,3357,3373,3597,3598,3412,3599,3449,3465,3483,3498,3600,3601,3541,3552,3563,3574,421,3590,10,3602,42965,40925,22045,42981,43000,43015,43188,43189,43190,43047,43061,43078,43093,43191,43192,43136,43147,43157,43167,43174,3583,218,43193,5697,5777,1479,1791,2100,5709,5778,5779,215,3829,4052,4316,5748,5780,5781,5153,5310,5439,5568,24,5770,22,5782,18012,16154,18029,18046,18062,18263,18264,18101,18265,18137,18154,18169,18266,18267,18209,18218,18229,18240,1490,18256,79,18268,39633,43211,43230,43247,43412,43413,43301,43414,20809,22149,43331,43415,43416,43359,43371,3554,43389,5903,43405,219,43417,43435,43640,43453,43471,43641,43642,43527,43643,16711,18317,43560,43644,43645,3532,43598,43607,43616,5904,43632,220,43646,40073,43664,43679,43696,43843,43844,43711,43845,30172,43742,43760,43846,43847,43788,43798,43809,43820,43828,43836,221,43848,46566,46567,46568,46569,46570,46571,46572,44853,33436,46573,45459,46574,34617,46090,46209,2544,5885,46496,2539,46575,46576,46577,46578,46579,46580,46581,46582,46583,46584,46585,43994,45460,46586,45973,3392,46210,46328,46587,46588,3385,46589,39403,44117,44134,44369,44370,44189,44371,44228,44242,44260,44275,44372,44373,44317,44328,44338,44348,3578,44362,223,44374,44390,46590,46591,46592,46593,46594,46595,44855,46596,46597,46598,46599,46600,46601,46602,46211,46329,5908,3433,3430,46603,44687,44701,44854,44718,26269,44732,44747,44762,44856,44857,44801,44810,44820,44830,3840,44846,225,44858,41160,45049,45050,45051,44921,44936,44951,45052,45053,44996,45008,45017,3568,5909,45042,226,45054,45071,45281,45102,45282,45283,45135,45284,45169,45185,45285,45286,45228,3546,45248,45257,5910,45273,227,45287,41922,45299,45316,45461,45350,45365,45380,45462,45463,45404,45414,45425,45436,45444,45452,228,45464,46604,45490,46605,46606,46607,46608,46609,46610,45975,46092,3513,46330,5912,46498,3509,46611,46612,46613,46614,46615,45698,46616,46617,46618,46619,46620,46621,3530,46093,46212,46331,46622,46623,3524,46624,42625,45871,45888,45974,45916,3476,45943,5075,45953,5914,45967,231,45976,42518,20095,3351,46091,46034,46050,46061,46071,5232,5915,46085,232,46094,46110,46122,46136,46152,3460,46178,46189,5449,46203,233,46213,46229,3336,46255,46271,46282,46297,46308,5577,46322,234,46332,3320,5905,5906,5907,5911,5913,5678,235,5916,46431,46441,46497,3410,46476,46499,46495,236,46500,0,162,222,224,229,230,237,42780,46625,46626,46627,46628,46629,46630
325,4567,4745,1399,4579,4596,2325,381,4746,4613,4747,3750,4628,4644,4458,4748,4749,4687,4700,4710,422,4729,4738,15,4750,58051,58253,58084,58098,58117,8361,50130,58254,58255,58146,58159,58176,35617,58256,58257,58201,58212,58222,58232,58239,4730,310,58258,60279,60280,19025,60281,60282,60283,5446,60284,14523,48493,60285,60286,60287,60288,60289,60290,60291,59927,5874,1065,60205,1063,60292,18890,16199,18901,18918,17051,1450,19026,18935,19027,18948,14179,18781,19028,19029,18973,18984,18993,1491,19010,19018,83,19030,58385,58274,58288,30672,51116,58386,58302,58387,48350,58316,56906,58388,58389,58329,58342,4702,58360,58369,58378,311,58390,58407,58594,58425,58440,50346,58595,58475,58596,26296,58503,58517,58597,58598,4677,58553,58562,58571,58579,58587,312,58599,30832,28531,30688,29033,2378,30833,30705,30834,30155,30720,30735,30835,30836,30777,30789,30799,2417,30817,30825,146,30837,5339,5352,5369,5447,5448,5385,5449,3800,268,5412,4508,5450,5127,5284,5423,24,5431,5439,19,5451,60293,60294,60295,60296,60297,60298,60299,60300,60301,60302,38278,57045,60303,59681,2931,59928,5899,60304,60305,2924,60306,58806,58615,58631,51332,58807,58650,58808,58683,58696,58713,56938,58809,58810,58754,58765,58775,58785,4724,58799,313,58811,45479,60307,60308,60309,60310,60311,60312,48495,60313,60314,60315,60316,60317,60318,60319,59929,5912,60120,3513,3510,60320,48339,47001,48494,48367,47661,48381,48396,48230,48496,48497,48437,48448,48458,3841,48477,48486,247,48498,58992,49911,58993,58994,58876,58890,56952,58995,58996,58936,58949,58958,4715,58976,58985,314,58997,59014,59187,59044,49727,59188,59061,59189,59078,59093,59190,59191,59135,4693,59155,59164,59172,59180,315,59192,57044,55783,56922,57046,56409,56967,56824,57047,57048,56992,57003,57012,4547,57029,57037,300,57049,60321,59218,60322,60323,60324,60325,60326,60327,59683,59823,4659,5922,60121,60207,4655,60328,60329,60330,60331,60332,59393,60333,60334,60335,60336,60337,60338,4674,59824,59930,5923,60339,60340,4668,60341,59680,59571,59587,59682,59612,4637,59640,59649,5164,59666,59674,318,59684,59821,59712,4590,59822,59753,59768,59781,59790,5320,59807,59815,319,59825,59839,59852,59866,59879,4623,59902,59912,59919,59926,320,59931,5917,4575,5918,5919,5920,5921,5578,5679,5780,321,5924,4564,60062,60119,60085,60094,60122,60113,322,60123,60138,60148,60206,4611,60180,60208,60199,323,60209,61,0,188,229,316,317,324,60342,51735,60343,60344,60345,60346,60347
344,4768,5003,4804,4821,4836,2343,5004,357,4853,5005,4885,4899,4917,4473,5006,5007,4948,423,4970,4980,4988,4996,16,5008,60364,60582,60403,21144,60422,30855,60583,60584,60585,60456,60470,60487,7790,60586,60587,60529,5925,60550,60560,60567,4989,326,60588,63408,63409,61053,63410,63411,63412,63413,63414,60675,62057,63415,63416,63417,63418,63419,63420,63421,63076,63180,4786,63339,4784,63422,60842,60860,60876,60891,60908,61054,54387,60927,61055,60957,60971,18736,61056,61057,60999,61010,61020,61030,61038,61046,328,61058,61266,61091,61106,21963,61267,54208,61139,61268,61170,61184,23145,61269,61270,61213,5928,4962,61243,61251,61259,329,61271,61287,61446,61323,51210,61447,54647,61341,61448,61371,61383,23128,61449,61450,4939,61405,61414,61423,61431,61439,330,61451,31068,30890,30905,29050,31069,2355,30922,31070,30954,30968,30986,31071,31072,31016,2418,31037,31047,31054,31061,147,31073,63423,63424,63425,63426,5161,63427,63428,62058,34446,63429,57216,63430,62845,5887,63077,2625,35137,63340,2620,63431,733,5160,5041,1742,5058,5162,3244,5163,5088,4003,285,4485,5164,5117,24,5127,5137,5145,5153,17,5165,61663,61484,61500,61664,61665,61532,61666,61565,50891,61582,57091,61667,61668,61610,5929,61631,61641,4983,61655,331,61669,61682,63432,63433,63434,63435,63436,63437,62059,63438,63439,63440,63441,63442,63443,63444,63078,63181,63260,4870,4867,63445,61902,46906,53038,61918,61933,61946,61960,61975,62060,62061,62003,62014,62024,62034,62042,62050,333,62062,62220,62221,52832,62222,62109,62123,9115,62223,62224,62167,5932,62188,4975,62205,62213,334,62225,62243,62457,62277,62458,53281,62310,62459,62346,62361,62460,62461,62405,4954,62425,62434,62442,62450,335,62462,57215,57064,57076,57217,57121,57139,9958,57218,57219,57166,4548,57185,57194,57201,57208,301,57220,63446,59383,63447,63448,63449,63450,63451,63452,62847,5923,4674,63182,63261,60190,4670,63453,63454,63455,63456,63457,62542,63458,63459,63460,63461,63462,63463,4936,5934,63079,63183,63464,63465,4930,63466,62844,62748,62763,62846,62788,4910,62815,62823,62831,62837,62843,337,62848,5926,5927,4830,5930,5931,5933,5321,5450,5579,5935,5936,338,5937,62990,63001,63016,63029,4894,63053,63063,5660,63070,339,63080,63094,4817,63120,63133,63142,63157,63167,63174,5761,340,63184,4765,31910,54810,63225,63234,63262,63255,341,63263,63279,63289,54803,4851,58024,63341,63334,342,63342,327,167,0,332,317,336,343,63467,63468,54792,63469,63470,63471,63472
70,815,1151,859,879,900,920,1152,1153,980,401,998,1014,1033,1049,1154,1155,1095,1106,1117,1128,1136,418,2,1156,10941,11251,10985,11004,11025,11044,11252,11253,8705,11102,11118,11137,11153,11254,11255,11199,11210,11220,11230,11237,1137,48,11256,15644,15645,11912,15646,15647,15648,15649,15650,11441,13806,15651,15652,15653,15654,15655,15656,15657,15269,15394,838,5865,836,15658,11638,11657,11674,11692,11713,11913,11914,11771,1470,11786,11802,11818,11915,11916,11858,11867,11878,11889,11897,1487,50,11917,12191,11953,11972,11991,12192,12193,12048,6977,12064,12080,12094,12194,12195,12138,12150,1108,12168,12176,5866,51,12196,12213,12492,12252,12273,12493,12494,12334,12495,12365,12378,12394,12496,12497,1087,12450,12459,12468,12476,5867,52,12498,12763,12536,12553,12571,12764,12765,12620,8108,12634,12648,12666,12766,12767,12708,12718,12729,12740,12748,12756,53,12768,15659,15660,15661,15662,15663,15664,5676,13807,12898,15665,14457,15666,15025,15145,15270,939,15484,5869,934,15667,15668,15669,15670,15671,15672,15673,15674,15675,15676,15677,13211,14458,15678,15026,960,15271,15395,15679,15680,953,15681,13573,13349,13365,13574,13575,13418,6651,13435,13449,13465,13480,13576,13577,13521,13532,13542,13552,1132,13566,56,13578,44,1782,2091,5608,5677,5637,5678,3820,4043,4307,5647,5679,5680,5145,5302,5431,5560,5669,24,21,5681,13597,13613,13808,13647,13664,13679,13694,13711,13809,13810,13752,13761,13772,13783,13791,3837,57,13811,14003,14004,14005,8942,13875,13890,13905,14006,14007,13950,13962,13971,1122,13988,5871,58,14008,14025,14262,14060,14263,14264,14112,14265,14148,14164,14266,14267,14209,1100,14229,14238,14246,5872,59,14268,14456,14298,14315,9829,14331,14347,14362,14459,14460,14401,14411,14422,14433,14441,14449,60,14461,15682,14487,15683,15684,15685,15686,15687,15688,15027,15146,1065,15396,15486,5874,1061,15689,15690,15691,15692,15693,14733,15694,15695,15696,15697,15698,15699,1084,15147,15272,15397,15700,15701,1078,15702,15024,14938,14955,10474,14967,1026,14994,15004,5026,15011,5876,63,15028,15144,15058,894,10585,15087,15103,15114,5183,15124,15131,5877,64,15148,15165,15178,15195,15211,1009,15238,15249,15256,5446,65,15273,15290,875,15320,15336,15347,15363,15374,15381,5575,66,15398,812,15424,15485,15453,15462,15487,15483,67,15488,5864,5868,5870,978,5873,5875,5777,68,5878,49,54,55,0,61,62,69,15703,15704,15705,10672,15706,15707,15708
175,2437,2696,1275,2456,2473,2208,2697,2698,2528,2699,2560,2574,2592,2607,392,2700,2638,2651,419,2671,2680,2689,7,2701,31939,32151,31973,31987,32006,29142,32152,32153,32154,32038,32053,32071,8060,23247,32155,32099,32110,32120,32130,32137,2681,156,32156,35318,35319,17393,35320,35321,35322,35323,35324,12873,33739,35325,35326,35327,5575,35328,35329,35330,5869,35060,939,35244,937,35331,17163,16093,17180,17197,16936,17394,17395,17250,17396,17279,17295,17310,1461,17397,17337,17348,1488,17368,17377,17386,76,17398,32411,32191,32207,29160,32412,32413,32262,32414,32295,32310,32324,23011,32415,32355,32368,2653,32386,32395,32404,157,32416,32433,32624,32467,32483,32625,32626,32536,32627,12292,32548,32561,20339,32628,2628,32583,32592,32601,32609,32617,158,32629,29355,28432,29176,28933,29356,29357,29212,29358,29242,29255,29272,2389,29359,29300,29312,2414,29332,29340,29348,139,29360,35332,35333,35334,35335,35336,35337,35338,33740,32762,35339,34320,35340,34699,34845,5882,2492,35152,35245,2487,35341,35342,35343,35344,35345,35346,35347,35348,35349,35350,35351,33019,34321,5576,34700,2509,5883,35061,35352,35353,2502,35354,33355,33138,33154,33356,33357,33207,33358,33244,33258,33275,33290,21761,33359,33302,33314,33324,33334,2675,33348,161,33360,33371,35355,35356,35357,35358,35359,35360,33742,35361,35362,35363,5577,35364,35365,35366,5885,35062,35154,2544,2541,35367,33570,33584,33741,33600,33615,33629,33644,33659,3811,33743,33687,33698,3838,33716,33724,33732,163,33744,33903,33904,33905,33906,33788,33802,33817,21461,33907,33847,33860,33869,2666,33887,33896,164,33908,33925,34142,33959,34143,34144,34008,34145,34043,34058,22252,34146,34088,2644,34108,34117,34126,34135,165,34147,34319,34159,34175,34322,34207,34222,34237,4519,34323,34264,34276,4544,34296,34304,34312,166,34324,5468,109,5498,5514,5525,5541,5578,5579,5137,5294,24,5552,5560,5568,20,5580,35368,35369,35370,35371,34384,35372,35373,35374,35375,35376,35377,2625,34847,5887,35063,35378,35379,2619,35380,34698,34586,34602,34701,34630,2585,34658,5161,34676,34684,34692,168,34702,34844,34732,2467,34846,34776,34791,34804,5318,34822,34830,34838,169,34848,5879,5880,5881,5884,2569,5886,5447,5676,5778,170,5888,34970,2452,34997,35010,35021,35035,35045,35052,35059,171,35064,2434,35090,35153,35116,35125,35155,35146,172,35156,35171,35182,35246,2526,35217,35247,35238,173,35248,54,159,160,162,0,167,174,35381,35382,35383,35384,23755,35385,35386
196,2722,2998,2760,2776,2796,2225,2999,3000,2835,3001,2870,2886,2902,2917,3002,370,420,2955,2965,2975,2983,2991,8,3003,35407,35681,35451,35467,35486,8347,35682,35683,35684,35554,35569,35587,35603,35685,35686,5889,35639,35649,35659,35666,2984,176,35687,39075,39076,36198,39077,39078,39079,39080,39081,35832,37653,39082,39083,39084,39085,39086,39087,39088,38734,38843,2743,39006,2741,39089,36002,36019,36035,36053,36070,36199,36200,36105,36201,36119,36133,18689,36202,26986,36144,36155,36165,36175,36183,36191,178,36203,36399,36236,36254,7115,36400,36401,21047,36402,36320,36334,21516,36403,26805,5892,36358,2957,36376,36384,36392,179,36404,36422,36672,36460,36477,36673,36674,36535,36675,36568,36580,36595,36676,27241,2934,36631,36640,36649,36657,36665,180,36677,29574,29375,29395,8268,29575,29576,29433,29577,29468,29483,29497,29578,2367,2415,29533,29543,29553,29560,29567,140,29579,39090,39091,39092,39093,39094,39095,39096,37654,33007,39097,38207,5318,5883,38626,38735,2509,38924,35194,2504,39098,39099,39100,39101,39102,39103,39104,39105,39106,39107,39108,36871,38208,39109,5894,2817,38736,38844,39110,39111,2810,39112,37209,37012,37028,37210,37211,37063,37212,37100,37114,37131,21678,37213,37214,5895,37167,37177,37187,2979,37201,182,37215,37228,39113,39114,39115,39116,39117,39118,37656,39119,39120,39121,39122,39123,39124,39125,38737,38845,38926,2853,2850,39126,37467,37481,37655,37515,37531,37545,37559,37575,37657,25445,37599,37610,37620,37630,37638,37646,184,37658,37846,37847,37848,37849,37738,37752,37766,37850,25167,5898,37805,37814,2970,37831,37839,185,37851,37868,38038,37899,38039,38040,37941,38041,37975,21693,38042,25745,37986,2949,38006,38015,38023,38031,186,38043,38206,38073,38090,38209,38104,38119,38134,38210,4497,4545,38167,38176,38185,38192,38199,187,38211,39127,38236,39128,39129,39130,39131,39132,5320,5899,38628,2931,38846,38927,39008,2927,39133,745,5317,5198,1755,128,3256,5319,5245,4016,5261,5321,24,5274,5284,5294,5302,5310,18,5322,5890,5891,5893,5896,5897,2895,5162,5448,5576,5900,5901,189,5902,38625,38527,2790,38627,38569,38584,38596,38604,38612,38618,38624,190,38629,38646,38657,38673,38687,2881,38711,38721,38728,5723,191,38738,38755,2772,38782,38796,38805,38820,38830,5622,38837,192,38847,2719,38873,38925,38902,38911,27507,38919,193,38928,38944,31879,39007,2833,38992,27514,39000,194,39009,177,160,181,183,188,0,195,39134,39135,39136,39137,39138,27496,39139
424,793,5938,1493,1805,2114,2419,5939,5940,3304,5941,3843,4066,4330,4549,5942,5943,5165,5322,5451,5580,5681,5782,24,5944,6313,10913,7003,7280,7585,7858,10914,10915,10916,8968,9183,9445,9656,10917,10918,10249,10387,10497,10607,10682,5697,47,10919,72952,72953,20118,72954,72955,72956,72957,72958,13565,49528,72959,72960,72961,72962,72963,72964,72965,67962,69271,5878,71345,5777,72966,15976,16289,16558,16842,17145,20119,20120,17993,20121,18467,18671,18872,20122,20123,19389,19514,19639,19764,19864,19964,92,20124,24118,20660,20940,21216,24119,24120,22031,24121,22485,22687,22863,24122,24123,23429,23578,5352,23780,23876,23972,113,24124,24375,28077,24925,25224,28078,28079,26092,28080,26524,26665,26862,28081,28082,5058,27537,27636,27735,27832,27929,134,28083,31913,28623,28839,29124,31914,31915,29795,31916,30246,30421,30660,31917,31918,31211,31349,31473,31597,31684,31771,155,31919,72967,72968,72969,72970,72971,72972,72973,49529,33866,72974,58027,72975,65061,66654,67963,5888,70308,71346,5447,72976,72977,72978,72979,72980,72981,72982,72983,72984,72985,72986,37981,58028,72987,65062,5902,67964,69272,72988,72989,5162,72990,42937,39654,39884,42938,42939,40646,42940,41181,41352,41586,41778,42941,42942,42295,42427,42535,42643,5637,42793,217,42943,43173,72991,72992,72993,72994,72995,72996,49531,72997,72998,72999,73000,73001,73002,73003,67965,69273,70310,5916,5678,73004,46889,47094,49530,47529,47747,47926,48102,48321,49532,49533,48837,48962,49080,49198,49293,49388,256,49534,52186,52187,52188,52189,50592,50768,50963,52190,52191,51520,51662,51763,5525,51955,52046,273,52192,52437,55474,52903,55475,55476,53585,55477,54082,54279,55478,55479,54835,5261,55053,55152,55244,55336,292,55480,58026,55857,56068,58029,56500,56696,56894,58030,58031,57354,57488,57605,57722,57809,57896,309,58032,73005,58357,73006,73007,73008,73009,73010,73011,65064,66656,5924,69274,70311,71348,5578,73012,73013,73014,73015,73016,61400,73017,73018,73019,73020,73021,73022,5937,66657,67966,69275,73023,73024,5321,73025,65060,63823,64006,65063,64319,4269,54792,64729,64817,64885,64953,357,65065,66653,65416,2064,66655,65912,66083,27496,66322,66410,66478,66546,370,66658,66838,66967,67150,67317,4025,67594,51735,67791,67863,381,67967,68147,1773,68459,68626,68732,68903,23755,69100,69172,392,69276,772,69565,70309,69871,69966,70312,10672,401,70313,70486,70602,71347,3290,71003,71349,42780,410,71350,418,419,420,421,422,423,0,73026,73027,73028,73029,73030,73031,73032
237,3322,400,1336,3339,3356,3372,3591,3592,3411,3593,3448,3464,3482,3497,3594,3595,3540,3551,3562,3573,3582,414,3596,10,42964,40917,22044,42980,42999,43014,43182,43183,43184,43046,43060,43077,43092,43185,43186,43135,43146,43156,43166,3575,43181,43187,218,5596,5670,1469,1781,2090,5607,5671,5672,214,3819,4042,4306,5646,5673,5674,5144,5301,5430,5559,5668,23,5675,21,18011,16153,18028,18045,18061,18257,18258,18100,18259,18136,18153,18168,18260,18261,18208,18217,18228,18239,18248,1483,18262,79,39625,43210,43229,43246,43406,43407,43300,43408,20808,22148,43330,43409,43410,43358,43370,43380,3565,43397,5822,43411,219,43434,43633,43452,43470,43634,43635,43526,43636,16710,18316,43559,43637,43638,43587,3543,43606,43615,43624,5823,43639,220,40064,43663,43678,43695,43837,43838,43710,43839,30171,43741,43759,43840,43841,43787,43797,43808,43819,43827,43835,43842,221,46501,46502,46503,46504,46505,46506,46507,44847,33437,46508,45453,46509,45968,34762,2543,46323,46412,5804,46510,2540,46511,46512,46513,46514,46515,46516,46517,46518,46519,46520,43995,45454,46521,3391,46086,46204,46324,46522,46523,46524,3386,39395,44116,44133,44363,44364,44188,44365,44227,44241,44259,44274,44366,44367,44316,44327,44337,44347,44355,3586,44368,223,44391,46525,46526,46527,46528,46529,46530,44849,46531,46532,46533,46534,46535,46536,46537,46205,46325,3432,5827,46538,3431,44686,44700,44848,44717,26268,44731,44746,44761,44850,44851,44800,44809,44819,44829,44838,3833,44852,225,41152,45043,45044,45045,44920,44935,44950,45046,45047,44995,45007,3557,45026,45034,5828,45048,226,45070,45274,45101,45275,45276,45134,45277,45168,45184,45278,45279,3535,45239,45247,45256,45265,5829,45280,227,41913,45298,45315,45455,45349,45364,45379,45456,45457,45403,45413,45424,45435,45443,45451,45458,228,46539,45489,46540,46541,46542,46543,46544,46545,45970,46088,46206,3512,46414,5831,46546,3508,46547,46548,46549,46550,45697,46551,46552,46553,46554,46555,46556,45971,3529,46207,46326,46557,46558,46559,3523,42619,20014,3350,45969,45915,45932,45942,5074,45952,45960,5833,45972,231,42511,45989,46006,46087,46033,3477,46060,46070,5231,46078,5834,46089,232,46109,3335,46135,46151,46163,46177,46188,46196,5442,46208,233,46228,46241,46254,46270,3461,46296,46307,46315,5572,46327,234,46347,46357,46413,3409,46392,46415,46411,46416,235,3321,5824,5825,5826,5830,5832,5773,5835,236,42705,46560,46561,46562,46563,46564,46565,0,162,222,224,229,230,238
324,4566,4739,1398,4578,4595,2324,391,4740,4612,4741,3749,4627,4643,4457,4742,4743,4686,4699,415,4720,4728,4737,4744,15,58050,58247,58083,58097,58116,8360,50140,58248,58249,58145,58158,58175,35616,58250,58251,58200,58211,58221,58231,4721,58246,58252,310,60210,60211,19019,60212,60213,60214,5569,60215,14522,48487,60216,60217,60218,60219,60220,60221,60222,5793,60033,60114,1064,60223,1062,18889,16198,18900,18917,17050,1460,19020,18934,19021,18947,14178,18780,19022,19023,18972,18983,1484,19002,19009,19017,19024,83,58379,58273,58287,30671,51126,58380,58301,58381,48349,58315,56905,58382,58383,58328,58341,58351,4712,58368,58377,58384,311,58406,58588,58424,58439,50357,58589,58474,58590,26295,58502,58516,58591,58592,58542,4690,58561,58570,58578,58586,58593,312,30826,28530,30687,29032,2388,30827,30704,30828,30154,30719,30734,30829,30830,30776,30788,2410,30809,30816,30824,30831,146,5467,5481,5497,5570,5571,5513,5572,3810,269,5540,4518,5573,5136,5293,23,5551,5559,5567,5574,20,60224,60225,60226,60227,60228,60229,60230,60231,60232,60233,38279,57039,60234,2930,59817,5818,60034,60235,60236,60237,2925,58800,58614,58630,51342,58801,58649,58802,58682,58695,58712,56937,58803,58804,58753,58764,58774,58784,58792,4733,58805,313,45480,60238,60239,60240,60241,60242,60243,48489,60244,60245,60246,60247,60248,60249,60250,5831,60035,3512,60201,60251,3511,48338,47000,48488,48366,47660,48380,48395,48229,48490,48491,48436,48447,3834,48468,48476,48485,48492,247,58986,49921,58987,58988,58875,58889,56951,58989,58990,58935,58948,4705,58967,58975,58984,58991,314,59013,59181,59043,49738,59182,59060,59183,59077,59092,59184,59185,4680,59146,59154,59163,59171,59179,59186,315,57038,55782,56921,57040,56408,56966,56823,57041,57042,56991,57002,4540,57021,57028,57036,57043,300,60252,59217,60253,60254,60255,60256,60257,60258,59677,59819,5841,4658,60116,60202,60259,4654,60260,60261,60262,60263,59392,60264,60265,60266,60267,60268,60269,59678,4673,5842,60036,60270,60271,60272,4667,59675,59570,4589,59676,59611,59627,59639,5157,59658,59665,59673,59679,318,59816,59711,59728,59818,59752,4638,59780,5315,59799,59806,59814,59820,319,5836,4574,5837,5838,5839,5840,5443,5673,5774,5843,320,59945,59958,59972,59985,4624,60008,60018,60025,60032,60037,321,60052,60061,60115,4610,60093,60117,60112,60118,322,4565,60147,60200,60171,60179,60203,60198,60204,323,60273,51836,60274,60275,60276,60277,60278,61,0,188,229,316,317,325
343,4767,4997,4803,4820,4835,2342,4998,369,4852,4999,4884,4898,4916,4472,5000,5001,416,4960,4969,4979,4987,4995,5002,16,60363,60575,60402,21143,60421,30854,60576,60577,60578,60455,60469,60486,7789,60579,60580,5844,60540,60549,60559,4981,60574,60581,326,63343,63344,61047,63345,63346,63347,63348,63349,60674,62051,63350,63351,63352,63353,63354,63355,63356,63071,63175,63256,4785,63357,4783,60841,60859,60875,60890,60907,61048,54400,60926,61049,60956,60970,18735,61050,61051,60998,61009,61019,61029,61037,61045,61052,328,61260,61090,61105,21962,61261,54219,61138,61262,61169,61183,23144,61263,61264,5847,61225,61234,4972,61250,61258,61265,329,61286,61440,61322,51209,61441,54659,61340,61442,61370,61382,23127,61443,61444,61394,4951,61413,61422,61430,61438,61445,330,31062,30889,30904,29049,31063,2366,30921,31064,30953,30967,30985,31065,31066,2411,31027,31036,31046,31053,31060,31067,147,63358,63359,63360,63361,5312,63362,63363,62052,34447,63364,57210,63365,5806,62973,2624,63176,63257,35228,63366,2621,744,5311,5197,1754,5215,5313,3255,5314,5244,4015,286,4496,5315,23,5273,5283,5293,5301,5309,5316,18,61656,61483,61499,61657,61658,61531,61659,61564,50890,61581,57090,61660,61661,5848,61621,61630,61640,61648,4991,61662,331,61683,63367,63368,63369,63370,63371,63372,62053,63373,63374,63375,63376,63377,63378,63379,63072,63177,4869,63335,63380,4868,61901,46905,53051,61917,61932,61945,61959,61974,62054,62055,62002,62013,62023,62033,62041,62049,62056,333,62214,62215,52843,62216,62108,62122,9114,62217,62218,5851,62179,4965,62197,62204,62212,62219,334,62242,62451,62276,62452,53293,62309,62453,62345,62360,62454,62455,4942,62416,62424,62433,62441,62449,62456,335,57209,57063,57075,57211,57120,57138,9957,57212,57213,4541,57176,57184,57193,57200,57207,57214,301,63381,59382,63382,63383,63384,63385,63386,63387,5842,62975,63073,4673,60103,63336,63388,4669,63389,63390,63391,63392,62541,63393,63394,63395,63396,63397,63398,5853,4935,63074,63178,63399,63400,63401,4929,5845,5846,4829,5849,5850,5852,5158,5444,5573,5854,5855,5856,337,62972,62876,62891,62974,62916,4911,62943,62951,62959,62965,62971,62976,338,62989,4816,63015,63028,63038,63052,63062,5659,63069,63075,339,63093,63105,63119,63132,4895,63156,63166,63173,5760,63179,340,63200,63210,54929,4850,57955,63258,63254,63259,341,4766,31837,54922,63304,63313,63337,63333,63338,342,63402,63403,54911,63404,63405,63406,63407,327,167,0,332,317,336,344
69,814,1145,858,878,899,919,1146,1147,979,409,997,1013,1032,1048,1148,1149,1094,1105,1116,1127,411,1144,1150,2,10940,11245,10984,11003,11024,11043,11246,11247,8713,11101,11117,11136,11152,11248,11249,11198,11209,11219,11229,1129,11244,11250,48,15579,15580,11906,15581,15582,15583,15584,15585,11440,13800,15586,15587,15588,15589,15590,15591,15592,15264,15389,5784,837,15593,835,11637,11656,11673,11691,11712,11907,11908,11770,1478,11785,11801,11817,11909,11910,11857,11866,11877,11888,1480,11905,11911,50,12185,11952,11971,11990,12186,12187,12047,6985,12063,12079,12093,12188,12189,12137,12149,12159,1119,5785,12184,12190,51,12212,12485,12251,12272,12486,12487,12333,12488,12364,12377,12393,12489,12490,12439,1098,12458,12467,5786,12484,12491,52,12757,12535,12552,12570,12758,12759,12619,8117,12633,12647,12665,12760,12761,12707,12717,12728,12739,12747,12755,12762,53,15594,15595,15596,15597,15598,15599,5771,13801,12899,15600,14451,15601,15020,15140,938,15390,5788,15574,15602,935,15603,15604,15605,15606,15607,15608,15609,15610,15611,15612,13212,14452,15613,959,15141,15265,15391,15614,15615,15616,954,13567,13348,13364,13568,13569,13417,6659,13434,13448,13464,13479,13570,13571,13520,13531,13541,13551,13559,1140,13572,56,45,1790,2099,5708,5772,5738,5773,3828,4051,4315,5747,5774,5775,5152,5309,5438,5567,23,5769,5776,22,13596,13612,13802,13646,13663,13678,13693,13710,13803,13804,13751,13760,13771,13782,3830,13799,13805,57,13997,13998,13999,8950,13874,13889,13904,14000,14001,13949,13961,1111,13980,5790,13996,14002,58,14024,14255,14059,14256,14257,14111,14258,14147,14163,14259,14260,1089,14220,14228,14237,5791,14254,14261,59,14450,14297,14314,9838,14330,14346,14361,14453,14454,14400,14410,14421,14432,14440,14448,14455,60,15617,14486,15618,15619,15620,15621,15622,15623,15021,15142,15266,1064,5793,15576,15624,1060,15625,15626,15627,15628,14732,15629,15630,15631,15632,15633,15634,15022,1083,15267,15392,15635,15636,15637,1077,15019,14937,893,10482,14966,14983,14993,15003,5025,5795,15018,15023,63,15139,15057,15075,10591,15086,1027,15113,5182,15123,5796,15138,15143,64,15164,874,15194,15210,15222,15237,15248,5440,15263,15268,65,15289,15303,15319,15335,1010,15362,15373,5569,15388,15393,66,5783,5787,5789,977,5792,5794,5670,5797,67,813,15514,15575,15543,15552,15577,15573,15578,68,15638,15639,15640,10747,15641,15642,15643,49,54,55,0,61,62,70
174,2436,2690,1274,2455,2472,2207,2691,2692,2527,2693,2559,2573,2591,2606,380,2694,2637,2650,2661,412,2679,2688,2695,7,31938,32145,31972,31986,32005,29141,32146,32147,32148,32037,32052,32070,8059,23237,32149,32098,32109,32119,32129,2672,32144,32150,156,35249,35250,17387,35251,35252,35253,35254,35255,12872,33733,35256,35257,35258,5440,35259,35260,35261,34952,5788,35147,938,35262,936,17162,16092,17179,17196,16935,17388,17389,17249,17390,17278,17294,17309,1449,17391,17336,17347,17358,1481,17376,17385,17392,76,32405,32190,32206,29159,32406,32407,32261,32408,32294,32309,32323,23001,32409,32354,32367,32377,2663,32394,32403,32410,157,32432,32618,32466,32482,32619,32620,32535,32621,12291,32547,32560,20328,32622,32572,2641,32591,32600,32608,32616,32623,158,29349,28431,29175,28932,29350,29351,29211,29352,29241,29254,29271,2377,29353,29299,29311,29322,2407,29339,29347,29354,139,35263,35264,35265,35266,35267,35268,35269,33734,32763,35270,34314,35271,34694,34840,2491,5801,35148,35239,35272,2488,35273,35274,35275,35276,35277,35278,35279,35280,35281,35282,33020,34315,5441,2508,34841,34953,5802,35283,35284,35285,2503,33349,33137,33153,33350,33351,33206,33352,33243,33257,33274,33289,21751,33353,33301,33313,33323,33333,33341,2684,33354,161,33372,35286,35287,35288,35289,35290,35291,33736,35292,35293,35294,5442,35295,35296,35297,34954,5804,2543,35241,35298,2542,33569,33583,33735,33599,33614,33628,33643,33658,3799,33737,33686,33697,33707,3831,33723,33731,33738,163,33897,33898,33899,33900,33787,33801,33816,21451,33901,33846,33859,2656,33878,33886,33895,33902,164,33924,34136,33958,34137,34138,34007,34139,34042,34057,22241,34140,2631,34099,34107,34116,34125,34134,34141,165,34313,34158,34174,34316,34206,34221,34236,4507,34317,34263,34275,34286,4537,34303,34311,34318,166,5338,108,5368,5384,5396,5411,5443,5444,5126,5283,5422,23,5430,5438,5445,19,35299,35300,35301,35302,34383,35303,35304,35305,35306,35307,35308,34696,2624,34955,5806,35309,35310,35311,2618,34693,34585,2466,34695,34629,34645,34657,34667,5155,34683,34691,34697,168,34839,34731,34748,34842,34775,2586,34803,34813,5312,34829,34837,34843,169,34862,2451,34889,34902,34913,34927,34937,34944,34951,34956,170,5798,5799,5800,5803,2570,5805,5570,5671,5771,5807,171,35079,35089,35149,2525,35124,35150,35145,35151,172,2435,35181,35240,35208,35216,35242,35237,35243,173,35312,35313,35314,35315,23654,35316,35317,54,159,160,162,0,167,175
195,2721,2992,2759,2775,2795,2224,2993,2994,2834,2995,2869,2885,2901,2916,2996,356,2943,413,2964,2974,2982,2990,2997,8,35406,35674,35450,35466,35485,8346,35675,35676,35677,35553,35568,35586,35602,35678,35679,35628,5808,35648,35658,2976,35673,35680,176,39010,39011,36192,39012,39013,39014,39015,39016,35831,37647,39017,39018,39019,39020,39021,39022,39023,38729,38838,38920,2742,39024,2740,36001,36018,36034,36052,36069,36193,36194,36104,36195,36118,36132,18688,36196,26973,36143,36154,36164,36174,36182,36190,36197,178,36393,36235,36253,7114,36394,36395,21046,36396,36319,36333,21515,36397,26794,36346,5811,36367,2967,36383,36391,36398,179,36421,36666,36459,36476,36667,36668,36534,36669,36567,36579,36594,36670,27229,36620,2946,36639,36648,36656,36664,36671,180,29568,29374,29394,8267,29569,29570,29432,29571,29467,29482,29496,29572,2354,29522,2408,29542,29552,29559,29566,29573,140,39025,39026,39027,39028,39029,39030,39031,37648,33008,39032,38201,5155,38493,5802,2508,38839,35101,39001,39033,2505,39034,39035,39036,39037,39038,39039,39040,39041,39042,39043,36872,38202,39044,2816,5813,38730,38840,39045,39046,39047,2811,37202,37011,37027,37203,37204,37062,37205,37099,37113,37130,21677,37206,37207,37156,5814,37176,37186,37194,2987,37208,182,37229,39048,39049,39050,39051,39052,39053,37650,39054,39055,39056,39057,39058,39059,39060,38731,38841,2852,39003,39061,2851,37466,37480,37649,37514,37530,37544,37558,37574,37651,25432,37598,37609,37619,37629,37637,37645,37652,184,37840,37841,37842,37843,37737,37751,37765,37844,25156,37793,5817,2960,37823,37830,37838,37845,185,37867,38032,37898,38033,38034,37940,38035,37974,21692,38036,25733,2937,37997,38005,38014,38022,38030,38037,186,38200,38072,38089,38203,38103,38118,38133,38204,4484,38157,4538,38175,38184,38191,38198,38205,187,39062,38235,39063,39064,39065,39066,39067,5157,38495,5818,38732,2930,38922,39004,39068,2926,732,5154,5040,1741,127,3243,5156,5087,4002,5104,5158,5116,23,5126,5136,5144,5152,5159,17,38492,38394,2789,38494,38436,38451,38463,38471,38479,38485,38491,38496,189,5809,5810,5812,5815,5816,2896,5313,5441,5571,5819,5820,5821,190,38645,2771,38672,38686,38696,38710,38720,38727,5722,38733,191,38754,38766,38781,38795,2882,38819,38829,5621,38836,38842,192,38863,31804,38921,2832,38910,27385,38918,38923,193,2720,38954,39002,38983,38991,27393,38999,39005,194,39069,39070,39071,39072,39073,27375,39074,177,160,181,183,188,0,196
417,786,5857,1486,1798,2107,2412,5858,5859,3297,5860,3836,4059,4323,4542,5861,5862,5159,5316,5445,5574,5675,5776,5863,23,6306,10832,6996,7273,7578,7851,10833,10834,10835,8961,9176,9438,9649,10836,10837,10243,10381,10491,10601,5596,10757,10838,46,72111,72112,20038,72113,72114,72115,72116,72117,13558,49455,72118,72119,72120,72121,72122,72123,72124,67910,69219,70252,5797,72125,5670,15970,16282,16551,16835,17138,20039,20040,17986,20041,18460,18664,18865,20042,20043,19383,19508,19633,19758,19858,19958,20044,91,24042,20653,20933,21209,24043,24044,22024,24045,22478,22680,22857,24046,24047,23423,23572,23679,5481,23870,23966,24048,112,24368,28000,24918,25217,28001,28002,26085,28003,26518,26659,26855,28004,28005,27416,5215,27630,27729,27826,27923,28006,133,31839,28616,28833,29118,31840,31841,29789,31842,30239,30415,30653,31843,31844,31205,31343,31467,31591,31678,31765,31845,154,72126,72127,72128,72129,72130,72131,72132,49456,33875,72133,57959,72134,65005,66598,5807,69220,70253,71289,72135,5570,72136,72137,72138,72139,72140,72141,72142,72143,72144,72145,37992,57960,72146,5821,66599,67911,69221,72147,72148,72149,5313,42862,39647,39877,42863,42864,40639,42865,41174,41345,41579,41772,42866,42867,42289,42421,42529,42637,42718,5738,42868,216,43180,72150,72151,72152,72153,72154,72155,49458,72156,72157,72158,72159,72160,72161,72162,67912,69222,5835,71291,72163,5773,46883,47087,49457,47523,47741,47920,48096,48314,49459,49460,48831,48956,49074,49192,49287,49382,49461,255,52113,52114,52115,52116,50585,50762,50956,52117,52118,51514,51656,5396,51864,51949,52040,52119,272,52430,55402,52896,55403,55404,53578,55405,54075,54272,55406,55407,5104,54954,55047,55146,55238,55330,55408,291,57958,55850,56062,57961,56493,56690,56889,57962,57963,57348,57482,57599,57716,57803,57890,57964,308,72164,58348,72165,72166,72167,72168,72169,72170,65007,66601,67913,5843,70255,71292,72171,5443,72172,72173,72174,72175,61389,72176,72177,72178,72179,72180,72181,65008,5856,67914,69223,72182,72183,72184,5158,65004,63818,2053,65006,64314,64490,27375,64725,64813,64880,64948,65009,356,66597,65411,65599,66600,65907,4280,54911,66318,66406,66473,66541,66602,369,66834,1764,67146,67313,67423,67590,23654,67787,67859,67915,380,68143,68276,68455,68622,4034,68899,51836,69096,69168,69224,391,69449,69560,70254,3283,69961,70256,42705,70257,400,779,70597,71290,70908,70998,71293,10747,71294,409,72185,72186,72187,72188,72189,72190,72191,411,412,413,414,415,416,0
