0,1,2,3,4,5,6,7,8,9,10,11,12,13,14,15,16,17,18,19,20,21,22,23,24,25,26,27,28,29,30,31,32,33,34,35,36,37,38,39,40,41,42,43,44,45,46,47,48,49,50,51,52,53,54,55,56,57,58,59,60,61,62,63,64,65,66,67,68,69,70,71,72,73,74,75,76,77,78,79,80,81,82,83,84,85,86,87,88,89,90,91,92,93,94,95,96,97,98,99,100,101,102,103,104,105,106,107,108,109,110,111,112,113,114,115,116,117,118,119,120,121,122,123,124,125,126,127,128,129,130,131,132,133,134,135,136,137,138,139,140,141,142,143,144,145,146,147,148,149,150,151,152,153,154,155,156,157,158,159,160,161,162,163,164,165,166,167,168,169,170,171,172,173,174,175,176,177,178,179,180,181,182,183,184,185,186,187,188,189,190,191,192,193,194,195,196,197,198,199,200,201,202,203,204,205,206,207,208,209,210,211,212,213,214,215,216,217,218,219,220,221,222,223,224,225,226,227,228,229,230,231,232,233,234,235,236,237,238,239,240,241,242,243,244,245,246,247,248,249,250,251,252,253,254,255,256,257,258,259,260,261,262,263,264,265,266,267,268,269,270,271,272,273,274,275,276,277,278,279,280,281,282,283,284,285,286,287,288,289,290,291,292,293,294,295,296,297,298,299,300,301,302,303,304,305,306,307,308,309,310,311,312,313,314,315,316,317,318,319,320,321,322,323,324,325,326,327,328,329,330,331,332,333,334,335,336,337,338,339,340,341,342,343,344,345,346,347,348,349,350,351,352,353,354,355,356,357,358,359,360,361,362,363,364,365,366,367,368,369,370,371,372,373,374,375,376,377,378,379,380,381,382,383,384,385,386,387,388,389,390,391,392,393,394,395,396,397,398,399,400,401,402,403,404,405,406,407,408,409,410,411,412,413,414,415,416,417,418,419,420,421,422,423,424
9,0,197,198,99,199,141,200,201,202,203,204,205,206,207,208,209,210,211,212,213,214,215,216,217,1,2,3,4,5,6,7,8,10,11,12,13,14,15,16,17,18,19,20,21,22,23,24,3004,3005,3006,1297,3007,2510,3008,3009,961,3010,3011,3012,3013,3014,3015,3016,3017,3018,3019,3020,3021,3022,3023,1199,3024,1299,3025,3026,3027,3028,3029,3030,1222,1305,1372,3031,3032,3033,3034,3035,3036,3037,3038,3039,3040,1613,1518,1614,1558,1615,1616,1617,1618,1619,1304,1620,1621,1622,1623,1624,1625,1626,1627,1628,1629,1630,1514,3041,3042,3043,3044,3045,3046,3047,1652,1538,1684,3048,3049,3050,3051,3052,3053,3054,3055,3056,3057,2226,2227,1535,2176,2228,1601,2229,2230,2231,1873,2232,2233,2234,2235,2236,2237,2238,2239,2240,2241,2242,2200,3058,3059,3060,2520,3061,3062,3063,2566,3064,2612,3065,3066,3067,3068,3069,3070,3071,3072,3073,2908,3074,3075,1603,3076,3077,3078,3079,3080,3081,3082,3083,3084,3085,3086,3087,3088,3089,3090,3091,3092,3093,3094,3095,3096,3097,3098,3099,3100,3101,3102,3103,3104,3105,3106,3107,3108,3109,3110,3111,3112,3113,3114,3115,3116,3117,3118,3119,3120,3121,3122,3123,3124,3125,3126,3127,3128,3129,3130,3131,3132,3133,3134,3135,3136,3137,3138,3139,3140,3141,3142,3143,3144,3145,3146,3147,3148,3149,3150,3151,3152,3153,3154,2877,3155,1934,3156,3157,3158,3159,3160,3161,3162,3163,3164,3165,3166,3167,3168,3169,2282,3170,3171,3172,3173,3174,3175,3176,3177,3178,3179,3180,3181,3182,3183,3184,3185,3186,3187,3188,3189,3190,3191,3192,3193,2330,3194,3195,3196,3197,3198,3199,3200,3201,2909,3202,3203,3204,3205,3206,3207,2313,3208,3209,3210,3211,3212,3213,3214,3215,2182,3216,3217,3218,3219,3220,3221,3222,2284,3223,3224,3225,3226,3227,3228,3229,3230,3231,3232,3233,3234,3235,3236,3237,3238,3239,374,3240,3241,3242,3243,3244,3245,3246,3247,3248,3249,3250,3251,3252,385,3253,3254,3255,3256,365,3257,3258,3259,3260,3261,3262,3263,3264,3265,3266,353,3267,3268,3269,3270,3271,3272,3273,3274,3275,3276,400,3277,3278,3279,3280,3281,3282,3283,396,410,3284,3285,3286,3287,3288,3289,405,3290,3291,3292,3293,3294,3295,3296,3297,3298,3299,3300,3301,3302,3303,3304
10,218,0,79,219,220,221,162,222,223,224,225,226,227,228,229,230,231,232,233,234,235,236,237,238,3305,3114,1631,3306,3307,3308,2243,3309,595,3310,3311,3312,3313,3314,3315,3316,3317,3318,3319,3320,3321,3322,3323,1,2,3,4,5,6,7,8,9,11,12,13,14,15,16,17,18,19,20,21,22,23,24,1318,1184,1319,1320,1321,1263,1322,1323,1324,1325,1326,1327,1328,1329,1330,1331,1332,1333,1334,1335,1336,1337,1199,3324,3325,3326,3327,3328,3329,3330,1539,1637,3331,1699,3332,3333,3334,3335,3336,3337,3338,3339,3340,3341,1179,3342,3343,3344,3345,3346,3347,1223,1340,3348,1388,3349,3350,3351,3352,3353,3354,3355,3356,3357,2200,3358,3359,3360,2254,2253,3361,3362,2269,3363,3364,2331,3365,3366,3367,3368,3369,3370,3371,3372,3373,2529,2530,1220,2479,1284,2531,2532,1893,2533,2534,2535,2536,2537,2538,2539,2540,2541,2542,2543,2544,3374,2923,1288,3375,3376,3377,3378,3379,3380,3381,3382,3383,3384,3385,3386,3387,3388,3389,3390,3391,3392,3004,3393,3394,3395,3396,3397,3398,3399,3400,3401,3402,3403,3404,3405,3406,3407,3408,3409,3410,3411,3412,3413,3414,3415,3416,3417,3418,3419,3420,3421,3422,3423,3424,3425,3426,3427,3428,3429,3430,3431,3432,3433,3434,3435,2862,3436,1955,3437,3438,3439,3440,3441,3442,3443,3444,3445,3446,3447,3448,3449,3135,3450,3451,3452,3453,3454,3455,3456,3457,3458,3459,3460,3461,3462,3463,3464,3465,3466,3467,3468,2550,3469,3470,3471,3472,3473,3474,3475,3476,3477,3478,3479,3480,3481,3482,3483,2909,3484,3485,3486,3487,3488,3489,3490,2595,3491,3492,3493,3494,3495,3496,3497,3498,3499,3500,3501,3502,3503,3504,3505,2613,3506,3507,3508,3509,3510,3511,3512,3513,3514,2484,3515,3516,3517,3518,3519,2552,3520,3521,3522,3523,3524,3525,3526,3527,3528,3529,3530,353,3531,3532,3533,3534,3535,3536,348,3537,3538,3539,3540,3541,365,3542,3543,3544,3545,3546,3547,3548,361,3549,3550,3551,3552,3553,3554,3555,3556,3557,3558,3559,3560,3561,3562,3563,3564,3565,3566,3567,3568,3569,3570,3571,3572,3573,3574,3575,3576,3577,3578,3579,3580,3581,3582,421,3583,3584,3585,3586,3587,3588,3589,414,3590,400,3591,3592,3593,3594,3595,3596,410,3597,3598,3599,3600,3601,3602
11,239,57,0,101,122,240,163,241,242,225,243,244,245,246,247,248,249,250,251,252,253,254,255,256,3603,3604,639,622,621,3605,3606,3607,603,3608,3609,3610,3611,3612,3613,3614,3615,3616,3617,3618,3619,3620,3621,981,825,2,867,888,982,927,983,984,985,986,987,988,989,990,991,992,993,994,995,996,997,998,1,3,4,5,6,7,8,9,10,12,13,14,15,16,17,18,19,20,21,22,23,24,862,1520,1540,1650,1579,1651,1652,1637,1653,1654,1655,1656,1657,1658,1659,1660,1661,1662,1663,1664,1665,500,842,1850,1967,1891,1968,1969,1953,887,619,1970,1052,1971,1972,1973,1974,1975,1976,1977,1978,1979,3622,3623,617,3624,2546,3625,3626,2855,2264,3627,3136,3628,3629,3630,3631,3632,3633,3634,3635,3636,3637,2545,2445,884,2480,948,2547,1893,2548,2549,2550,2551,2552,2553,2554,2555,2556,2557,2558,2559,2560,3638,3639,952,3640,3641,3642,3643,2498,3644,3645,2890,3646,2731,3647,3648,3649,3650,3651,3652,3653,3654,3011,1538,3655,3656,3657,3658,3659,3660,1932,3140,3661,3662,3663,3664,3665,3666,3667,3668,3669,3670,3671,3434,1539,1223,3435,2862,3436,3420,1955,3437,3438,3439,3440,3441,3442,3443,3444,3445,3446,3447,3448,3449,3672,3673,3674,3675,3676,3677,3467,3678,3679,3680,3681,3682,3683,3684,3685,3686,3687,3688,3689,3690,3691,1954,3692,3135,3693,3694,3695,3696,3697,3698,3699,3700,3701,3702,3703,3704,3705,3706,2576,3707,1619,1326,3708,3709,3504,3710,3711,3712,3713,3714,3715,3716,3717,3718,3719,3720,3721,3722,3723,3724,3725,3726,3727,3728,3729,3730,3731,3732,3733,3734,3735,3736,3737,1957,3738,3739,3740,3741,3742,3743,3744,3745,3746,3747,3748,3749,3750,3751,2614,2613,3752,3753,3754,3755,3756,3757,3758,3759,3760,3761,3762,3763,3764,3765,3766,3767,3768,355,3769,3770,3771,3772,3773,3774,3775,349,3776,3777,3778,3779,367,3780,3781,3782,3783,3784,3785,3786,3787,362,3788,3789,3790,3791,3792,3793,3794,3795,3796,3797,3798,3799,3800,3801,3802,3803,3804,3805,3806,3807,3808,3809,3810,3811,3812,3813,3814,3815,3816,3817,3818,3819,3820,3821,3822,3823,3824,3825,3826,3827,3828,3829,3830,3831,3832,3833,3834,3835,3836,3837,3838,3839,3840,3841,3842,3843
12,35,257,80,0,123,144,258,259,205,260,244,261,262,263,264,265,266,267,268,269,270,271,272,273,435,634,480,1,522,542,635,636,637,621,638,639,640,641,642,643,644,645,646,647,648,649,650,3844,3845,1003,987,986,3846,3847,3848,967,3689,3849,3850,3851,3852,3853,3854,3855,3856,3857,3858,3859,3860,3861,474,1185,3,1224,1245,1338,1339,1305,1340,1341,1342,1343,1344,1345,1346,1347,1348,1349,1350,1351,1352,1353,2,4,5,6,7,8,9,10,11,13,14,15,16,17,18,19,20,21,22,23,24,495,847,1851,1872,1980,1981,1933,1982,619,519,672,1983,1984,1985,1986,1987,1988,1989,1990,1991,1992,2278,2142,516,2179,2279,583,1873,2280,2266,2281,2282,2283,2284,2285,2286,2287,2288,2289,2290,2291,2292,3862,3863,1000,3864,3865,2872,3866,3690,2562,3450,3867,3868,3869,3870,3871,3872,3873,3874,3875,3876,3877,3878,3879,585,3880,3881,2215,3882,3883,3884,2889,2711,3885,3886,3887,3888,3889,3890,3891,3892,3893,3153,1222,1538,3154,2877,3101,3155,3140,1934,3156,3157,3158,3159,3160,3161,3162,3163,3164,3165,3166,3167,3310,1223,3894,3895,3896,3897,3898,1954,3899,3437,3900,3901,3902,3903,3904,3905,3906,3907,3908,3909,3910,3609,3627,3691,1932,3677,3692,3135,3693,3694,3695,3696,3697,3698,3699,3700,3701,3702,3703,3911,3912,3913,3914,3915,3168,3916,3917,3918,3919,3920,3921,3922,3923,3924,3925,3926,3927,3928,2293,3929,3930,1304,1325,3931,3191,3932,3933,3934,3935,3936,3937,3938,3939,3940,3941,3942,3943,1935,3944,3945,3946,3947,3948,3949,3950,3951,3952,3953,3954,3955,3956,3957,3958,3959,3960,3961,3962,3963,3964,3965,3966,3967,3968,3969,3970,3971,3972,3973,2333,3974,3975,2330,3976,3977,3978,3979,3980,3981,3982,3983,3984,3985,3986,3987,3988,3989,3990,3991,3992,3993,3994,3995,3996,3997,3998,3999,4000,4001,4002,4003,4004,4005,4006,4007,4008,4009,4010,4011,4012,4013,4014,4015,4016,4017,381,4018,4019,4020,4021,4022,4023,4024,375,4025,4026,391,4027,4028,4029,4030,4031,4032,4033,4034,386,4035,4036,4037,4038,4039,4040,4041,4042,4043,4044,4045,4046,4047,4048,4049,4050,4051,4052,4053,4054,4055,4056,4057,4058,4059,4060,4061,4062,4063,4064,4065,4066
13,274,275,81,102,0,276,277,278,279,280,245,262,281,282,283,284,285,286,287,288,289,290,291,292,4067,4068,4069,639,638,4070,4071,4072,4073,3609,3927,4074,3946,4075,4076,4077,4078,4079,4080,4081,4082,4083,4084,4085,4086,987,4087,985,4088,4089,4090,4091,3705,3689,4092,4093,3740,4094,4095,4096,4097,4098,4099,4100,4101,4102,480,1021,478,3,1354,929,1355,1356,1357,1342,1358,1359,1360,1361,1362,1363,1364,1365,1366,1367,1368,1369,867,656,4,543,1666,1667,1668,1669,1654,1670,1671,1672,1673,1674,1675,1676,1677,1678,1679,1680,1681,1,2,5,6,7,8,9,10,11,12,14,15,16,17,18,19,20,21,22,23,24,4103,4104,542,4105,4106,4107,1561,4108,2263,2293,4109,4110,4111,4112,4113,4114,4115,4116,4117,4118,4119,4120,4121,927,4122,4123,4124,1265,2576,2561,4125,4126,4127,4128,4129,4130,4131,4132,4133,4134,4135,4136,4137,4138,4139,4140,4141,4142,4143,2579,2297,2891,4144,4145,4146,4147,4148,4149,4150,4151,4152,4153,4154,1203,1518,4155,4156,4157,4158,4159,1304,4160,4161,4162,4163,4164,4165,4166,4167,4168,4169,4170,4171,4172,1204,1184,4173,4174,4175,4176,1326,4177,4178,4179,4180,4181,4182,4183,4184,4185,4186,4187,4188,4189,3704,3706,3707,1619,3467,3135,3708,3709,3504,3710,3711,3712,3713,3714,3715,3716,3717,3718,3928,3929,3930,1325,3168,3931,3191,3932,3933,3934,3935,3936,3937,3938,3939,3940,3941,4190,4191,4192,4193,4194,4195,4196,4197,4198,4199,4200,4201,4202,4203,4204,4205,4206,4207,4208,4209,4210,1620,4211,4212,4213,4214,4215,4216,4217,4218,4219,4220,4221,4222,4223,4224,4225,4226,1328,4227,4228,4229,4230,4231,4232,4233,4234,4235,4236,4237,4238,4239,4240,4241,4242,4243,4244,4245,4246,4247,4248,4249,4250,4251,4252,4253,4254,4255,4256,4257,4258,4259,4260,357,4261,4262,4263,4264,4265,4266,4267,4268,350,4269,4270,4271,369,4272,4273,4274,4275,4276,4277,4278,4279,4280,363,4281,4282,379,4283,4284,4285,4286,376,4287,4288,4289,4290,4291,389,4292,4293,4294,4295,4296,387,4297,4298,4299,4300,4301,4302,4303,4304,4305,4306,4307,4308,4309,4310,4311,4312,4313,4314,4315,4316,4317,4318,4319,4320,4321,4322,4323,4324,4325,4326,4327,4328,4329,4330
14,37,293,294,103,295,0,166,187,207,296,297,263,298,299,300,301,302,303,304,305,306,307,308,309,437,670,671,502,672,1,564,585,673,674,640,675,676,677,678,679,680,681,682,683,684,685,686,4331,4332,4333,4334,4335,952,951,4336,971,4337,4338,4339,4340,2734,1040,4341,4342,4343,4344,4345,4346,4347,4348,1994,4349,1683,4350,3720,2593,3484,4210,4351,3943,4352,1371,4353,1035,4354,4355,4356,4357,4358,4359,4360,4361,1682,1521,1684,4,1582,1603,1620,1685,1686,659,1687,1688,706,1689,1690,1691,1692,1693,1694,1695,1696,1541,4362,4363,1538,4364,4365,4366,4367,4368,1935,4369,4370,2027,4371,4372,4373,4374,4375,4376,4377,4378,2,3,5,6,7,8,9,10,11,12,13,15,16,17,18,19,20,21,22,23,24,565,2447,2594,2483,2501,2520,2595,2596,2565,2597,2598,2599,2600,2601,2602,2603,2604,2605,2606,2607,2713,2903,2904,1592,2905,2808,1601,2535,2906,2877,2907,2908,2909,2910,2911,2912,2913,2914,2915,2916,2917,3186,3187,3188,2612,3083,3103,3189,3190,3157,3191,3192,3193,2330,3194,3195,3196,3197,3198,3199,3200,3201,3314,4379,4380,2613,3490,4381,4382,4383,4384,4385,4386,4387,4388,4389,4390,4391,4392,4393,4394,4395,4396,4397,3623,4398,4399,4400,3945,4401,4402,4403,4404,4405,4406,4407,4408,4409,4410,4411,4412,3942,3867,2711,3944,3916,3946,3947,3948,3949,3950,3951,3952,3953,3954,3955,3956,3957,4413,4414,639,4415,4139,1671,4416,4417,4418,4419,4420,4421,4422,4423,4424,4425,4426,4427,4428,4429,4430,4431,4432,4433,4434,4435,4436,708,4437,4438,4439,4440,4441,4442,4443,4444,2714,4445,4446,4447,4448,4449,4450,690,4451,4452,4453,4454,4455,4456,4457,4458,545,930,4459,1717,4460,4461,4462,4463,642,4464,4465,4466,4467,4468,4469,4470,4471,4472,4473,4474,4475,4476,4477,4478,4479,4480,4481,4482,397,4483,4484,4485,4486,4487,4488,4489,4490,4491,4492,4493,4494,4495,406,4496,4497,4498,4499,4500,4501,4502,4503,4504,4505,4506,4507,4508,4509,4510,4511,4512,4513,4514,4515,4516,4517,4518,4519,4520,367,4521,4522,4523,4524,4525,4526,4527,4528,355,4529,4530,4531,4532,4533,4534,4535,4536,4537,4538,4539,4540,4541,4542,4543,4544,4545,4546,4547,4548,4549
15,310,61,83,311,312,146,0,188,313,229,247,314,315,300,316,317,318,319,320,321,322,323,324,325,4550,4551,4552,4553,4554,586,585,4555,605,4556,4557,4558,2714,4559,677,4560,4561,4562,4563,4564,4565,4566,4567,1050,829,850,1051,1052,911,2,952,1053,989,1054,1055,1040,1056,1057,1058,1059,1060,1061,1062,1063,1064,1065,1386,1187,1387,1388,1247,3,1288,1389,1328,1390,1024,1376,1391,1068,1392,1393,1394,1395,1396,1397,1398,1399,2010,4568,4569,2311,3959,3202,4570,4226,3737,4571,4445,1698,688,4572,4573,4574,4575,4576,4577,4578,4579,4580,1226,4581,4582,1223,4583,4584,4585,1957,4586,4587,4588,2026,4589,4590,4591,4592,4593,4594,4595,4596,912,2144,2312,2181,6,2217,2313,2253,2268,2314,2315,2316,2317,2318,2319,2320,2321,2322,2323,2324,2325,1,4,5,7,8,9,10,11,12,13,14,16,17,18,19,20,21,22,23,24,2918,2735,1277,2919,2920,2809,2233,1284,2862,2921,2922,2909,2923,2924,2925,2926,2927,2928,2929,2930,2931,3013,4597,4598,2330,3193,4599,4600,4601,4602,4603,4447,4604,4605,4606,4607,4608,4609,4610,4611,4612,4613,3499,3500,3501,2331,3384,3502,3424,3440,3503,3504,3490,3505,2613,3506,3507,3508,3509,3510,3511,3512,3513,3736,3628,2731,3738,3679,3739,3740,3726,3741,3742,3743,3744,3745,3746,3747,3748,3749,3750,4614,3863,4615,4616,4617,4618,4448,4619,4620,4621,4622,4623,4624,4625,4626,4627,4628,4629,4630,4631,987,4138,4632,1360,4633,4634,4635,4636,4637,4638,4639,4640,4641,4642,4643,4644,2734,4353,4446,4387,4403,4449,4436,4450,690,4451,4452,4453,4454,4455,4456,4457,4458,4645,4646,4647,4648,4649,4650,4651,1072,4652,4653,4654,4655,4656,4657,4658,4659,544,931,1406,4660,4661,4662,4663,990,4664,4665,4666,4667,4668,4669,4670,4671,4672,4673,4674,4675,4676,4677,4678,4679,4680,4681,4682,4683,4684,4685,4686,4687,4688,4689,4690,4691,4692,4693,4694,4695,4696,4697,4698,4699,4700,4701,4702,4703,4704,4705,4706,4707,4708,4709,415,4710,4711,4712,4713,4714,4715,4716,4717,4718,4719,4720,422,4721,4722,4723,4724,4725,4726,4727,4728,4729,4730,4731,4732,4733,4734,4735,4736,4737,4738,4739,391,4740,4741,4742,4743,4744,4745,381,4746,4747,4748,4749,4750
16,326,327,328,329,330,147,167,0,331,332,333,334,335,301,317,336,337,338,339,340,341,342,343,344,4751,4752,4753,1563,4754,2326,2191,537,4755,4756,4757,4758,545,4759,4760,4761,4762,4763,4764,4765,4766,4767,4768,4769,4770,1267,4771,4772,2121,2609,924,4773,4774,4775,4776,4777,931,4778,4779,4780,4781,4782,4783,4784,4785,4786,4787,4788,4789,4790,4791,1329,1328,4792,4793,4794,4795,1373,1406,4796,4797,4798,4799,4800,4801,4802,4803,4804,4805,4806,4807,1622,4808,1620,4809,4810,4811,4812,1717,1700,4813,4814,4815,4816,4817,4818,4819,4820,4821,4822,4823,4824,3976,3753,4244,4825,4826,4827,4828,1716,1404,2028,4829,4830,4831,4832,4833,4834,4835,4836,2327,2328,2329,2182,2200,6,2330,2331,2332,2333,2334,2317,2335,2336,2337,2338,2339,2340,2341,2342,2343,2608,2610,2611,2484,7,2612,2613,2614,2615,2616,2599,2617,2618,2619,2620,2621,2622,2623,2624,2625,1,2,3,4,5,8,9,10,11,12,13,14,15,17,18,19,20,21,22,23,24,4837,4838,4839,4840,3192,4841,4842,4843,3949,4844,4461,4447,4845,4846,4847,4848,4849,4850,4851,4852,4853,4854,4855,4856,4857,3505,4858,4859,3742,4860,4861,4387,4663,4862,4863,4864,4865,4866,4867,4868,4869,4870,4871,3622,927,4872,4873,4874,4875,4876,990,4877,4878,4879,4880,4881,4882,4883,4884,4885,4886,3862,542,4887,4888,4889,642,4890,4891,4892,4893,4894,4895,4896,4897,4898,4899,4900,4901,4902,4903,4140,4904,4905,4906,4907,4908,4909,4910,4911,4912,4913,4914,4915,4916,4917,930,4459,4460,4462,4463,4464,708,690,4465,4466,4467,4468,4469,4470,4471,4472,4473,544,4660,4661,4662,4664,4665,1072,4666,4667,4668,4669,4670,4671,4672,4673,4674,4918,4919,4920,4921,4922,4923,4924,4925,4926,4927,4928,4929,4930,4931,4932,4933,4934,4935,4936,4937,4938,4939,4940,4941,4942,4943,4944,4945,4946,4947,416,4948,4949,4950,4951,4952,4953,4954,4955,4956,4957,4958,4959,4960,423,4961,4962,4963,4964,4965,4966,4967,398,4968,4969,4970,4971,4972,4973,4974,4975,4976,4977,4978,407,4979,4980,4981,4982,389,4983,4984,4985,4986,4987,4988,4989,4990,379,4991,4992,4993,4994,4995,4996,4997,4998,369,4999,5000,5001,5002,5003,5004,357,5005,5006,5007,5008
1,25,26,27,28,29,30,31,32,0,33,34,35,36,37,38,39,40,41,42,43,44,45,46,47,425,426,427,428,429,430,431,432,433,434,435,436,437,438,439,440,441,442,443,444,445,446,447,448,449,450,451,452,453,454,455,456,457,458,459,460,461,462,463,464,465,466,467,468,469,470,471,472,473,474,475,476,477,478,479,480,481,482,483,484,485,486,487,488,489,490,491,492,493,494,495,496,497,498,4,499,500,501,502,503,504,505,506,507,508,509,510,511,512,513,514,515,516,517,518,519,520,521,522,523,524,525,526,527,528,529,530,531,532,533,534,535,536,537,538,539,6,540,541,542,543,544,545,546,547,548,549,550,551,552,553,554,555,556,557,558,559,560,561,562,563,564,565,566,567,568,569,570,571,572,573,574,575,576,577,578,579,580,581,582,583,584,585,586,587,588,589,590,591,592,593,594,2,3,5,7,8,9,10,11,12,13,14,15,16,17,18,19,20,21,22,23,24,595,596,597,598,599,600,601,602,603,604,605,606,607,608,609,610,611,612,613,614,615,616,617,618,619,620,621,622,623,624,625,626,627,628,629,630,631,632,633,634,635,636,637,638,639,640,641,642,643,644,645,646,647,648,649,650,651,652,653,654,655,656,657,658,659,660,661,662,663,664,665,666,667,668,669,670,671,672,673,674,675,676,677,678,679,680,681,682,683,684,685,686,687,688,689,690,691,692,693,694,695,696,697,698,699,700,701,702,703,704,705,706,707,708,709,710,711,712,713,714,715,716,717,718,719,720,721,722,723,724,725,726,727,728,729,382,730,731,732,733,734,735,736,737,738,739,740,371,741,742,743,744,745,746,747,748,352,749,750,751,752,753,754,755,756,757,758,366,759,760,761,762,763,764,765,766,767,768,401,769,770,771,393,772,773,774,775,409,776,777,778,779,402,780,781,782,783,784,785,786,787,788,789,790,791,792,793
2,48,49,50,51,52,53,54,55,56,0,57,58,59,60,61,62,63,64,65,66,67,68,69,70,794,795,796,797,798,799,800,801,600,802,803,804,805,806,807,808,809,810,811,812,813,814,815,816,817,818,819,820,821,822,823,824,825,826,827,828,829,830,831,832,833,834,835,836,837,838,839,840,841,842,843,844,845,846,3,847,848,849,850,851,852,853,854,855,856,857,858,859,860,861,862,863,864,865,866,478,867,868,869,870,871,872,873,874,875,876,877,878,879,880,881,882,883,884,885,886,887,888,889,890,891,892,893,894,895,896,897,898,899,900,901,902,903,904,905,906,907,559,908,909,910,911,912,913,914,915,916,917,918,919,920,921,922,923,924,925,926,7,927,928,929,930,931,932,933,934,935,936,937,938,939,940,941,942,943,944,945,946,947,948,949,950,951,952,953,954,955,956,957,958,959,960,961,962,963,964,965,966,456,967,968,969,970,971,972,973,974,975,976,977,978,979,980,1,4,5,6,8,9,10,11,12,13,14,15,16,17,18,19,20,21,22,23,24,981,982,983,984,985,986,987,988,989,990,991,992,993,994,995,996,997,998,999,1000,1001,619,1002,1003,1004,1005,1006,1007,1008,1009,1010,1011,1012,1013,1014,1015,1016,1017,1018,1019,1020,1021,1022,1023,1024,1025,1026,1027,1028,1029,1030,1031,1032,1033,1034,1035,1036,690,1037,1038,1039,1040,1041,1042,1043,1044,1045,1046,1047,1048,1049,1050,1051,1052,1053,1054,1055,1056,1057,1058,1059,1060,1061,1062,1063,1064,1065,1066,1067,1068,1069,1070,1071,1072,1073,1074,1075,1076,1077,1078,1079,1080,1081,1082,1083,1084,1085,1086,1087,352,1088,1089,1090,1091,345,1092,1093,1094,1095,1096,1097,1098,366,1099,1100,1101,358,1102,1103,1104,1105,1106,1107,1108,1109,1110,1111,1112,1113,1114,1115,1116,1117,1118,1119,1120,1121,1122,1123,1124,1125,1126,1127,1128,1129,1130,1131,1132,1133,1134,1135,411,1136,1137,1138,1139,1140,1141,1142,1143,1144,418,1145,1146,1147,409,1148,1149,1150,1151,1152,1153,401,1154,1155,1156
3,71,50,72,73,74,75,76,77,78,79,0,80,81,82,83,84,85,86,87,88,89,90,91,92,1157,1158,1159,1160,1161,1162,1163,1164,596,495,474,473,1165,1166,1167,1168,1169,1170,1171,1172,1173,1174,1175,839,818,840,841,842,843,844,845,846,2,847,848,849,850,851,852,853,854,855,856,857,858,859,1176,1177,1178,1179,1180,1181,1182,1183,1184,1185,1021,1186,1187,1188,1189,1190,1191,1192,1193,1194,1195,1196,1197,1198,1199,1200,1201,1202,1203,1204,4,478,1205,1206,1207,1208,1209,1210,1211,1212,1213,1214,1215,1216,1217,1218,1219,1220,1221,1222,1223,5,1224,1225,1226,1227,1228,1229,1230,1231,1232,1233,1234,1235,1236,1237,1238,1239,1240,1241,1242,1243,1244,1245,1246,1247,1248,1249,1250,1251,1252,1253,1254,1255,1256,1257,1258,1259,1260,1261,1262,1263,7,1264,1265,1266,1267,1268,1269,1270,1271,1272,1273,1274,1275,1276,1277,1278,1279,1280,1281,1282,1283,1284,1285,1286,1287,1288,1289,1290,1291,1292,1293,1294,1295,1296,1297,1298,1299,1300,1301,1302,1303,1304,1305,1306,1307,1308,1309,1310,1311,1312,1313,1314,1315,1316,1317,1318,1319,1320,1321,1322,1323,1324,10,1325,1326,1327,1328,1329,1330,1331,1332,1333,1334,1335,1336,1337,1,6,8,9,11,12,13,14,15,16,17,18,19,20,21,22,23,24,1003,1338,1339,1340,1341,1342,1343,1344,1345,1346,1347,1348,1349,1350,1351,1352,1353,480,987,1354,929,1355,1356,1357,1358,1359,1360,1361,1362,1363,1364,1365,1366,1367,1368,1369,1370,1371,1372,1373,1374,482,1375,1376,1377,1378,1379,1380,1381,1382,1383,1384,1385,1386,1387,1388,1389,1390,1024,1391,1068,1392,1393,1394,1395,1396,1397,1398,1399,1400,1401,1402,1403,1404,1405,1406,931,1407,1408,1409,1410,1411,1412,1413,1414,1415,1416,1417,1418,1419,1420,1421,354,1422,1423,1424,1425,1426,346,1427,1428,1429,1430,1431,1432,368,1433,1434,1435,1436,359,1437,1438,1439,1440,1441,1442,1443,1444,1445,1446,1447,1448,1449,1450,1451,1452,1453,1454,1455,1456,1457,1458,1459,1460,1461,1462,1463,1464,1465,1466,1467,1468,1469,1470,1471,1472,1473,1474,1475,1476,1477,1478,1479,1480,1481,1482,1483,1484,1485,1486,1487,1488,1489,1490,1491,1492,1493
4,28,93,73,94,95,96,97,98,99,100,101,0,102,103,104,105,106,107,108,109,110,111,112,113,428,493,473,494,495,496,497,498,499,500,1,501,502,503,504,505,506,507,508,509,510,511,512,1494,1495,1197,1496,1497,1498,1499,1500,962,862,842,841,1501,1502,1503,1504,1505,1506,1507,1508,1509,1510,1511,1160,1178,1198,1199,1200,1201,1202,1203,1204,3,478,1205,1206,1207,1208,1209,1210,1211,1212,1213,1214,1215,1512,1513,1514,1515,1516,1517,1518,1519,1520,656,1521,1522,1523,1524,1525,1526,1527,1528,1529,1530,1531,1532,1533,1534,1535,1536,1537,1538,1539,1540,5,1541,1542,1543,1544,1545,1546,1547,1548,1549,1550,1551,1552,1553,1554,1555,1556,1557,1558,1559,1560,6,1561,1562,1563,1564,1565,1566,1567,1568,1569,1570,1571,1572,1573,1574,1575,1576,1577,1578,1579,1580,1581,1582,1583,1584,1585,1586,1587,1588,1589,1590,1591,1592,1593,1594,1595,1596,1597,1598,1599,1600,1601,1602,1603,1604,1605,1606,1607,1608,1609,1610,1611,1612,1613,1299,1614,1615,1616,1617,1618,1619,9,1304,1620,1621,1622,1623,1624,1625,1626,1627,1628,1629,1630,1631,1632,1319,1633,1634,1635,1636,1637,1326,1638,1639,1640,1641,1642,1643,1644,1645,1646,1647,1648,1649,622,1650,1651,1652,1653,11,1654,1655,1656,1657,1658,1659,1660,1661,1662,1663,1664,1665,2,7,8,10,12,13,14,15,16,17,18,19,20,21,22,23,24,639,867,543,1666,1667,1668,1669,1670,1671,1672,1673,1674,1675,1676,1677,1678,1679,1680,1681,1682,1683,1684,1685,1686,659,1687,1688,706,1689,1690,1691,1692,1693,1694,1695,1696,1697,1698,1699,1700,1701,870,1702,1703,1704,1705,1706,1707,1708,1709,1710,1711,1712,1713,1714,1715,1716,1717,1718,1719,545,1720,1721,1722,1723,1724,1725,1726,1727,1728,1729,1730,1731,1732,1733,1734,1735,1736,1737,1738,1739,1740,1741,1742,1743,1744,1745,1746,1747,1748,1749,1750,1751,1752,1753,1754,1755,1756,1757,1758,1759,380,1760,1761,1762,1763,1764,372,1765,1766,1767,1768,392,1769,1770,1771,1772,383,1773,1774,1775,1776,1777,1778,1779,1780,1781,1782,1783,1784,1785,1786,1787,1788,1789,1790,1791,1792,1793,1794,1795,1796,1797,1798,1799,1800,1801,1802,1803,1804,1805
5,114,115,74,95,116,117,118,119,120,121,122,123,0,124,125,126,127,128,129,130,131,132,133,134,1806,1807,1160,1532,1808,1554,1809,1810,1811,1812,495,494,1813,1814,1815,1816,1817,1818,1819,1820,1821,1822,1823,1824,1825,1217,1197,1826,1827,1259,1828,1829,842,1830,840,1831,1832,1833,1834,1835,1836,1837,1838,1839,1840,1841,1216,1179,1199,1218,1219,1220,1221,1222,1223,1224,3,1225,1226,1227,1228,1229,1230,1231,1232,1233,1234,1235,1533,1514,1534,1535,1536,1537,1538,1539,1540,4,1541,1542,1543,1544,1545,1546,1547,1548,1549,1550,1551,1842,1843,1844,1845,1846,1847,1848,1849,1850,1851,1852,1853,1854,1855,1856,1857,1858,1859,1860,1861,1862,1863,1864,1865,1866,1867,1868,1869,1870,1871,1872,1873,1874,1875,1876,1877,1878,1879,1880,1881,1882,1883,1884,1885,1886,1887,1888,1889,1890,1891,1892,1893,1894,1895,1896,1897,1898,1899,1900,1901,1902,1903,1904,1905,1906,1907,1908,1909,1910,1911,1912,1913,1914,1915,1916,1917,1918,1919,1920,1921,1922,1923,1924,1925,1926,1927,1928,1929,1930,1931,1932,1933,1934,1935,1936,1937,1938,1939,1940,1941,1942,1943,1944,1945,1946,1947,1948,1949,1950,1951,1952,1953,1954,1955,1956,1957,1958,1959,1960,1961,1962,1963,1964,1965,1966,500,1967,1968,1969,887,619,11,1970,1052,1971,1972,1973,1974,1975,1976,1977,1978,1979,847,1980,1981,1982,519,12,672,1983,1984,1985,1986,1987,1988,1989,1990,1991,1992,1,2,6,7,8,9,10,13,14,15,16,17,18,19,20,21,22,23,24,1993,1994,1995,1996,1997,502,1998,1999,2000,2001,2002,2003,2004,2005,2006,2007,2008,2009,2010,2011,2012,2013,850,2014,2015,2016,2017,2018,2019,2020,2021,2022,2023,2024,2025,2026,2027,2028,2029,2030,2031,2032,2033,2034,2035,2036,2037,2038,2039,2040,2041,2042,2043,2044,2045,2046,2047,356,2048,2049,2050,2051,2052,2053,347,2054,2055,2056,2057,2058,370,2059,2060,2061,2062,2063,360,2064,2065,2066,2067,2068,2069,378,2070,2071,373,2072,2073,2074,2075,2076,2077,2078,390,2079,384,2080,2081,2082,2083,2084,2085,2086,2087,2088,2089,2090,2091,2092,2093,2094,2095,2096,2097,2098,2099,2100,2101,2102,2103,2104,2105,2106,2107,2108,2109,2110,2111,2112,2113,2114
6,30,135,136,96,137,138,139,140,141,142,143,144,145,0,146,147,148,149,150,151,152,153,154,155,430,534,535,496,536,537,538,539,540,541,542,543,1,544,545,546,547,548,549,550,551,552,553,2115,2116,2117,2118,2119,2120,2121,905,964,2122,2123,2124,931,912,2125,2126,2127,2128,2129,2130,2131,2132,2133,2134,2135,1553,2136,2137,2138,2139,2140,2141,2142,2143,1374,2144,2145,2146,2147,2148,2149,2150,2151,2152,2153,1552,1515,1554,1555,1556,1557,1558,1559,1560,1561,4,1562,1563,1564,1565,1566,1567,1568,1569,1570,1571,2154,2155,2156,2157,2158,2159,1872,2160,2161,516,495,2162,2032,2163,2164,2165,2166,2167,2168,2169,2170,2171,2172,2173,2174,2175,580,2176,2177,2178,2179,2180,2181,2182,2183,2184,2185,2186,2187,2188,2189,2190,2191,2192,2193,2194,559,2195,2196,2197,2198,2199,7,2200,2201,2202,2203,2204,2205,2206,2207,2208,585,911,2209,498,2210,2211,2212,2213,2214,2215,2216,8,2217,2218,2219,2220,2221,2222,2223,2224,2225,2226,2227,1535,2228,1601,2229,2230,2231,1873,2232,9,2233,2234,2235,2236,2237,2238,2239,2240,2241,2242,2243,2244,2245,2246,2247,2248,2249,2250,2251,2252,1284,2253,2254,2255,2256,2257,2258,2259,2260,2261,2262,2263,2264,908,1871,2265,2266,2267,1244,2268,2269,2270,2271,2272,2273,2274,2275,2276,2277,2278,2279,583,2280,2281,2282,12,2283,2284,2285,2286,2287,2288,2289,2290,2291,2292,2293,2294,2295,2296,2297,2298,2299,2300,1304,2301,2302,2303,2304,2305,2306,2307,2308,2309,2310,2,3,5,10,11,13,14,15,16,17,18,19,20,21,22,23,24,586,2311,2312,2313,2314,2315,2316,2317,2318,2319,2320,2321,2322,2323,2324,2325,2326,2327,2328,1622,2329,2330,2331,2332,2333,2334,2335,2336,2337,2338,2339,2340,2341,2342,2343,2344,2345,2346,2347,2348,2349,2350,2351,2352,2353,403,2354,2355,2356,2357,2358,2359,2360,2361,2362,2363,2364,394,2365,2366,2367,2368,2369,2370,2371,2372,2373,2374,2375,2376,2377,2378,2379,2380,2381,2382,2383,2384,2385,2386,2387,2388,2389,2390,2391,2392,2393,354,2394,2395,2396,2397,2398,2399,2400,2401,368,2402,2403,2404,2405,2406,2407,2408,2409,2410,2411,2412,2413,2414,2415,2416,2417,2418,2419
7,156,54,76,157,158,139,159,160,161,162,163,164,165,166,0,167,168,169,170,171,172,173,174,175,2420,2421,2422,2423,2424,2191,2425,538,598,2426,2427,2428,565,545,2429,2430,2431,2432,2433,2434,2435,2436,2437,921,822,844,922,923,905,924,925,926,927,928,929,930,2,931,932,933,934,935,936,937,938,939,1257,1181,1258,1259,1240,1260,1261,1262,1263,1264,1265,1266,3,1267,1268,1269,1270,1271,1272,1273,1274,1275,2438,2439,2440,2192,2441,2442,2443,2444,2445,2446,2447,1701,2448,2449,2450,2451,2452,2453,2454,2455,2456,2457,2458,2459,2460,2461,2462,2463,1891,884,2464,2465,842,2031,2466,2467,2468,2469,2470,2471,2472,2473,2121,2138,2193,2175,2194,559,2195,2196,2197,2198,2199,6,2200,2201,2202,2203,2204,2205,2206,2207,2208,2474,2475,2476,2477,947,2478,2479,2480,2481,2482,2483,2484,2485,2486,2487,2488,2489,2490,2491,2492,564,952,845,2493,2494,2495,2496,2497,2498,2499,2500,2501,8,2502,2503,2504,2505,2506,2507,2508,2509,2510,2511,2512,2513,2514,2515,2516,2517,2518,2519,2520,1601,2228,2521,2522,2523,2524,2525,2526,2527,2528,2529,2530,1220,2254,1284,2531,2532,1893,2533,2534,2535,10,2536,2537,2538,2539,2540,2541,2542,2543,2544,2545,2546,948,2547,2548,2549,2550,2551,11,2552,2553,2554,2555,2556,2557,2558,2559,2560,2561,2562,562,1892,2563,2564,2565,1580,2566,2567,2568,2569,2570,2571,2572,2573,2574,2575,2576,2577,2578,2579,2580,2581,2582,2583,1326,2584,2585,2586,2587,2588,2589,2590,2591,2592,951,2593,2594,2595,2596,2597,2598,14,2599,2600,2601,2602,2603,2604,2605,2606,2607,1,4,5,9,12,13,15,16,17,18,19,20,21,22,23,24,2608,2609,1329,2610,2611,2612,2613,2614,2615,2616,2617,2618,2619,2620,2621,2622,2623,2624,2625,2626,2627,2628,2629,2630,2631,2632,2633,2634,2635,2636,2637,2638,2639,2640,2641,2642,2643,2644,2645,2646,2647,2648,2649,2650,2651,2652,2653,2654,2655,2656,2657,2658,2659,2660,2661,419,2662,2663,2664,2665,2666,2667,2668,2669,2670,412,2671,2672,2673,2674,2675,2676,2677,2678,2679,2680,2681,2682,2683,2684,2685,2686,2687,2688,2689,2690,2691,2692,2693,380,2694,2695,2696,2697,2698,2699,392,2700,2701
8,176,177,178,179,180,140,160,181,182,183,184,185,186,187,188,0,189,190,191,192,193,194,195,196,2702,2703,2704,2705,2706,585,2707,2708,2709,2710,2711,2712,2713,2714,676,2715,2716,2717,2718,2719,2720,2721,2722,2723,2724,2725,2726,2727,2728,952,2729,2730,2731,2732,2733,2734,2735,1056,2736,2737,2738,2739,2740,2741,2742,2743,2744,2745,2746,2747,2748,845,2749,2750,1261,2751,2752,1370,1277,850,2753,2754,2755,2756,2757,2758,2759,2760,2761,2762,2763,498,2764,2765,1557,2766,2767,2768,1592,1697,502,2769,2770,2771,2772,2773,2774,2775,2776,2777,2778,2779,2780,2781,2782,2783,2784,2785,2786,2787,2788,2033,2789,2790,2791,2792,2793,2794,2795,2796,911,2209,2210,580,559,2211,2212,2213,2214,2215,2216,2217,6,2218,2219,2220,2221,2222,2223,2224,2225,564,2493,2494,947,2495,2496,2497,2498,2499,2500,2501,7,2502,2503,2504,2505,2506,2507,2508,2509,2797,2798,2799,2800,2801,2802,2803,2804,2805,2806,2807,2808,2809,2810,2811,2812,2813,2814,2815,2816,2817,2818,2819,2820,2195,2821,2822,2823,2824,2825,2826,1601,2827,2176,2828,2829,2830,2831,2832,2833,2834,2835,2836,2837,2838,2196,2839,2840,2841,2842,2843,2844,2845,1284,2479,2846,2847,2848,2849,2850,2851,2852,2853,2854,2855,2856,2857,2858,2859,2860,2861,2862,1893,2863,2864,2865,2866,2867,2868,2869,2870,2871,2872,2873,2874,2875,2876,2877,2878,1873,2879,2880,2881,2882,2883,2884,2885,2886,2887,2888,2889,2890,2891,2892,2893,2894,1602,1286,1914,2895,2896,2897,2898,2899,2900,2901,2902,2903,2904,2905,2535,2906,2907,2908,2909,14,2910,2911,2912,2913,2914,2915,2916,2917,2918,2919,2920,2233,2921,2922,2923,15,2924,2925,2926,2927,2928,2929,2930,2931,1,2,3,4,5,9,10,11,12,13,16,17,18,19,20,21,22,23,24,2932,2933,2934,2935,2936,2937,2938,2939,2940,2941,2942,2943,420,2944,2945,2946,2947,2948,2949,2950,2951,2952,2953,2954,413,2955,2956,2957,2958,2959,2960,2961,2962,2963,404,2964,2965,2966,2967,2968,2969,2970,2971,2972,395,2973,2974,2975,2976,2977,2978,2979,2980,378,2981,2982,2983,2984,2985,2986,2987,2988,390,2989,2990,2991,2992,2993,2994,2995,2996,356,2997,2998,2999,3000,3001,3002,370,3003
18,41,358,359,107,360,149,169,190,211,361,362,267,363,303,319,338,0,364,365,366,367,368,369,370,441,734,735,506,736,547,567,588,737,738,644,739,680,696,715,1,740,371,741,742,743,744,745,5166,5167,5168,5169,5170,5171,2639,5172,975,5173,5174,5175,5176,4688,5177,65,5178,5179,64,5180,5181,5182,5183,5184,5185,1744,5186,5187,2640,5188,5189,5190,4005,5191,1382,4689,5192,89,5193,5194,5195,5196,86,5197,5198,1743,1525,1745,1565,1585,1606,1624,1746,1747,1748,1690,1705,1723,4,1749,1750,1751,1752,1753,1754,1755,5199,5200,5201,5202,5203,5204,5205,5206,5207,4006,5208,5209,2041,133,5210,5211,5212,5213,5214,5215,128,2356,2357,2358,2184,2202,2219,2236,2359,2360,2286,2361,2319,2337,6,2362,2363,2364,394,2365,2366,2367,2431,2450,2641,2486,2503,2522,2642,2643,2568,2644,2601,2619,7,2645,2646,2647,2648,2649,2650,2651,2716,2944,2945,2770,2946,2811,2829,2947,2948,2880,2949,2911,2925,8,2950,2951,2952,2953,2954,413,2955,3245,3246,3247,3067,3086,3107,3248,3249,3161,3250,3195,3209,3226,9,3251,3252,385,3253,3254,3255,3256,3319,5216,5217,5218,5219,5220,5221,5222,5223,5224,5225,4691,5226,234,5227,232,5228,5229,5230,5231,5232,5233,3635,5234,5235,5236,4008,5237,5238,4692,5239,254,5240,5241,5242,250,5243,5244,5245,4004,3870,3887,4007,3920,4009,3951,3967,3984,12,4010,4011,4012,4013,4014,4015,4016,5246,5247,5248,5249,4153,5250,5251,5252,5253,5254,5255,292,5256,5257,5258,5259,5260,286,5261,4486,4487,4488,4489,4490,4491,4438,4452,4467,14,4492,4493,4494,4495,406,4496,4497,4561,4573,4690,4607,4622,4693,4653,4668,15,4694,4695,4696,4697,4698,4699,4700,4762,4949,4950,4815,4951,4847,4952,4953,4893,4954,4930,16,4955,4956,4957,4958,4959,4960,423,2,3,5,10,11,13,17,19,20,21,22,23,24,5262,5263,5264,5265,5266,5267,5268,5269,5270,5271,5272,5273,5274,5275,5276,5277,212,5278,5279,5280,5281,5282,5283,5284,43,5285,5286,5287,5288,5289,5290,5291,5292,5293,5294,5295,5296,5297,5298,306,5299,5300,5301,5302,5303,153,5304,5305,5306,5307,5308,5309,5310,5311,5312,5313,5314,5315,343,5316,5317,5318,196,5319,5320,5321,5322
17,40,345,346,106,347,148,168,189,210,348,349,266,350,302,318,337,351,0,352,353,354,355,356,357,440,722,723,505,724,546,566,587,725,726,643,727,679,695,714,728,1,729,382,730,731,732,733,5009,5010,5011,5012,5013,5014,2626,5015,976,5016,5017,5018,5019,4675,5020,5021,66,63,5022,5023,5024,5025,5026,5027,5028,1731,5029,5030,2627,5031,5032,5033,3992,5034,1383,4676,5035,5036,90,5037,5038,85,5039,5040,5041,1730,1524,1732,1564,1584,1605,1623,1733,1734,1735,1689,1704,1722,1736,4,1737,1738,1739,1740,1741,1742,5042,5043,5044,5045,5046,5047,5048,5049,5050,3993,5051,5052,2042,5053,134,5054,5055,5056,5057,127,5058,2344,2345,2346,2183,2201,2218,2235,2347,2348,2285,2349,2318,2336,2350,6,2351,2352,2353,403,2354,2355,2430,2449,2628,2485,2502,2521,2629,2630,2567,2631,2600,2618,2632,7,2633,2634,2635,2636,2637,2638,2715,2932,2933,2769,2934,2810,2828,2935,2936,2879,2937,2910,2924,2938,8,2939,2940,2941,2942,2943,420,3233,3234,3235,3066,3085,3106,3236,3237,3160,3238,3194,3208,3225,3239,9,374,3240,3241,3242,3243,3244,3318,5059,5060,5061,5062,5063,5064,5065,5066,5067,5068,4678,5069,5070,233,5071,231,5072,5073,5074,5075,5076,3634,5077,5078,5079,3995,5080,5081,4679,5082,5083,253,5084,5085,5086,249,5087,5088,3991,3869,3886,3994,3919,3996,3950,3966,3983,3997,12,3998,3999,4000,4001,4002,4003,5089,5090,5091,5092,4152,5093,5094,5095,5096,5097,5098,5099,291,5100,5101,5102,5103,5104,285,4474,4475,4476,4477,4478,4479,4437,4451,4466,4480,14,4481,4482,397,4483,4484,4485,4560,4572,4677,4606,4621,4680,4652,4667,4681,15,4682,4683,4684,4685,4686,4687,4761,4937,4938,4814,4939,4846,4940,4941,4892,4942,4929,4943,16,4944,4945,4946,4947,416,4948,5105,5106,5107,5108,5109,5110,5111,5112,5113,5114,5115,5116,5117,2,3,5,10,11,13,18,19,20,21,22,23,24,42,5118,5119,5120,5121,5122,5123,5124,5125,5126,5127,5128,5129,5130,213,5131,5132,5133,5134,5135,5136,5137,5138,152,5139,5140,5141,5142,5143,5144,5145,5146,5147,5148,5149,307,5150,5151,5152,5153,5154,5155,195,5156,5157,5158,5159,5160,5161,5162,5163,5164,344,5165
20,382,66,88,383,384,151,171,192,385,234,252,386,387,305,321,340,353,366,0,388,389,390,391,392,5452,5453,5454,5455,5456,2379,5457,5458,608,5459,5460,5461,4509,5462,5463,5128,43,40,5464,5465,5466,5467,5468,1118,834,855,1119,1120,916,935,956,1121,994,1122,1123,1045,1061,1080,345,1102,2,1124,1125,1126,1127,1128,1451,1192,1452,1453,1252,1271,1292,1454,1333,1455,1456,1381,1395,1413,1425,1436,3,1457,1458,1459,1460,1461,5469,5470,5471,2380,5472,5473,5474,5475,3802,5476,4510,1710,5477,5129,5285,112,5478,5479,5480,5481,109,5482,5483,5484,5485,5486,5487,5488,5489,3803,5490,5491,5492,2039,5493,5494,131,5495,5496,130,5497,5498,2129,2149,2381,2186,2204,2221,2382,2258,2273,2383,2384,2321,2339,2352,2364,6,2385,2386,2387,2388,2389,2662,2663,2664,2488,2505,2665,2540,2556,2666,2667,2603,2621,2634,2647,7,2668,2669,2670,412,2671,2966,2739,2756,2967,2968,2813,2969,2849,2866,2970,2971,2913,2927,2940,2952,8,2972,395,2973,2974,2975,3017,5499,5500,5501,5502,5503,5504,5505,5506,5507,4512,5508,5509,213,5287,211,5510,5511,5512,5513,5514,3564,3565,3566,3369,3388,3567,3429,3445,3568,3569,3494,3509,3526,3537,361,10,3570,3571,3572,3573,3574,3801,3633,3650,3804,3684,3805,3806,3731,3746,3763,3775,3786,11,3807,3808,3809,3810,3811,5515,3876,5516,5517,5518,5519,4513,5520,5521,5131,5288,273,5522,5523,5524,269,5525,5526,5527,5528,5529,4151,5530,5531,5532,5533,5534,5535,5536,5537,290,5538,288,5539,5540,5541,4344,4357,4511,4392,4408,4514,4440,4454,4469,4482,4494,14,4515,4516,4517,4518,4519,4711,4712,4713,4714,4715,4716,4655,4670,4683,4696,15,4717,4718,4719,4720,422,4971,4782,4800,4972,4973,4974,4866,4881,4975,4976,4932,4945,4957,16,4977,4978,407,4979,4980,5022,5038,5130,231,5085,5132,5113,17,5133,5134,5135,5136,5137,64,5195,5286,5228,5242,5289,5270,18,5290,5291,5292,5293,5294,1,4,5,9,12,13,19,21,22,23,24,5542,5543,5544,5545,5546,5547,5548,5549,5550,5551,5552,5553,5554,5555,5556,5557,341,5558,5559,5560,5561,5562,194,5563,5564,5565,5566,5567,5568,5569,5570,5571,5572,324,5573,5574,5575,175,5576,5577,5578,5579,5580
19,371,65,87,372,373,150,170,191,374,233,251,375,376,304,320,339,352,365,377,0,378,379,380,381,5323,5324,5325,5326,5327,2368,5328,5329,609,5330,5331,5332,4498,5333,5334,42,5275,5335,41,5336,5337,5338,5339,1107,833,854,1108,1109,915,934,955,1110,993,1111,1112,1044,1060,1079,1091,358,1113,2,1114,1115,1116,1117,1440,1191,1441,1442,1251,1270,1291,1443,1332,1444,1445,1380,1394,1412,1424,1435,1446,3,1447,1448,1449,1450,5340,5341,5342,2369,5343,5344,5345,5346,3791,5347,4499,1711,5348,5118,5276,5349,113,5350,5351,108,5352,5353,5354,5355,5356,5357,5358,5359,5360,3792,5361,5362,5363,2040,5364,5365,5366,132,129,5367,5368,5369,2128,2148,2370,2185,2203,2220,2371,2257,2272,2372,2373,2320,2338,2351,2363,2374,6,2375,2376,2377,2378,2652,2653,2654,2487,2504,2655,2539,2555,2656,2657,2602,2620,2633,2646,2658,7,2659,2660,2661,419,2956,2738,2755,2957,2958,2812,2959,2848,2865,2960,2961,2912,2926,2939,2951,2962,8,2963,404,2964,2965,3016,5370,5371,5372,5373,5374,5375,5376,5377,5378,4501,5379,5380,5120,212,5381,210,5382,5383,5384,5385,3553,3554,3555,3368,3387,3556,3428,3444,3557,3558,3493,3508,3525,348,3548,3559,10,3560,3561,3562,3563,3790,3632,3649,3793,3683,3794,3795,3730,3745,3762,3774,3785,3796,11,3797,3798,3799,3800,5386,3875,5387,5388,5389,5390,4502,5391,5392,5121,5278,5393,272,5394,5395,5396,268,5397,5398,5399,5400,4150,5401,5402,5403,5404,5405,5406,5407,5408,5409,289,5410,287,5411,5412,4343,4356,4500,4391,4407,4503,4439,4453,4468,4481,4493,4504,14,4505,4506,4507,4508,4701,4702,4703,4704,4705,4706,4654,4669,4682,4695,4707,15,4708,4709,415,4710,4961,4781,4799,4962,4963,4964,4865,4880,4965,4966,4931,4944,4956,4967,16,398,4968,4969,4970,63,5037,5119,5071,5084,5122,5112,5123,17,5124,5125,5126,5127,5179,5194,5277,232,5241,5279,5269,5280,18,5281,5282,5283,5284,5413,5414,5415,5416,5417,5418,5419,5420,5421,5422,5423,1,4,5,9,12,13,20,21,22,23,24,5424,5425,193,5426,5427,5428,5429,5430,5431,5432,5433,5434,5435,5436,342,5437,5438,5439,5440,174,5441,5442,5443,5444,5445,5446,5447,5448,5449,325,5450,5451
22,402,68,90,111,132,403,173,404,405,236,254,271,290,406,323,407,355,368,379,390,0,408,409,410,5682,5683,5684,1783,5685,5686,5687,5688,615,5689,4044,5690,5691,5692,5693,5146,5303,5694,5695,47,5696,45,5697,1137,836,857,877,898,1138,937,1139,1140,996,1012,1031,1141,1063,1142,1093,1104,1115,1126,2,1143,1144,418,1471,1194,1213,1233,1472,1273,1473,1474,1335,1351,1367,1475,1397,1476,346,1437,1448,1459,3,1477,1478,1479,1509,1529,1549,1784,1589,1785,1786,1647,1663,1679,1787,1709,1788,1740,1753,1763,1772,4,1789,1790,1791,2092,1839,1860,2093,1901,2094,2095,1964,1977,1990,2096,2021,2097,2052,2063,373,2080,5,2098,2099,2100,5698,5699,5700,5701,2682,5702,5703,5704,2270,4045,5705,4731,5706,5147,153,5433,5562,148,5707,5708,5709,2681,2454,2471,2490,2683,2684,2542,2558,2572,2590,2685,2686,2636,2649,2660,2670,7,2687,2688,2689,5710,5711,5712,5713,5714,5715,5716,5717,5718,5719,2897,5720,4732,5148,5304,5434,194,191,5721,5722,5723,3022,5724,5725,5726,5727,5728,5729,5730,4047,5731,5732,5733,5734,5149,5305,5735,5736,216,5737,5738,215,3583,3338,3355,3584,3585,3586,3431,3447,3463,3481,3587,3511,3588,3539,3550,3561,3572,10,3589,414,3590,3821,3822,3823,3824,3686,3701,3716,3825,3748,3826,3776,362,3798,3809,11,3827,3828,3829,3859,3874,4046,3908,3924,3939,4048,3971,4049,4001,4014,4024,4033,12,4050,4051,4052,4308,4100,4309,4133,4310,4311,4187,4206,4312,4237,4313,4268,4279,4287,387,13,4314,4315,4316,5739,4355,5740,5741,5742,5743,5744,4734,5745,307,5306,5436,5564,303,5746,5747,5748,4730,4577,4594,4733,4626,4642,4657,4735,4685,4698,4709,4719,15,4736,4737,4738,5749,5750,5751,5752,4832,5753,5754,5755,5756,5757,5758,5150,5307,342,5565,340,5759,5760,5761,5024,5039,5057,5073,249,5103,5115,5125,5135,17,5151,5152,5153,5181,86,5214,5230,5243,5260,5272,5282,5292,18,5308,5309,5310,5432,5351,5367,5435,5395,287,5421,19,5437,5438,5439,5561,5480,130,5563,5524,5539,5550,20,5566,5567,5568,1,6,8,9,14,16,21,23,24,5762,5763,5764,5765,5766,5767,5768,5769,5770,69,5771,5772,5773,5774,5775,5776,5777,5778,5779,238,5780,5781,5782
21,393,67,89,110,131,394,172,395,396,235,253,270,289,397,322,398,354,367,378,389,399,0,400,401,5581,5582,5583,1774,5584,5585,5586,5587,614,5588,4035,5589,5590,5591,5592,5138,5295,5593,5594,5595,46,5596,44,1129,835,856,876,897,1130,936,1131,1132,995,1011,1030,1133,1062,1134,1092,1103,1114,1125,1135,2,411,1136,1462,1193,1212,1232,1463,1272,1464,1465,1334,1350,1366,1466,1396,1467,1426,359,1447,1458,1468,3,1469,1470,1508,1528,1548,1775,1588,1776,1777,1646,1662,1678,1778,1708,1779,1739,1752,1762,1771,1780,4,1781,1782,2083,1838,1859,2084,1900,2085,2086,1963,1976,1989,2087,2020,2088,2051,2062,2071,384,2089,5,2090,2091,5597,5598,5599,5600,2673,5601,5602,5603,2271,4036,5604,4722,5605,152,5296,5425,5554,5606,149,5607,5608,2672,2453,2470,2489,2674,2675,2541,2557,2571,2589,2676,2677,2635,2648,2659,2669,2678,7,2679,2680,5609,5610,5611,5612,5613,5614,5615,5616,5617,5618,2898,5619,4723,5139,5297,193,5555,5620,192,5621,5622,3023,5623,5624,5625,5626,5627,5628,5629,4038,5630,5631,5632,5633,5140,5298,5634,5635,5636,217,214,5637,3575,3337,3354,3576,3577,3578,3430,3446,3462,3480,3579,3510,3580,3538,3549,3560,3571,3581,10,3582,421,3812,3813,3814,3815,3685,3700,3715,3816,3747,3817,349,3787,3797,3808,3818,11,3819,3820,3858,3873,4037,3907,3923,3938,4039,3970,4040,4000,4013,4023,4032,4041,12,4042,4043,4299,4099,4300,4132,4301,4302,4186,4205,4303,4236,4304,4267,4278,376,4296,4305,13,4306,4307,5638,4354,5639,5640,5641,5642,5643,4725,5644,5141,306,5427,5557,5645,302,5646,5647,4721,4576,4593,4724,4625,4641,4656,4726,4684,4697,4708,4718,4727,15,4728,4729,5648,5649,5650,5651,4831,5652,5653,5654,5655,5656,5657,5142,5299,5428,341,5658,339,5659,5660,5023,85,5056,5072,5086,5102,5114,5124,5134,5143,17,5144,5145,5180,5196,5213,5229,250,5259,5271,5281,5291,5300,18,5301,5302,5424,5350,129,5426,5394,5410,5420,5429,19,5430,5431,5553,5479,5496,5556,5523,288,5549,5558,20,5559,5560,5661,5662,5663,5664,5665,5666,5667,5668,5669,1,6,8,9,14,16,22,23,24,5670,5671,5672,237,5673,5674,5675,70,5676,5677,5678,5679,5680,5681
24,47,418,92,113,134,155,419,420,217,421,256,273,292,309,422,423,357,370,381,392,401,410,0,424,447,787,492,512,533,553,788,789,790,633,650,669,686,791,792,733,745,755,765,772,402,1,793,5864,5865,1487,5866,5867,5868,5869,5870,978,3837,5871,5872,5873,5874,5875,5876,5877,5446,5575,70,5777,68,5878,1175,1196,1215,1235,1256,1488,1489,1317,1490,1353,1369,1385,1491,1492,1428,1439,1450,1461,1470,1479,3,1493,1799,1531,1551,1571,1800,1801,1630,1802,1665,1681,1696,1803,1804,1742,1755,372,1773,1782,1791,4,1805,1823,2108,1862,1883,2109,2110,1945,2111,1979,1992,2008,2112,2113,347,2064,2073,2082,2091,2100,5,2114,2413,2153,2170,2190,2414,2415,2242,2416,2277,2292,2310,2417,2418,2355,2367,2378,2389,2397,2405,6,2419,5879,5880,5881,5882,5883,5884,5885,3838,2569,5886,4544,5887,5161,5318,5447,175,5676,5778,170,5888,5889,5890,5891,5892,5893,5894,5895,5896,5897,5898,2895,4545,5899,5162,196,5448,5576,5900,5901,189,5902,3298,3040,3057,3299,3300,3113,3301,3152,3167,3185,3201,3302,3303,3244,3256,3266,3276,396,3290,9,3304,3320,5903,5904,5905,5906,5907,5908,3840,5909,5910,5911,5912,5913,5914,5915,5449,5577,5678,238,235,5916,3621,3637,3839,3671,3688,3703,3718,3735,3841,3842,3778,3789,3800,3811,3820,3829,11,3843,4060,4061,4062,4063,3926,3941,3957,4064,4065,4003,4016,4025,386,4043,4052,12,4066,4084,4324,4119,4325,4326,4171,4327,4208,4224,4328,4329,4269,363,4289,4298,4307,4316,13,4330,4543,4361,4378,4546,4412,4428,4444,4547,4548,4485,4497,4508,4519,4527,4535,14,4549,5917,4575,5918,5919,5920,5921,5922,5923,5164,5320,325,5578,5679,5780,321,5924,5925,5926,5927,5928,4830,5929,5930,5931,5932,5933,5934,344,5321,5450,5579,5935,5936,338,5937,5160,5041,5058,5163,5088,285,5117,5127,5137,5145,5153,17,5165,5317,5198,128,5319,5245,5261,5274,5284,5294,5302,5310,18,5322,5339,5352,5369,5385,268,5412,5423,5431,5439,19,5451,5468,109,5498,5514,5525,5541,5552,5560,5568,20,5580,44,5608,5677,5637,5647,5680,5669,21,5681,5697,5709,5779,215,5748,5781,5770,22,5782,2,7,8,10,15,16,23,5938,5939,5940,5941,5942,5943,5944
23,46,411,91,112,133,154,412,413,216,414,255,272,291,308,415,416,356,369,380,391,400,409,417,0,446,780,491,511,532,552,781,782,783,632,649,668,685,784,785,732,744,754,764,393,779,786,1,5783,5784,1480,5785,5786,5787,5788,5789,977,3830,5790,5791,5792,5793,5794,5795,5796,5440,5569,5670,69,5797,67,1174,1195,1214,1234,1255,1481,1482,1316,1483,1352,1368,1384,1484,1485,1427,1438,1449,1460,1469,1478,1486,3,1792,1530,1550,1570,1793,1794,1629,1795,1664,1680,1695,1796,1797,1741,1754,1764,383,1781,1790,1798,4,1822,2101,1861,1882,2102,2103,1944,2104,1978,1991,2007,2105,2106,2053,360,2072,2081,2090,2099,2107,5,2406,2152,2169,2189,2407,2408,2241,2409,2276,2291,2309,2410,2411,2354,2366,2377,2388,2396,2404,2412,6,5798,5799,5800,5801,5802,5803,5804,3831,2570,5805,4537,5806,5155,5312,174,5570,5671,5771,5807,171,5808,5809,5810,5811,5812,5813,5814,5815,5816,5817,2896,4538,5818,195,5313,5441,5571,5819,5820,5821,190,3291,3039,3056,3292,3293,3112,3294,3151,3166,3184,3200,3295,3296,3243,3255,3265,3275,3283,405,3297,9,3321,5822,5823,5824,5825,5826,5827,3833,5828,5829,5830,5831,5832,5833,5834,5442,5572,237,5773,5835,236,3620,3636,3832,3670,3687,3702,3717,3734,3834,3835,3777,3788,3799,3810,3819,3828,3836,11,4053,4054,4055,4056,3925,3940,3956,4057,4058,4002,4015,375,4034,4042,4051,4059,12,4083,4317,4118,4318,4319,4170,4320,4207,4223,4321,4322,350,4280,4288,4297,4306,4315,4323,13,4536,4360,4377,4539,4411,4427,4443,4540,4541,4484,4496,4507,4518,4526,4534,4542,14,5836,4574,5837,5838,5839,5840,5841,5842,5157,5315,5443,324,5673,5774,5843,320,5844,5845,5846,5847,4829,5848,5849,5850,5851,5852,5853,5158,343,5444,5573,5854,5855,5856,337,5154,5040,127,5156,5087,5104,5116,5126,5136,5144,5152,5159,17,5311,5197,5215,5314,5244,286,5273,5283,5293,5301,5309,5316,18,5338,108,5368,5384,5396,5411,5422,5430,5438,5445,19,5467,5481,5497,5513,269,5540,5551,5559,5567,5574,20,5596,5607,5672,214,5646,5674,5668,5675,21,45,5708,5772,5738,5747,5775,5769,5776,22,5857,5858,5859,5860,5861,5862,5863,2,7,8,10,15,16,24
202,9,3093,3094,1617,3095,2229,3096,3097,3098,3099,3100,3101,3102,3103,3104,3105,3106,3107,3108,3109,3110,3111,3112,3113,0,197,198,99,199,141,200,201,203,204,205,206,207,208,209,210,211,212,213,214,215,216,217,40347,40348,40349,39516,40350,39936,40351,40352,13315,40353,40354,40355,40356,40357,40358,40359,40360,40361,40362,40363,40364,40365,40366,17734,40367,21864,40368,40369,40370,40371,40372,40373,39448,16680,18703,40374,40375,40376,40377,40378,40379,40380,40381,40382,40383,21863,20493,21865,21051,21866,21867,21868,21869,21870,21871,21872,21873,21874,21875,21876,21877,21878,21879,21880,21881,21882,20490,40384,40385,40386,40387,40388,40389,40390,21906,21816,21921,40391,40392,40393,40394,40395,40396,40397,40398,40399,40400,29630,29631,21813,28937,29632,21851,29633,29634,29635,25105,29636,29637,29638,29639,29640,29641,29642,29643,29644,29645,29646,29621,40401,40402,40403,34395,40404,40405,40406,33826,40407,40006,40408,40409,40410,40411,40412,40413,40414,40415,40416,40253,40417,40418,21853,40419,40420,40421,40422,40423,40424,40425,40426,40427,40428,40429,40430,40431,40432,40433,40434,40435,40436,40437,40438,40439,40440,40441,40442,40443,40444,40445,40446,40447,40448,40449,40450,40451,40452,40453,40454,40455,40456,40457,40458,40459,40460,40461,40462,40463,40464,40465,40466,40467,40468,40469,40470,40471,40472,40473,40474,40475,40476,40477,40478,40479,40480,40481,40482,40483,40484,40485,40486,40487,40488,40489,40490,40491,40492,40493,40494,40495,40496,40497,40225,40498,25965,40499,40500,40501,40502,40503,40504,40505,40506,40507,40508,40509,40510,25967,40511,25107,40512,40513,40514,40515,40516,40517,40518,40519,40520,40521,40522,40523,40524,40525,40526,40527,40528,40529,40530,40531,40532,40533,40534,40535,29719,40536,40537,40538,40539,40540,40541,40542,40543,40254,40544,40545,40546,40547,40548,40549,29704,40550,40551,40552,40553,40554,40555,40556,40557,28942,40558,40559,40560,40561,40562,40563,40564,25109,40565,40566,40567,40568,40569,40570,40571,40572,40573,40574,40575,40576,40577,40578,40579,40580,40581,3259,40582,40583,40584,40585,40586,40587,40588,40589,40590,40591,40592,40593,40594,3269,40595,40596,40597,40598,3252,40599,40600,40601,40602,40603,40604,40605,40606,40607,40608,3240,40609,40610,40611,40612,40613,40614,40615,40616,40617,40618,3283,40619,40620,40621,40622,40623,40624,40625,3279,3290,40626,40627,40628,40629,40630,40631,3286,40632,40633,40634,40635,40636,40637,40638,40639,40640,40641,40642,40643,40644,40645,40646
223,10,3004,3393,3329,3394,3361,3395,3396,3397,3398,3399,3400,3401,3402,3403,3404,3405,3406,3407,3408,3409,3410,3411,3412,218,0,79,219,220,221,162,222,224,225,226,227,228,229,230,231,232,233,234,235,236,237,238,39140,39141,39142,17697,39143,33109,39144,39145,197,39146,39147,39148,39149,39150,39151,39152,39153,39154,39155,39156,39157,39158,39159,18014,44101,18083,44102,44103,44104,44105,44106,44107,18035,18089,18156,44108,44109,44110,44111,44112,44113,44114,44115,44116,44117,39183,43199,43285,43236,43286,43287,43288,43289,43290,18088,43291,43292,43293,43294,43295,43296,43297,43298,43299,43300,43301,43195,44118,44119,44120,44121,44122,44123,44124,20795,43218,43320,44125,44126,44127,44128,44129,44130,44131,44132,44133,44134,39220,43697,43215,43683,33401,33400,43698,43699,43700,43462,43701,43702,43703,43704,43705,43706,43707,43708,43709,43710,43711,29987,44135,44136,44137,33399,44138,44139,44140,33433,44141,33476,44142,44143,44144,44145,44146,44147,44148,44149,44150,44007,44151,44152,43276,44153,44154,44155,44156,44157,44158,44159,44160,44161,44162,44163,44164,44165,44166,44167,44168,44169,39160,44170,44171,44172,44173,44174,44175,44176,44177,44178,44179,44180,44181,44182,44183,44184,44185,44186,44187,44188,44189,44190,44191,44192,44193,44194,44195,44196,44197,44198,44199,44200,44201,44202,44203,44204,44205,44206,44207,44208,44209,44210,44211,44212,44213,44214,44215,44216,44217,44218,44219,44220,44221,44222,44223,44224,44225,44226,44227,44228,39254,44229,43979,44230,43516,44231,44232,44233,44234,44235,44236,44237,44238,44239,44240,44241,44242,44243,44244,43732,44245,44246,44247,44248,44249,44250,44251,44252,44253,44254,44255,44256,44257,44258,44259,44260,39318,44261,44262,44263,44264,44265,44266,44267,43765,44268,44269,44270,44271,44272,44273,44274,44275,44008,44276,44277,44278,44279,44280,44281,30927,44282,44283,44284,44285,44286,44287,44288,44289,43688,44290,44291,44292,44293,44294,44295,44296,43734,44297,44298,44299,44300,44301,44302,44303,44304,44305,44306,39384,44307,44308,44309,44310,44311,44312,3556,44313,44314,44315,44316,44317,39373,44318,44319,44320,44321,44322,44323,44324,3567,44325,44326,44327,44328,3548,44329,44330,44331,44332,44333,44334,44335,44336,44337,44338,3537,44339,44340,44341,44342,44343,44344,44345,44346,44347,44348,3582,44349,44350,44351,44352,44353,44354,44355,3578,3590,44356,44357,44358,44359,44360,44361,3586,44362,39395,44363,44364,44365,44366,44367,44368,39403,44369,44370,44371,44372,44373,44374
242,11,3011,1538,1652,3655,3626,3656,3657,3658,3659,3660,1932,3140,3661,3662,3663,3664,3665,3666,3667,3668,3669,3670,3671,239,57,0,101,122,240,163,241,225,243,244,245,246,247,248,249,250,251,252,253,254,255,256,39147,39270,20775,197,39208,33114,39271,39272,13321,39259,25803,16675,39273,39274,39275,39276,39277,39278,39279,39280,39281,39282,39283,95,16677,199,20776,20721,20777,20778,20779,20780,120,205,295,20781,20782,20783,20784,20785,20786,20787,20788,20789,20790,21799,20528,22319,22291,22320,22321,22322,22323,22324,204,22325,22326,22327,22328,22329,22330,22331,22332,22333,22334,22335,20417,39661,47314,47315,47316,47317,47318,47319,22339,20812,22368,47320,47321,47322,47323,47324,47325,47326,47327,47328,47329,46958,46959,20810,46927,33592,22309,46960,46961,46962,25931,46963,35838,46964,46965,46966,46967,46968,46969,46970,46971,46972,33576,47330,47331,47332,33591,47333,47334,47335,33621,47336,33663,47337,47338,47339,47340,47341,47342,47343,47344,47345,47235,47346,47347,22310,47348,47349,47350,47351,47352,47353,47354,47355,47356,47357,47358,47359,47360,47361,47362,47363,47364,47365,25891,47366,47367,47368,47369,47370,47371,25933,25896,47372,47373,47374,47375,47376,47377,47378,47379,47380,47381,47382,44673,39679,25911,47383,47384,47385,47386,47387,25919,47388,47389,47390,47391,47392,47393,47394,47395,47396,47397,47398,47399,40950,47400,47401,47402,47403,25934,41018,47404,47405,47406,47407,47408,47409,47410,47411,47412,47413,47414,25806,25859,25932,25917,25935,25936,25937,25938,25939,25940,25941,25942,25943,25944,25945,25946,25947,40951,41030,40969,41031,41032,39753,39771,40478,41033,41034,41035,41036,41037,41038,41039,41040,41041,41042,41043,47415,47416,47417,47418,47419,40953,47420,47421,47006,47422,47423,47424,47425,47426,47427,47428,47429,35841,47430,47431,47432,47433,37666,47434,46989,47435,47436,47437,47438,47439,47440,47441,47442,46933,47443,47444,47445,47446,47447,47448,47449,46978,47450,47451,47452,47453,47454,47455,47456,47457,47458,47459,47460,47461,47462,47463,47464,47465,47466,3793,47467,47468,47469,47470,47471,47472,47473,47474,47475,47476,47477,47478,47479,3804,47480,47481,47482,47483,3785,47484,47485,47486,47487,47488,47489,47490,47491,47492,47493,3775,47494,47495,47496,47497,47498,47499,47500,47501,47502,47503,3819,47504,47505,47506,47507,47508,47509,47510,3815,3829,47511,47512,47513,47514,47515,47516,3824,47517,42800,47518,47519,47520,47521,47522,47523,42875,47524,47525,47526,47527,47528,47529
205,12,3153,1222,9,1538,1873,3154,2877,3101,3155,3140,1934,3156,3157,3158,3159,3160,3161,3162,3163,3164,3165,3166,3167,35,257,80,0,123,144,258,259,260,244,261,262,263,264,265,266,267,268,269,270,271,272,273,41182,41183,16675,17842,39259,37662,41184,41185,13320,41030,25806,41186,41187,37666,41188,41189,41190,41191,41192,41193,41194,41195,41196,74,16676,198,16677,16621,16678,16679,16680,16681,16682,16683,16684,16685,16686,16687,16688,16689,16690,16691,16692,16693,16694,197,99,199,141,200,201,202,203,204,206,207,208,209,210,211,212,213,214,215,216,217,95,20775,20776,20721,20777,20778,20779,20780,242,120,295,20781,20782,20783,20784,20785,20786,20787,20788,20789,20790,25102,24954,117,25103,25104,185,25105,25106,25077,25091,25107,25108,25109,25110,25111,25112,25113,25114,25115,25116,25117,30268,41197,39271,41198,37681,40220,41199,41031,33765,40792,41200,41201,41202,41203,41204,41205,41206,41207,41208,41209,35560,37753,37754,187,36525,36687,21668,37755,37756,37729,21679,37757,37758,37759,37760,37761,37762,37763,37764,37765,37766,40496,39448,21816,40497,40225,40444,40498,40483,25965,40499,40500,40501,40502,40503,40504,40505,40506,40507,40508,40509,40510,40652,39449,41210,41211,41212,41213,41214,39771,41215,40779,41216,41217,41218,41219,41220,41221,41222,41223,41224,41225,41226,40951,40969,41032,39753,41018,25936,40478,41033,41034,41035,41036,41037,41038,41039,41040,41041,41042,41043,25962,25963,25964,25966,25951,25967,25968,25969,25970,25971,25972,25973,25974,25975,25976,25977,25978,41227,41228,29685,41229,41230,21871,39539,41231,40533,41232,41233,41234,41235,41236,41237,41238,41239,41240,41241,41242,41243,22722,41244,41245,41246,41247,41248,30340,41249,41250,41251,41252,41253,41254,41255,41256,35561,41257,41258,41259,41260,41261,41262,30324,41263,41264,41265,41266,41267,41268,41269,41270,28992,41271,41272,29719,41273,41274,41275,41276,30298,41277,41278,41279,41280,41281,41282,41283,41284,41285,41286,41287,41288,23319,41289,41290,41291,41292,4019,41293,41294,41295,41296,41297,41298,41299,23468,41300,41301,41302,41303,41304,4028,41305,41306,41307,41308,4011,3266,41309,41310,41311,41312,41313,41314,41315,3260,41316,3999,3275,41317,41318,41319,41320,41321,41322,41323,41324,3270,4042,41325,41326,41327,41328,41329,41330,41331,4038,4052,41332,41333,41334,41335,41336,41337,4047,41338,41339,41340,41341,41342,41343,41344,41345,41346,41347,41348,41349,41350,41351,41352
279,13,4154,1203,1668,1518,1561,4155,4156,4157,4158,4159,1304,4160,4161,4162,4163,4164,4165,4166,4167,4168,4169,4170,4171,274,275,81,102,0,276,277,278,280,245,262,281,282,283,284,285,286,287,288,289,290,291,292,53351,53352,16404,18499,53353,52971,53354,53355,13317,53356,17700,16115,53357,53358,53359,53360,53361,53362,53363,53364,53365,53366,53367,73,16117,16314,16405,16350,16406,16407,16408,16409,78,16122,16410,16411,16412,16413,16414,16415,16416,16417,16418,16419,16420,22517,9274,20396,7747,22518,22519,22520,22521,22522,18504,22523,22524,22525,22526,22527,22528,22529,22530,22531,22532,22533,94,20489,20490,20435,20491,20492,20493,20494,20495,99,20496,20497,20498,20499,20500,20501,20502,20503,20504,20505,20506,21098,7611,96,7650,21099,21100,21101,21102,21087,145,21103,21104,21105,21106,21107,21108,21109,21110,21111,21112,21113,52740,53368,53369,53370,52979,53371,53372,53373,33753,53374,53024,53375,53376,53377,53378,53379,53380,53381,53382,53383,53255,53384,53385,22507,53386,53387,53388,53389,53390,30507,53391,53392,53393,53394,53395,53396,53397,53398,53399,53400,53401,53402,17787,53403,53404,53405,53406,53407,53408,17828,17792,53409,53410,30575,53411,53412,53413,53414,53415,53416,53417,53418,53419,53420,17807,53421,53422,53423,53424,53425,17815,53426,53427,53428,53429,53430,53431,53432,53433,53434,53435,53436,53437,40952,47963,53438,53439,53440,17829,53441,53442,53443,53444,53445,53446,53447,53448,53449,53450,53451,53452,17703,17755,17827,17813,206,17830,17831,17832,17833,17834,17835,17836,17837,17838,17839,17840,17841,41357,53453,30429,53454,53455,53456,53457,53458,53459,53460,53461,53462,53463,53464,53465,53466,53467,53468,53469,53470,53471,53472,53473,53474,50660,53475,53476,50689,53477,53478,53479,53480,53481,53482,53483,53484,53256,53485,53486,53487,53488,53489,53490,52801,53491,53492,53493,53494,53495,53496,53497,53498,52724,53499,53500,53501,53502,53503,53504,53505,30431,53506,53507,53508,53509,53510,53511,53512,53513,53514,53515,53516,53517,53518,53519,53520,53521,53522,4283,53523,53524,53525,5093,53526,53527,53528,53529,53530,53531,53532,53533,53534,4292,53535,53536,53537,5250,4276,53538,53539,53540,53541,53542,53543,53544,53545,53546,53547,4266,53548,53549,53550,53551,53552,53553,53554,53555,53556,53557,4306,53558,53559,53560,53561,53562,53563,53564,4302,4316,53565,53566,53567,53568,53569,53570,4311,53571,53572,53573,53574,53575,53576,53577,53578,53579,53580,53581,53582,53583,53584,53585
207,14,3186,3187,1620,3188,9,2612,3083,3103,3189,3190,3157,3191,3192,3193,2330,3194,3195,3196,3197,3198,3199,3200,3201,37,293,294,103,295,0,166,187,296,297,263,298,299,300,301,302,303,304,305,306,307,308,309,41587,41588,41589,41590,41591,33276,34391,41592,13324,41593,41594,41595,41596,40104,39308,41597,41598,41599,41600,41601,41602,41603,41604,22707,41605,21920,41606,41060,34392,40826,41470,41607,41243,41608,18691,41609,39303,41610,41611,41612,41613,41614,41615,41616,41617,21919,20496,21921,99,21407,21853,21872,21922,21923,282,21924,21925,329,21926,21927,21928,21929,21930,21931,21932,21933,20543,41618,41619,21816,41620,41621,41622,41623,22754,22722,22769,41624,39802,41625,41626,41627,41628,41629,41630,41631,41632,197,198,199,141,200,201,202,203,204,205,206,208,209,210,211,212,213,214,215,216,217,167,34363,34393,34394,33282,34395,34396,34397,33809,34398,34240,30909,34399,34400,34401,34402,34403,34404,34405,34406,38125,40248,40249,21699,40250,40156,21851,39959,40251,40225,40252,40253,40254,40255,40256,40257,40258,40259,40260,40261,40262,40528,40529,40530,40006,40426,40446,40531,40532,40500,40533,40534,40535,29719,40536,40537,40538,40539,40540,40541,40542,40543,40656,41633,41634,40007,40832,41635,41636,41637,41638,41639,41640,41641,41642,41643,41644,41645,41646,41647,41648,41649,41650,41651,40965,41652,41653,41654,41245,41655,41656,41657,41658,41659,41660,41661,41662,41663,41664,41665,41666,41242,41200,37757,41244,25968,41246,41247,41248,30340,41249,41250,41251,41252,41253,41254,41255,41256,41667,41668,262,41669,30489,17831,41670,41671,41672,41673,41674,41675,41676,41677,41678,41679,41680,41681,41682,41683,41684,41685,41686,41687,41688,41689,41690,331,41691,41692,41693,41694,41695,41696,41697,41698,38126,41699,41700,41701,41702,41703,41704,313,41705,41706,41707,41708,41709,41710,41711,41712,147,30906,30907,21951,30908,30910,30911,30912,265,30913,30914,30915,30916,30917,30918,30919,30920,30921,30922,41713,41714,41715,41716,41717,41718,41719,4501,41720,3280,41721,41722,41723,41724,41725,41726,41727,41728,41729,41730,41731,4512,41732,3287,41733,41734,4493,41735,41736,41737,41738,41739,41740,41741,41742,41743,41744,4482,41745,41746,41747,41748,41749,41750,41751,41752,41753,41754,4526,3253,41755,41756,41757,41758,41759,41760,4522,4535,3242,41761,41762,41763,41764,41765,4530,41766,41767,41768,41769,41770,41771,31830,41772,41773,41774,41775,41776,41777,31904,41778
313,15,3013,4597,4570,4598,2313,2330,3193,4599,4600,4601,4602,4603,4447,4604,4605,4606,4607,4608,4609,4610,4611,4612,4613,310,61,83,311,312,146,0,188,229,247,314,315,300,316,317,318,319,320,321,322,323,324,325,39149,39302,39303,17705,39304,197,30906,34391,13323,39305,39273,39306,39307,39308,39309,39310,39311,39312,39313,39314,39315,39316,39317,18892,58600,18920,58601,58602,30907,58603,58604,58605,18906,18924,18769,58606,58607,58608,58609,58610,58611,58612,58613,58614,58615,58289,58263,58290,30663,51074,58291,58292,58293,48385,18923,56897,58294,30751,58295,58296,58297,58298,58299,58300,58301,58302,58261,58616,58617,58618,51229,58619,58620,58621,48341,48351,56896,58622,58623,58624,58625,58626,58627,58628,58629,58630,58631,29587,30689,30690,29021,209,208,30691,30692,30693,30694,30695,30696,30697,30698,30699,30700,30701,30702,30703,30704,30705,147,21951,30908,30909,207,30910,30911,30912,265,30913,331,30914,30915,30916,30917,30918,30919,30920,30921,30922,38126,40104,41609,41699,41700,40254,41701,41641,41657,41702,41703,41690,41704,41705,41706,41707,41708,41709,41710,41711,41712,58632,58633,58634,42080,58635,58636,58637,58638,58639,58640,56925,58641,58642,58643,58644,58645,58646,58647,58648,58649,58650,45466,58651,58652,42081,58653,58654,58655,58656,58657,58658,58659,58660,58661,58662,58663,58664,58665,58666,58667,58668,58669,45527,46991,41593,58670,58671,48357,58672,58673,58674,58675,58676,58677,58678,58679,58680,58681,58682,58683,58684,49871,38137,58685,58465,58686,56928,58687,58688,58689,58690,58691,58692,58693,58694,58695,58696,58697,58698,30710,51167,58699,58700,58701,58702,58703,58704,58705,58706,58707,58708,58709,58710,58711,58712,58713,41596,56923,56924,56926,56927,56929,56813,56930,30753,56931,56932,56933,56934,56935,56936,56937,56938,38139,58714,58715,58716,58717,58718,58719,30739,58720,58721,58722,58723,58724,58725,58726,58727,29025,41951,58728,58729,58730,58731,58732,58733,30712,58734,58735,58736,58737,58738,58739,58740,58741,58742,58743,42173,58744,58745,58746,58747,58748,58749,4704,58750,58751,58752,58753,58754,42305,58755,58756,58757,58758,58759,58760,58761,4714,58762,58763,58764,58765,4695,58766,58767,58768,58769,58770,58771,58772,58773,58774,58775,4683,58776,58777,58778,58779,58780,58781,58782,58783,58784,58785,4728,58786,58787,58788,58789,58790,58791,58792,4724,4738,58793,58794,58795,58796,58797,58798,4733,58799,58800,51342,58801,58802,58803,58804,58805,58806,51332,58807,58808,58809,58810,58811
331,16,4837,4838,4809,4839,2330,4840,3192,4841,4842,4843,3949,4844,4461,4447,4845,4846,4847,4848,4849,4850,4851,4852,4853,326,327,328,329,330,147,167,0,332,333,334,335,301,317,336,337,338,339,340,341,342,343,344,61452,61453,61454,60909,61455,34391,61456,61457,13319,61458,61459,61460,59400,41596,39307,61461,61462,61463,61464,61465,61466,61467,61468,60863,61469,60911,61470,61471,61472,61473,61474,61475,50877,60916,18720,56923,61476,61477,61478,61479,61480,61481,61482,61483,61484,61124,61079,61125,21951,61126,61127,61128,61129,61130,30976,23133,61131,30990,61132,61133,61134,61135,61136,61137,61138,61139,61077,61485,61486,51213,61487,61488,61489,61490,61158,50878,23131,61491,61492,61493,61494,61495,61496,61497,61498,61499,61500,30906,30907,30908,209,30909,207,30910,30911,30912,265,30913,313,30914,30915,30916,30917,30918,30919,30920,30921,30922,29280,61501,61502,61503,34240,61504,61505,61506,34443,61507,34475,61508,61509,61510,61511,61512,61513,61514,61515,61516,299,41683,41684,21924,41685,40253,40534,41686,41687,41247,41688,41689,41690,41691,41692,41693,41694,41695,41696,41697,41698,61517,61518,61519,61520,61521,61522,61523,61524,50879,51279,57080,58635,42080,61525,61526,61527,61528,61529,61530,61531,61532,61533,61534,61535,58661,58659,61536,61537,61538,61539,61540,61541,56926,61542,61543,61544,61545,61546,61547,61548,61549,61550,61551,46897,61552,61553,61554,50881,61555,61556,56927,61557,61558,61559,61560,61561,61562,61563,61564,61565,49597,49860,263,50880,9043,50882,9102,9086,50883,50884,50885,50886,50887,50888,50889,50890,50891,61566,61567,30958,61568,53114,61569,61570,61571,61572,61573,61574,61575,61576,61577,61578,61579,61580,61581,61582,57077,57078,57079,57081,57082,57083,9946,56813,30992,57084,57085,57086,57087,57088,57089,57090,57091,300,56897,56924,56925,56928,56929,56930,30753,56931,56932,56933,56934,56935,56936,56937,56938,29042,61583,61584,61585,61586,61587,61588,61589,30960,61590,61591,61592,61593,61594,61595,61596,61597,61598,61599,61600,61601,61602,61603,61604,61605,61606,4964,61607,61608,61609,5848,61610,61611,61612,61613,61614,61615,61616,61617,61618,4974,61619,61620,61621,5929,4956,61622,61623,61624,61625,61626,61627,61628,61629,61630,61631,4945,61632,61633,61634,61635,61636,61637,61638,61639,61640,61641,4987,61642,61643,61644,61645,61646,61647,61648,4983,4996,61649,61650,61651,61652,61653,61654,4991,61655,61656,61657,61658,61659,61660,61661,61662,61663,61664,61665,61666,61667,61668,61669
56,2,961,962,866,963,907,964,965,966,456,967,968,969,970,971,972,973,974,975,976,977,978,979,980,48,49,50,51,52,53,54,55,0,57,58,59,60,61,62,63,64,65,66,67,68,69,70,197,13315,13316,11751,13317,12857,13318,13319,11424,13320,13321,13322,13323,13324,13325,13326,13327,13328,13329,13330,13331,13332,13333,93,13334,11753,13335,13336,13337,13338,13339,6481,11680,11759,11805,13340,13341,13342,13343,13344,13345,13346,13347,13348,13349,12032,11941,12033,11979,12034,12035,12036,6366,12037,11758,12038,12039,12040,12041,12042,12043,12044,12045,12046,12047,12048,9271,13350,13351,13352,13353,13354,13355,9208,12051,11960,12083,13356,13357,13358,13359,13360,13361,13362,13363,13364,13365,12605,12606,11957,12559,12607,12020,12608,6446,12609,12263,12610,12611,12612,12613,12614,12615,12616,12617,12618,12619,12620,135,13366,13367,13368,12867,13369,6483,13370,12895,13371,12940,13372,13373,13374,13375,13376,13377,13378,13379,13380,9942,13381,13382,12022,13383,13384,13385,9878,13386,13387,13388,13389,13390,13391,13392,13393,13394,13395,13396,13397,13398,13399,13400,13401,13402,13403,13404,6344,13405,13406,13407,13408,13409,13410,13411,13412,13413,13414,13415,13416,13417,13418,26,6386,6482,6427,6484,6485,5976,6486,6487,6488,6489,6490,6491,6492,6493,6494,6495,6496,6497,6498,6499,257,13419,13420,13421,13422,13423,13424,13425,13426,13427,13428,13429,13430,13431,13432,13433,13434,13435,13436,13437,13193,6503,12323,13438,13439,13440,13441,13442,13443,13444,13445,13446,13447,13448,13449,7399,13450,12638,13451,13452,13453,7304,13454,13455,13456,13457,13458,13459,13460,13461,13462,13463,13464,13465,13466,13467,13468,6572,13469,13470,13471,13472,12686,13473,13474,13475,13476,13477,13478,13479,13480,293,13481,13482,13483,13484,13485,13486,12669,13487,13488,13489,13490,13491,13492,13493,13494,8251,13495,13496,13497,13498,13499,8163,13500,12640,13501,13502,13503,13504,13505,13506,13507,13508,13509,13510,13511,13512,13513,6629,13514,13515,13516,1110,13517,13518,13519,13520,13521,13522,13523,13524,6640,13525,13526,13527,13528,1121,13529,13530,13531,13532,358,13533,13534,13535,13536,13537,13538,13539,13540,13541,13542,345,13543,13544,13545,13546,13547,13548,13549,13550,13551,13552,411,13553,13554,13555,13556,13557,13558,13559,1132,418,13560,13561,13562,13563,13564,13565,1140,13566,13567,13568,13569,6659,13570,13571,13572,13573,13574,13575,6651,13576,13577,13578
78,3,1297,1298,1203,1299,1242,1300,1301,1302,1303,1304,1305,1306,1307,1308,1309,1310,1311,1312,1313,1314,1315,1316,1317,71,50,72,73,74,75,76,77,79,0,80,81,82,83,84,85,86,87,88,89,90,91,92,17697,17698,17699,16115,17700,17232,17701,17702,11751,17703,197,17704,17705,17706,17707,17708,17709,17710,17711,17712,17713,17714,17715,16019,17716,16117,17717,17718,17719,17720,17721,17722,16042,16123,16172,17723,17724,17725,17726,17727,17728,17729,17730,17731,17732,16404,16314,16405,16350,16406,16407,16408,16409,279,16122,16410,16411,16412,16413,16414,16415,16416,16417,16418,16419,16420,16310,17733,17734,17735,17736,17737,17738,17739,99,198,16441,17740,17741,17742,17743,17744,17745,17746,17747,17748,17749,16954,16955,16330,16904,16956,16392,16957,16958,16959,16625,16960,16961,16962,16963,16964,16965,16966,16967,16968,16969,16970,16928,17750,17751,17752,17242,17753,17754,17755,17271,17756,17315,17757,17758,17759,17760,17761,17762,17763,17764,17765,17601,17766,17767,16394,17768,17769,17770,17771,17772,17773,17774,17775,17776,17777,17778,17779,17780,17781,17782,17783,17784,17785,17786,17787,17788,17789,17790,17791,17792,17793,17794,17795,17796,17797,17798,17799,17800,17801,17802,17803,17804,17805,17806,17807,17808,17809,17810,17811,17812,17813,17814,17815,17816,17817,17818,17819,17820,17821,17822,17823,17824,17825,17826,262,145,17827,17828,17829,206,17830,17831,17832,17833,17834,17835,17836,17837,17838,17839,17840,17841,17842,17843,17571,17844,16683,17845,17846,17847,17848,17849,17850,17851,17852,17853,17854,17855,17856,17857,17858,17009,17859,17860,17861,17862,17863,17864,17865,17866,17867,17868,17869,17870,17871,17872,17873,17874,17875,17876,17877,17878,17879,17880,17881,17882,17056,17883,17884,17885,17886,17887,17888,17889,17890,17602,17891,17892,17893,17894,17895,17896,17040,17897,17898,17899,17900,17901,17902,17903,17904,16910,17905,17906,17907,17908,17909,17910,17911,17011,17912,17913,17914,17915,17916,17917,17918,17919,17920,17921,17922,17923,17924,17925,17926,17927,17928,1443,17929,17930,17931,17932,17933,17934,17935,17936,17937,17938,17939,17940,17941,1454,17942,17943,17944,17945,1435,17946,17947,17948,17949,17950,17951,17952,17953,17954,17955,1425,17956,17957,17958,17959,17960,17961,17962,17963,17964,17965,1469,17966,17967,17968,17969,17970,17971,17972,1465,1479,17973,17974,17975,17976,17977,17978,1474,17979,17980,17981,17982,17983,17984,17985,17986,17987,17988,17989,17990,17991,17992,17993
99,4,1613,1299,1518,1614,1558,1615,1616,1617,1618,1619,9,1304,1620,1621,1622,1623,1624,1625,1626,1627,1628,1629,1630,28,93,73,94,95,96,97,98,100,101,0,102,103,104,105,106,107,108,109,110,111,112,113,21795,21796,17733,16404,21797,21307,17751,21798,13316,17700,21799,17699,21800,21801,21802,21803,21804,21805,21806,21807,21808,21809,21810,16310,17717,16405,17734,17735,17736,17737,17738,17739,198,78,16441,17740,17741,17742,17743,17744,17745,17746,17747,17748,17749,20489,20396,20490,20435,20491,20492,20493,20494,20495,279,20496,20497,20498,20499,20500,20501,20502,20503,20504,20505,20506,20392,21811,21812,21813,21814,21815,21816,21817,20528,199,20543,21818,21819,21820,21821,21822,21823,21824,21825,21826,21827,21048,21049,20413,21000,21050,20477,21051,21052,21053,141,21054,21055,21056,21057,21058,21059,21060,21061,21062,21063,21064,21023,21828,21829,21830,21317,21831,21832,21833,21362,21834,21407,21835,21836,21837,21838,21839,21840,21841,21842,21843,21699,21844,21845,20479,21846,21847,21848,21849,21850,21851,21852,21853,21854,21855,21856,21857,21858,21859,21860,21861,21862,21863,21864,21865,21866,21867,21868,21869,21870,202,21871,21872,21873,21874,21875,21876,21877,21878,21879,21880,21881,21882,21883,21884,21885,21886,21887,21888,21889,21890,21891,21892,21893,21894,21895,21896,21897,21898,21899,21900,21901,21902,21903,245,21904,21905,21906,21907,204,17829,21908,21909,21910,21911,21912,21913,21914,21915,21916,21917,21918,197,200,201,203,205,206,207,208,209,210,211,212,213,214,215,216,217,262,17703,145,17755,17827,17828,17813,17830,17831,17832,17833,17834,17835,17836,17837,17838,17839,17840,17841,21919,21920,21921,21922,21923,282,21924,21925,329,21926,21927,21928,21929,21930,21931,21932,21933,21700,21934,21935,21936,21937,17706,21938,21116,21939,21940,21941,21942,21943,21944,21945,21946,21005,21947,21948,21949,21950,21951,21952,21953,147,21954,21955,21956,21957,21958,21959,21960,21961,21962,21963,21964,21965,21966,21967,21968,21969,21970,1759,21971,21972,21973,21974,21975,21976,21977,21978,21979,21980,21981,21982,21983,1768,21984,21985,21986,21987,1750,21988,21989,21990,3265,21991,21992,21993,21994,21995,3257,1738,21996,21997,21998,3276,21999,22000,22001,22002,3267,22003,1781,22004,22005,22006,22007,22008,22009,22010,1777,1791,22011,22012,22013,22014,22015,22016,1786,22017,22018,22019,22020,22021,22022,22023,22024,22025,22026,22027,22028,22029,22030,22031
120,5,1925,1926,1538,1927,1869,1928,1929,1930,1931,1932,1933,1934,1935,1936,1937,1938,1939,1940,1941,1942,1943,1944,1945,114,115,74,95,116,117,118,119,121,122,123,0,124,125,126,127,128,129,130,131,132,133,134,25800,25801,25802,16675,25803,25315,25804,25805,13322,25806,25807,25808,25809,25810,25811,25812,25813,25814,25815,25816,25817,25818,25819,16329,25820,16677,25821,25822,25823,25824,25825,25826,16601,16682,16727,25827,25828,25829,25830,25831,25832,25833,25834,25835,25836,20775,199,20776,20721,20777,20778,20779,20780,242,205,295,20781,20782,20783,20784,20785,20786,20787,20788,20789,20790,20412,25837,25838,25839,25840,25841,25842,25843,20812,20701,20825,25844,25845,25846,25847,25848,25849,25850,25851,25852,25853,25037,25038,20698,24987,25039,20763,25040,25041,25042,24690,25043,25044,25045,25046,25047,25048,25049,25050,25051,25052,25053,25011,25854,25855,25856,25325,25857,25858,25859,25369,25860,25413,25861,25862,25863,25864,25865,25866,25867,25868,25869,25704,25870,25871,20765,25872,25873,25874,25875,25876,25877,25878,25879,25880,25881,25882,25883,25884,25885,25886,25887,25888,25889,25890,25891,25892,25893,25894,25895,25896,25897,25898,25899,25900,25901,25902,25903,25904,25905,25906,25907,25908,25909,25910,25911,25912,25913,25914,25915,25916,25917,25918,25919,25920,25921,25922,25923,25924,25925,25926,25927,25928,25929,25930,244,25931,25932,25933,25934,25935,25936,25937,25938,25939,25940,25941,25942,25943,25944,25945,25946,25947,25948,25949,25674,25950,7404,25951,9481,25952,25953,25954,25955,25956,25957,25958,25959,25960,25961,261,25962,25091,25963,25964,25965,25966,25967,25968,25969,25970,25971,25972,25973,25974,25975,25976,25977,25978,25979,25980,25981,25982,9514,263,9546,25983,25137,25984,25985,25986,25987,25988,25989,25990,25991,25705,25992,25993,25994,25995,25996,25997,25120,25998,25999,26000,26001,26002,26003,26004,26005,24993,26006,26007,26008,26009,26010,26011,26012,25093,26013,26014,26015,26016,26017,26018,26019,26020,26021,26022,26023,26024,26025,26026,26027,26028,26029,2068,26030,26031,26032,26033,5048,26034,26035,26036,26037,26038,26039,26040,26041,2077,26042,26043,5205,26044,2060,26045,26046,26047,26048,26049,26050,26051,26052,26053,26054,2050,26055,26056,26057,26058,26059,26060,26061,26062,26063,26064,2090,26065,26066,26067,26068,26069,26070,26071,2086,2100,26072,26073,26074,26075,26076,26077,2095,26078,26079,26080,26081,26082,26083,26084,26085,26086,26087,26088,26089,26090,26091,26092
141,6,2226,2227,1558,1535,2176,2228,1601,2229,2230,2231,1873,2232,9,2233,2234,2235,2236,2237,2238,2239,2240,2241,2242,30,135,136,96,137,138,139,140,142,143,144,145,0,146,147,148,149,150,151,152,153,154,155,29580,29581,24929,28453,29582,29195,29583,29584,13318,29585,24933,29586,29587,29588,29589,29590,29591,29592,29593,29594,29595,29596,29597,20962,29598,21049,20716,29599,29600,29601,29602,29603,24954,28459,18708,29604,29605,29606,29607,29608,29609,29610,29611,29612,29613,21048,20435,20413,21000,21050,20477,21051,21052,21053,21054,99,21055,21056,21057,21058,21059,21060,21061,21062,21063,21064,20431,20715,20717,20718,20719,20720,20721,20722,20723,117,95,20724,20725,20726,20727,20728,20729,20730,20731,20732,20733,28934,28935,20981,28901,28936,182,28937,28938,28939,25103,28940,28941,28942,28943,28944,28945,28946,28947,28948,28949,28950,28925,29614,29615,29616,161,29617,29618,29619,29247,29620,200,29621,29622,29623,29624,29625,29626,29627,29628,29629,187,21665,21545,98,21580,21666,21619,21667,21653,21668,21669,201,21670,21671,21672,21673,21674,21675,21676,21677,21678,29630,29631,21813,29632,21851,29633,29634,29635,25105,29636,202,29637,29638,29639,29640,29641,29642,29643,29644,29645,29646,29647,29648,29649,29650,29651,29652,29653,29654,29655,29656,29657,29658,29659,29660,29661,29662,29663,29664,29665,29666,29667,29668,29669,29670,29671,29672,25077,29673,29674,29675,29676,29677,29678,29679,29680,29681,29682,29683,29684,25102,25104,185,25106,25091,25107,205,25108,25109,25110,25111,25112,25113,25114,25115,25116,25117,29685,29686,28990,29687,29688,29689,29690,29691,21871,29692,29693,29694,29695,29696,29697,29698,29699,29700,29701,197,198,199,203,204,206,207,208,209,210,211,212,213,214,215,216,217,188,29702,29703,29704,29705,29706,29707,29021,29708,29709,29710,29711,29712,29713,29714,29715,28907,29716,29717,21874,29718,29719,29720,29721,28992,29722,29723,29724,29725,29726,29727,29728,29729,29730,29731,29732,29733,23316,29734,29735,29736,29737,2371,29738,29739,3284,29740,29741,29742,29743,23465,29744,29745,29746,29747,29748,2382,3277,29749,29750,29751,2363,29752,29753,29754,29755,29756,29757,29758,29759,29760,29761,2352,29762,29763,29764,29765,29766,29767,29768,29769,29770,29771,2396,29772,29773,29774,3241,29775,29776,29777,2393,2405,29778,29779,29780,3254,29781,29782,2401,29783,29784,29785,24005,29786,29787,29788,29789,29790,29791,24081,29792,29793,29794,29795
161,7,2510,2511,2443,2512,2195,2513,2514,2515,2516,2517,2518,2519,2520,1601,2228,2521,2522,2523,2524,2525,2526,2527,2528,156,54,76,157,158,139,159,160,162,163,164,165,166,0,167,168,169,170,171,172,173,174,175,33109,33110,33111,17232,33112,32703,29584,33113,12857,29670,33114,33115,197,21665,29588,33116,33117,33118,33119,33120,33121,33122,33123,17166,33124,17234,33125,33126,33127,33128,33129,33130,17187,17240,17297,21545,24929,33131,33132,33133,33134,33135,33136,33137,33138,32247,32179,32248,29148,32249,32250,32251,32252,32253,17239,32254,21712,29275,32255,32256,32257,32258,32259,32260,32261,32262,32176,33139,33140,33141,33142,33143,33144,33145,32283,32197,32313,21526,33146,33147,33148,33149,33150,33151,33152,33153,33154,29195,29196,29197,28920,29198,29199,29200,29201,29202,29203,29204,182,28936,29205,29206,29207,29208,29209,29210,29211,29212,29186,33155,33156,33157,32713,33158,33159,33160,32759,33161,32805,29616,33162,33163,33164,33165,33166,33167,33168,33169,33032,33170,33171,32238,33172,33173,33174,33175,33176,33177,33178,33179,21666,33180,33181,33182,33183,33184,33185,33186,33187,33188,33189,33190,33191,33192,33193,33194,33195,33196,33197,33198,21600,33199,33200,33201,33202,33203,33204,33205,33206,33207,33208,33209,33210,33211,33212,33213,33214,33215,33216,33217,33218,21667,33219,33220,33221,33222,33223,33224,33225,33226,33227,33228,33229,33230,33231,33232,33233,33234,33235,21653,33236,33237,33238,33239,33240,33241,33242,33243,33244,33245,33246,33003,33247,32526,33248,33249,21296,33250,33251,33252,33253,33254,33255,33256,33257,33258,33259,33260,29246,33261,33262,33263,33264,33265,33266,21637,33267,33268,33269,33270,33271,33272,33273,33274,33275,33276,33277,33278,33279,33280,33281,33282,201,200,33283,33284,33285,33286,33287,33288,33289,33290,187,98,21580,21619,21668,21669,21670,141,21671,21672,21673,21674,21675,21676,21677,21678,28925,29583,29600,29614,29615,29617,29618,29619,29247,29620,29621,29622,29623,29624,29625,29626,29627,29628,29629,33291,33292,33293,33294,33295,33296,33297,2655,33298,33299,33300,33301,33302,33303,33304,33305,33306,33307,33308,33309,33310,2665,33311,33312,33313,33314,2646,33315,33316,33317,33318,33319,33320,33321,33322,33323,33324,2634,33325,33326,33327,33328,33329,33330,33331,33332,33333,33334,2679,33335,33336,33337,33338,33339,33340,33341,2675,2689,33342,33343,33344,33345,33346,33347,2684,33348,33349,33350,33351,33352,21751,33353,33354,33355,33356,33357,33358,21761,33359,33360
182,8,2818,2819,1557,2820,2212,2195,2821,2822,2823,2824,2825,2826,1601,2827,2176,2828,2829,2830,2831,2832,2833,2834,2835,176,177,178,179,180,140,160,181,183,184,185,186,187,188,0,189,190,191,192,193,194,195,196,36980,36981,36982,36089,36983,32947,29195,32703,13325,36984,36985,36986,29588,36987,36988,36989,36990,36991,36992,36993,36994,36995,36996,36022,36997,21032,36998,36999,29196,37000,37001,37002,36041,36094,18676,37003,37004,37005,37006,37007,37008,37009,37010,37011,37012,20206,7026,21033,7103,7082,21034,21035,21036,21037,21038,98,21039,96,21040,21041,21042,21043,21044,21045,21046,21047,36223,37013,37014,37015,37016,37017,37018,37019,36309,36242,21501,37020,27049,37021,37022,37023,37024,37025,37026,37027,37028,29416,29417,29418,8255,28920,29419,29420,29421,29422,29423,29424,29425,28901,29426,29427,29428,29429,29430,29431,29432,29433,139,29148,29197,29198,29199,29200,29201,29202,29203,29204,161,28936,29205,29206,29207,29208,29209,29210,29211,29212,36884,37029,37030,21503,37031,37032,37033,37034,37035,37036,37037,21666,37038,37039,37040,37041,37042,37043,37044,37045,37046,37047,37048,21574,33199,21600,37049,37050,37051,37052,37053,21619,37054,37055,37056,37057,37058,37059,37060,37061,37062,37063,37064,37065,37066,37067,37068,37069,37070,37071,37072,37073,33212,37074,33211,37075,37076,37077,37078,37079,37080,37081,37082,37083,37084,37085,37086,37087,37088,37089,37090,37091,37092,37093,37094,37095,37096,37097,37098,37099,37100,37101,37102,36853,37103,36524,37104,21668,37105,37106,37107,37108,37109,37110,37111,37112,37113,37114,37115,37116,29474,37117,37118,37119,37120,37121,21620,37122,37123,37124,37125,37126,37127,37128,37129,37130,37131,21665,21545,21580,21667,21653,21669,201,21670,141,21671,21672,21673,21674,21675,21676,21677,21678,36885,37132,37133,37134,37135,37136,37137,28941,37138,37139,37140,37141,37142,37143,37144,37145,138,28934,28935,21000,20981,28937,28938,28939,25103,28940,28942,28943,28944,28945,28946,28947,28948,28949,28950,37146,37147,37148,37149,37150,37151,37152,2959,37153,37154,37155,37156,5895,37157,37158,37159,37160,37161,37162,37163,37164,2969,37165,37166,5814,37167,2951,37168,37169,37170,37171,37172,37173,37174,37175,37176,37177,2940,37178,37179,37180,37181,37182,37183,37184,37185,37186,37187,2982,37188,37189,37190,37191,37192,37193,37194,2979,2991,37195,37196,37197,37198,37199,37200,2987,37201,37202,37203,37204,37205,37206,37207,37208,37209,37210,37211,37212,37213,37214,37215
