294,1994,4333,4349,1683,4350,3720,2593,3484,4210,4351,14,3943,4352,1371,4353,1035,4354,4355,4356,4357,4358,4359,4360,4361,24805,26668,26684,20824,26685,26433,25394,26270,9494,124,9465,7167,16726,26686,24504,26687,26688,26689,26690,26691,26692,26693,26694,55518,55501,55519,22696,22695,47231,13220,33028,55520,293,25979,55521,55522,35886,55523,55524,55525,55526,55527,55528,55529,55530,55531,55708,55709,22706,55710,48202,34148,55711,55712,55713,50787,55613,55714,55715,55716,55717,55718,55719,55720,55721,55722,55723,55724,22690,20542,22707,22367,21389,22168,22571,22708,103,9327,16440,22709,20253,22710,22711,22712,22713,22714,22715,22716,22717,55725,55726,55727,47416,34177,55728,41243,50799,295,25980,55729,55730,55731,55732,55733,55734,55735,55736,55737,55738,55739,48105,48121,48122,47632,33645,44748,48006,48123,246,47812,48124,48125,13696,48126,48127,48128,48129,48130,48131,48132,48133,32550,32312,34149,32786,33459,34045,34150,166,33804,34151,17296,12922,34152,34153,34154,34155,34156,34157,34158,34159,43547,38065,45288,43319,45289,44553,45171,45290,228,44937,38110,18155,45291,45292,45293,45294,45295,45296,45297,45298,45299,41590,54099,21920,53005,53703,53962,54100,282,41608,54101,18555,54102,52577,54103,54104,54105,54106,54107,54108,54109,54110,55740,22736,55741,48231,55742,55743,55744,296,50835,22740,55745,55746,34238,55747,55748,55749,55750,55751,55752,55753,55754,37,0,187,207,297,263,298,299,300,301,302,303,304,305,306,307,308,309,50771,49854,50278,50788,50477,50789,18349,50790,49657,50791,50792,50793,50794,50795,50796,50797,50798,9068,50772,46773,13223,55755,55756,55757,55758,55759,55760,55761,55762,55763,55764,55765,55766,55767,55768,55769,18674,18690,18691,18692,82,6884,16171,18693,11804,18694,18695,18696,18697,18698,18699,18700,18701,55770,55771,55772,55773,55774,55616,55775,14290,55776,55777,55778,55779,55780,55781,55782,55783,12380,14271,14287,12082,14288,14150,9704,60,13892,14289,11498,14291,14292,14293,14294,14295,14296,14297,14298,55784,55785,55786,55787,397,55788,55789,55790,55791,55792,4475,55793,55794,55795,55796,55797,55798,406,55799,55800,55801,55802,4487,55803,55804,55805,55806,55807,55808,55809,55810,55811,55812,55813,55814,55815,55816,55817,55818,55819,55820,55821,55822,55823,55824,55825,55826,55827,55828,48259,55829,55830,55831,55832,55833,55834,55835,55836,48247,55837,55838,55839,55840,55841,55842,55843,55844,55845,55846,55847,55848,55849,55850,55851,55852,55853,55854,55855,55856,55857
328,4787,1267,4788,4789,4790,4791,1329,1328,4792,4793,16,4794,4795,1373,1406,4796,4797,4798,4799,4800,4801,4802,4803,4804,60826,60827,60828,60829,60830,60831,17997,60832,60423,21132,60387,21131,18003,60833,60834,60835,60836,60837,60838,60839,60840,60841,60842,17311,17312,16146,17313,17314,16928,17207,76,17315,327,17316,17317,17302,84,17318,17319,17320,17321,17322,17323,17324,17325,17326,60843,60844,60845,60846,60847,18185,54357,60848,60849,60850,60713,60851,19072,60852,60853,60854,60855,60856,60857,60858,60859,60860,60861,60862,60863,60864,60865,54178,60866,60867,329,60390,18719,22910,60868,60869,60870,60871,60872,60873,60874,60875,60876,60877,60878,60879,60880,34409,54371,50877,48413,330,60881,60882,19069,60883,60884,60885,60886,60887,60888,60889,60890,60891,60892,60893,60894,60895,18054,17057,60896,60897,30945,60898,60899,19133,60900,60901,60902,60903,60904,60905,60906,60907,60908,18184,18186,18187,17258,79,18188,18189,167,18190,18191,17298,18192,18193,18194,18195,18196,18197,18198,18199,18200,18170,83,16145,18171,18172,18073,18173,18112,229,18174,283,18161,18175,18176,18177,18178,18179,18180,18181,18182,18183,60909,60910,60911,60912,60913,60914,60915,30976,60916,60917,18721,60918,60919,60920,60921,60922,60923,60924,60925,60926,60927,60928,60929,60930,60931,60932,60933,60934,332,60935,34460,60936,19135,34472,60937,60938,60939,60940,60941,60942,60943,60944,326,147,0,331,333,334,335,301,317,336,337,338,339,340,341,342,343,344,60696,49776,52800,60945,60946,60947,18724,60948,60949,60950,60951,60952,60953,60954,60955,60956,60957,60392,59448,60958,34349,53267,60959,60960,60961,60962,59450,60963,60964,60965,60966,60967,60968,60969,60970,60971,82,18692,18720,18722,18723,18725,18726,18727,18728,18729,18730,18731,18732,18733,18734,18735,18736,19130,19131,19132,19134,19136,19137,14696,19138,19139,19140,19141,19142,19143,19144,19145,19146,60972,60973,60974,60975,60976,60977,59463,30864,60978,60979,60980,60981,60982,60983,60984,60985,60986,60987,60988,60989,60990,60991,60992,4946,60993,60994,60995,60996,60997,4938,60998,60999,61000,61001,61002,61003,4959,61004,61005,61006,61007,4950,61008,61009,61010,61011,61012,61013,61014,61015,61016,61017,5650,61018,61019,61020,61021,61022,61023,61024,61025,61026,61027,61028,5751,61029,61030,61031,61032,54422,61033,61034,61035,61036,61037,61038,61039,61040,54413,61041,61042,61043,61044,61045,61046,61047,61048,54400,61049,61050,61051,61052,61053,61054,54387,61055,61056,61057,61058
27,471,450,472,473,474,475,476,477,478,479,1,480,481,482,483,484,485,486,487,488,489,490,491,492,6676,6677,6678,6679,6680,6681,6682,6683,6116,6015,5994,5993,6684,6685,6686,6687,6688,6689,6690,6691,6692,6693,6694,6359,6338,6360,6361,6362,6363,6364,6365,6366,26,6367,6368,6369,6370,6371,6372,6373,6374,6375,6376,6377,6378,6379,6695,6696,6697,6698,6699,6700,6701,6702,6703,6704,6540,6705,6706,6707,6708,6709,6710,6711,6712,6713,6714,6715,6716,6717,71,6718,6719,6720,6721,6722,28,5998,6723,6724,6725,6726,6727,6728,6729,6730,6731,6732,6733,6734,6735,6736,6737,6738,6739,80,6740,29,6741,6742,6743,6744,6745,6746,6747,6748,6749,6750,6751,6752,6753,6754,6755,6756,6757,6758,6759,6760,6761,6762,6763,6764,6765,6766,6767,6768,6769,6770,6771,6772,6773,6774,6775,6776,6777,6778,6779,6780,31,6781,6782,6783,6784,6785,6786,6787,6788,6789,6790,6791,6792,6793,6794,6795,6796,6797,6798,6799,6800,6801,6802,6803,6804,6805,6806,6807,6808,6809,6810,6811,6812,6813,51,6814,73,6815,6816,6817,6818,102,81,6819,6820,6821,6822,6823,6824,6825,6826,6827,6828,6829,6830,6831,6832,6833,6834,6835,6836,6837,33,6838,6839,6840,6841,6842,6843,6844,6845,6846,6847,6848,6849,6850,25,30,32,0,34,35,36,37,38,39,40,41,42,43,44,45,46,47,6522,6851,6852,6853,6854,6855,6856,6857,6858,6859,6860,6861,6862,6863,6864,6865,6866,6000,6506,6867,6449,6868,6869,6870,6871,6872,6873,6874,6875,6876,6877,6878,6879,6880,6881,6882,6883,6884,82,6885,6886,6002,6887,6888,6889,6890,6891,6892,6893,6894,6895,6896,6897,6898,6899,6900,6901,6902,6543,6903,6587,6904,6905,6906,6907,6908,6909,6910,6911,6912,6913,6914,6915,6916,6917,6918,6451,6919,6920,6921,6922,6923,6924,6925,6926,6927,6928,6929,6930,6931,6932,6933,730,6934,6935,6936,6937,6938,723,6939,6940,6941,6942,6943,6944,743,6945,6946,6947,6948,735,6949,6950,6951,6952,6953,6954,6955,6956,6957,6958,6959,6960,6961,6962,6963,6964,6965,6966,6967,6968,6969,6970,6971,6972,6973,6974,6975,6976,6977,6978,6979,6980,5583,6981,6982,6983,6984,6985,6986,6987,6988,6989,5684,6990,6991,6992,6993,6994,6995,6996,6997,6998,6999,7000,7001,7002,7003
72,1176,840,1177,1178,1179,1180,1181,1182,1183,1184,3,1185,1021,1186,1187,1188,1189,1190,1191,1192,1193,1194,1195,1196,15977,15978,15979,15980,15981,15982,15983,15984,8451,15770,15753,15752,15985,15986,15987,15988,15989,15990,15991,15992,15993,15994,15995,11639,11303,11640,11641,115,11642,11643,11644,11645,50,11646,11484,11647,11648,11649,11650,11651,11652,11653,11654,11655,11656,11657,15996,15997,15998,15999,16000,16001,16002,16003,16004,16005,11790,16006,16007,16008,16009,16010,16011,16012,16013,16014,16015,16016,16017,16018,16019,16020,16021,16022,16023,16024,73,6814,16025,16026,16027,16028,16029,16030,16031,16032,16033,16034,16035,16036,16037,16038,16039,16040,16041,16042,220,74,16043,16044,16045,16046,16047,16048,16049,16050,16051,16052,16053,16054,16055,16056,16057,16058,16059,16060,16061,16062,16063,16064,16065,16066,16067,16068,16069,16070,16071,16072,16073,16074,16075,16076,16077,16078,16079,16080,16081,16082,76,16083,12910,16084,16085,16086,16087,16088,16089,16090,16091,16092,16093,16094,16095,16096,16097,16098,16099,16100,16101,16102,16103,16104,16105,16106,16107,16108,16109,16110,16111,16112,16113,16114,16115,16116,16117,16118,16119,16120,16121,16122,16123,16124,16125,16126,16127,16128,16129,16130,16131,16132,16133,16134,16135,16136,16137,16138,16139,16140,16141,16142,79,16143,280,16144,16145,16146,16147,16148,16149,16150,16151,16152,16153,16154,71,75,77,78,0,80,81,82,83,84,85,86,87,88,89,90,91,92,11775,16155,16156,16157,16158,14117,16159,16160,16161,16162,16163,16164,16165,16166,16167,16168,16169,6698,59,14113,11721,14114,14115,14116,14118,14119,14120,14121,14122,14123,14124,14125,14126,14127,14128,14129,16170,16171,16172,16173,16174,15757,16175,16176,16177,16178,16179,16180,16181,16182,16183,16184,16185,16186,16187,16188,16189,16190,11793,16191,11834,16192,16193,16194,16195,16196,16197,16198,16199,16200,16201,16202,16203,14726,16204,14691,11723,16205,16206,16207,16208,16209,16210,16211,16212,16213,16214,16215,16216,16217,16218,16219,1426,16220,16221,16222,16223,16224,1419,16225,16226,16227,16228,16229,16230,1437,16231,16232,16233,16234,1430,16235,16236,16237,16238,16239,16240,16241,16242,15228,16243,16244,16245,16246,16247,16248,16249,16250,16251,16252,15353,16253,16254,16255,16256,16257,16258,16259,16260,16261,16262,16263,16264,16265,16266,16267,16268,16269,16270,16271,16272,16273,16274,16275,16276,16277,16278,16279,16280,16281,16282,16283,16284,16285,16286,16287,16288,16289
73,1160,1197,1178,1198,1199,1200,1201,1202,1203,1204,4,3,478,1205,1206,1207,1208,1209,1210,1211,1212,1213,1214,1215,15712,15768,15752,15769,15770,15771,15772,15773,7117,114,71,6717,15774,15775,15776,15777,15778,15779,15780,15781,15782,15783,15784,16290,16291,16017,16292,16293,16294,16295,16296,11752,93,115,11641,16297,16298,16299,16300,16301,16302,16303,16304,16305,16306,16307,15980,15998,16018,16019,16020,16021,16022,16023,16024,72,6814,16025,16026,16027,16028,16029,16030,16031,16032,16033,16034,16035,16308,16309,16310,16311,16312,16313,16314,16315,94,6721,16316,16317,16318,16319,16320,16321,16322,16323,16324,16325,16326,16327,16328,16329,16330,16331,16332,198,219,95,74,16333,16334,16335,16336,16337,16338,16339,16340,16341,16342,16343,16344,16345,16346,16347,16348,16349,16350,16351,16352,75,16353,16354,16355,16356,16357,16358,16359,16360,16361,16362,16363,16364,16365,16366,16367,16368,16369,16370,97,16371,16372,16373,16374,16375,16376,16377,16378,16379,16380,16381,16382,16383,16384,16385,16386,16387,16388,16389,16390,16391,16392,16393,16394,16395,16396,16397,16398,16399,16400,16401,16402,16403,16404,16117,16405,16406,16407,16408,16409,279,78,16122,16410,16411,16412,16413,16414,16415,16416,16417,16418,16419,16420,16421,16422,16137,16423,16424,16425,16426,100,280,16427,16428,16429,16430,16431,16432,16433,16434,16435,16436,16437,16438,28,96,98,99,101,0,102,103,104,105,106,107,108,109,110,111,112,113,50,76,77,79,80,81,82,83,84,85,86,87,88,89,90,91,92,27,51,6759,6815,6816,6817,6818,6819,6820,6821,6822,6823,6824,6825,6826,6827,6828,6829,6830,16439,16440,16441,16442,16443,6723,16444,16445,15891,16446,16447,16448,16449,16450,16451,16452,16453,16454,16455,16456,16457,16458,11665,16459,16460,16461,16462,16463,16464,16465,16466,16467,16468,16469,16470,16471,16472,16473,16474,16475,16476,15810,16477,16478,16479,16480,16481,16482,16483,16484,16485,16486,16487,16488,16489,16490,1739,16491,16492,16493,16494,16495,1731,16496,16497,16498,16499,16500,16501,1753,16502,16503,16504,16505,1744,16506,16507,16508,16509,16510,16511,16512,1449,16513,16514,16515,16516,16517,1441,16518,16519,16520,16521,1461,16522,16523,16524,16525,1452,16526,16527,16528,16529,16530,16531,16532,16533,16534,16535,16536,16537,16538,16539,16540,16541,16542,16543,16544,16545,16546,16547,16548,16549,16550,16551,16552,16553,16554,16555,16556,16557,16558
74,1216,1217,1179,1199,1218,1219,1220,1221,1222,1223,5,1224,3,1225,1226,1227,1228,1229,1230,1231,1232,1233,1234,1235,16559,16560,15980,16327,16561,16346,16562,16563,16564,16565,15770,15769,16566,16567,16568,16569,16570,16571,16572,16573,16574,16575,16576,16577,16578,16037,16017,16579,16580,16078,16581,16582,115,16583,11640,16584,16585,16586,16587,16588,16589,16590,16591,16592,16593,16594,16036,15999,16019,16038,16039,16040,16041,16042,220,16043,72,16044,16045,16046,16047,16048,16049,16050,16051,16052,16053,16054,16328,16310,16329,16330,16331,16332,198,219,95,73,16333,16334,16335,16336,16337,16338,16339,16340,16341,16342,16343,16595,16596,16597,16598,16599,16600,16601,16602,116,16603,16604,16605,16606,16607,16608,16609,16610,16611,16612,16613,16614,16615,16616,16617,16618,16619,16620,16621,16622,16623,16624,16625,16626,16627,16628,16629,16630,16631,16632,16633,16634,16635,16636,16637,16638,16639,16640,16641,16642,118,16643,162,16644,16645,16646,16647,16648,16649,16650,16651,16652,16653,16654,16655,16656,16657,16658,16659,16660,16661,16662,16663,16664,16665,16666,16667,16668,16669,16670,16671,16672,16673,16674,16675,16676,16677,16678,16679,16680,16681,205,16682,16683,16684,16685,16686,16687,16688,16689,16690,16691,16692,16693,16694,16695,16696,16697,16698,16699,16700,16701,121,260,225,16702,312,16703,16704,16705,16706,16707,16708,16709,16710,16711,114,117,119,120,122,123,0,124,125,126,127,128,129,130,131,132,133,134,11646,16712,16713,16714,7400,80,15858,16715,16716,16717,16718,16719,16720,16721,16722,16723,16724,71,50,75,76,77,78,79,81,82,83,84,85,86,87,88,89,90,91,92,16725,16726,16727,16728,16729,15774,16730,16731,16732,16733,16734,16735,16736,16737,16738,16739,16740,16741,16742,16743,16744,16745,11648,16746,16747,16748,16749,16750,16751,16752,16753,16754,16755,16756,16757,16758,16759,16760,16761,16762,16763,16764,16765,16766,16767,16768,16769,16770,16771,16772,16773,16774,16775,16776,16777,16778,2051,1427,16779,16780,16781,16782,2044,16783,1420,16784,16785,16786,16787,2063,1439,16788,16789,16790,2055,16791,1431,16792,16793,16794,16795,16796,16797,1447,16798,16799,1442,16800,16801,16802,16803,16804,16805,16806,1459,16807,1453,16808,16809,16810,16811,16812,16813,16814,16815,16816,16817,16818,16819,16820,16821,16822,16823,16824,16825,16826,16827,16828,16829,16830,16831,16832,16833,16834,16835,16836,16837,16838,16839,16840,16841,16842
136,2134,2117,2135,1553,2136,2137,2138,2139,2140,2141,6,2142,2143,1374,2144,2145,2146,2147,2148,2149,2150,2151,2152,2153,28341,28342,28343,20960,28344,28345,28346,28347,7695,7060,7607,7059,18737,28348,28349,28350,28351,28352,28353,28354,28355,28356,28357,28125,28106,28126,20950,20949,28127,28128,7949,28129,135,7338,28130,18786,12684,28131,28132,28133,28134,28135,28136,28137,28138,28139,28358,28359,20961,28360,28361,28362,28363,28364,28365,28366,28244,18756,28367,28368,28369,28370,28371,28372,28373,28374,28375,28376,20943,20430,20962,20963,20964,20965,20966,20967,96,7611,16443,20968,20969,20970,20971,20972,20973,20974,20975,20976,20977,28377,28378,28379,28380,28381,28382,24954,28383,137,7339,15860,28384,28385,28386,28387,28388,28389,28390,28391,28392,28393,28394,28395,28396,28397,28398,28399,28400,28401,28402,28403,28404,28405,28406,28407,28408,28409,28410,28411,28412,28413,28414,28415,28416,28417,28418,28419,28420,28421,139,28422,28423,17299,28424,28425,28426,28427,28428,28429,28430,28431,28432,28433,28434,28435,28436,28437,28438,28439,28440,28441,28442,28443,18738,28444,28445,28446,28447,28448,28449,28450,28451,28452,28453,28454,21049,28455,28456,28457,28458,21054,28459,28460,18739,28461,28462,28463,28464,28465,28466,28467,28468,28469,28470,28471,21067,28472,28473,28474,28475,28476,142,28477,21073,17599,28478,28479,28480,28481,28482,28483,28484,28485,28486,28487,30,138,140,141,143,144,145,0,146,147,148,149,150,151,152,153,154,155,28227,28488,28489,28490,28491,28492,18351,28493,28494,28495,28496,28497,28498,28499,28500,28501,28502,7613,28213,28503,28197,28504,28505,28506,28507,17879,28508,28509,28510,28511,28512,28513,28514,28515,28516,28517,18678,82,18708,18723,18740,6886,18741,18742,18743,18744,18745,18746,18747,18748,18749,18750,18751,28518,28519,28520,28521,28522,28246,28523,28258,28524,28525,28526,28527,28528,28529,28530,28531,28532,28533,28534,28535,28536,28537,28538,28198,28539,28540,28541,28542,28543,28544,28545,28546,28547,28548,28549,28550,28551,28552,28553,2353,28554,28555,28556,28557,28558,2345,28559,28560,28561,28562,28563,28564,2365,28565,28566,28567,28568,2357,28569,28570,28571,28572,28573,28574,28575,28576,28577,28578,28579,28580,28581,28582,28583,28584,28585,28586,28587,28588,28589,28590,28591,28592,28593,28594,28595,28596,28597,18801,28598,28599,28600,28601,28602,28603,28604,28605,18813,28606,28607,28608,28609,28610,28611,28612,28613,28614,28615,28616,28617,28618,28619,28620,28621,28622,28623
76,1257,844,1181,1258,1259,1240,1260,1261,1262,1263,7,1264,1265,1266,3,1267,1268,1269,1270,1271,1272,1273,1274,1275,17146,17147,17148,17149,17150,16919,17151,15806,8453,17152,17153,17154,15826,15810,17155,17156,17157,17158,17159,17160,17161,17162,17163,11714,11307,11643,11715,11716,11697,11717,11718,11719,54,11720,11721,11722,50,11723,11724,11725,11726,11727,11728,11729,11730,11731,16076,16001,16077,16078,16059,16079,16080,16081,16082,16083,12910,16084,72,16085,16086,16087,16088,16089,16090,16091,16092,16093,17164,17165,17166,16920,17167,17168,17169,17170,157,12793,17171,16458,17172,17173,17174,17175,17176,17177,17178,17179,17180,17181,17182,17183,17184,17185,17186,17187,118,158,17188,17189,115,16763,17190,17191,17192,17193,17194,17195,17196,17197,16849,16866,16921,16903,16922,11700,16923,16924,16925,16926,16927,75,16928,16929,16930,16931,16932,16933,16934,16935,16936,17198,17199,17200,17201,11739,17202,17203,159,17204,17205,17206,17207,17208,17209,17210,17211,17212,17213,17214,17215,15825,178,11644,17216,17217,17218,17219,17220,183,17221,17222,17223,77,17224,17225,17226,17227,17228,17229,17230,17231,17232,17233,17234,17235,17236,17237,17238,17239,17240,17241,17242,16392,16956,17243,17244,17245,17246,17247,17248,17249,17250,17251,17252,16040,16982,16102,17253,17254,162,17255,17256,17257,79,17258,17259,17260,17261,17262,17263,17264,17265,17266,156,139,160,161,163,164,165,166,0,167,168,169,170,171,172,173,174,175,12893,17267,15824,16643,17268,17269,17270,16371,17271,17272,17273,17274,17275,17276,17277,17278,17279,17280,277,17281,12830,17282,17283,17284,17285,17286,280,17287,17288,17289,17290,17291,17292,17293,17294,17295,11742,17296,17297,17298,17299,17300,17301,82,17302,17303,17304,17305,17306,17307,17308,17309,17310,71,73,74,78,80,81,83,84,85,86,87,88,89,90,91,92,17311,17312,16146,17313,17314,17315,328,327,17316,17317,17318,17319,17320,17321,17322,17323,17324,17325,17326,17327,17328,17329,17330,2635,17331,17332,17333,17334,17335,2627,17336,17337,17338,17339,17340,17341,2649,17342,17343,17344,17345,2640,17346,17347,17348,17349,17350,17351,17352,17353,17354,17355,17356,17357,17358,1488,17359,17360,17361,17362,17363,17364,17365,17366,17367,1481,17368,17369,17370,17371,17372,17373,17374,17375,17376,17377,17378,17379,17380,17381,17382,17383,17384,17385,17386,17387,17388,17389,17390,1449,17391,17392,17393,17394,17395,17396,1461,17397,17398
178,2744,2725,2745,2746,2747,2748,845,2749,2750,1261,8,2751,2752,1370,1277,850,2753,2754,2755,2756,2757,2758,2759,2760,35985,35986,35987,35988,35989,35990,35991,35992,35520,29386,35434,35433,18672,35993,35994,35995,35996,35997,35998,35999,36000,36001,36002,35731,35712,35732,35733,32918,35734,11733,32929,35735,177,35736,35737,35738,17421,35739,35740,35741,35742,35743,35744,35745,35746,35747,36003,36004,36005,36006,36007,11734,36008,36009,11644,36010,35873,36011,17422,26943,36012,36013,36014,36015,36016,36017,36018,36019,36020,36021,36022,36023,36024,36025,36026,36027,179,35438,18675,22866,26764,36028,36029,36030,36031,36032,36033,36034,36035,36036,36037,36038,36039,32966,36040,36041,36042,180,36043,36044,36045,26958,36046,36047,36048,36049,36050,36051,36052,36053,36054,36055,36056,36057,11698,36058,36059,36060,29459,36061,36062,17425,11704,36063,36064,36065,36066,36067,36068,36069,36070,11732,11735,11736,11718,11737,11738,11739,160,11740,11741,11742,50,11743,11744,11745,11746,11747,11748,11749,11750,36071,36072,36073,36074,36075,36076,36077,36078,29443,36079,36080,18677,17426,36081,36082,36083,36084,36085,36086,36087,36088,36089,36090,21032,11699,36091,36092,36093,21038,36094,36095,11762,36096,36097,36098,36099,36100,36101,36102,36103,36104,36105,15825,17216,17217,11700,17218,17219,17220,183,17221,17222,17223,77,76,17224,17225,17226,17227,17228,17229,17230,17231,176,140,181,182,184,185,186,187,188,0,189,190,191,192,193,194,195,196,35855,36106,36107,36108,36109,36110,18679,36111,25122,36112,36113,36114,36115,36116,36117,36118,36119,35440,35840,36120,13236,36121,36122,36123,36124,36125,17448,25718,36126,36127,36128,36129,36130,36131,36132,36133,18673,18674,18676,82,18678,18680,18681,17430,11809,18682,18683,18684,18685,18686,18687,18688,18689,17420,17423,17424,17427,17428,17429,17431,11823,17432,17433,17434,17435,17436,17437,17438,17439,11819,11313,11648,11820,125,11821,83,61,11822,11487,11531,11824,11825,11826,11827,11828,11829,11830,11831,36134,36135,36136,36137,2941,36138,36139,36140,36141,36142,2933,36143,36144,36145,36146,36147,36148,2954,36149,36150,36151,36152,2945,36153,36154,36155,36156,36157,36158,36159,36160,36161,36162,36163,5712,36164,36165,36166,36167,36168,36169,36170,36171,36172,5611,36173,36174,36175,36176,36177,36178,36179,36180,26999,36181,36182,36183,36184,36185,36186,36187,36188,27008,36189,36190,36191,36192,36193,36194,36195,36196,26973,36197,36198,36199,36200,36201,36202,26986,36203
359,5184,5168,5185,1744,5186,5187,2640,5188,5189,5190,18,4005,5191,1382,4689,5192,89,5193,5194,5195,5196,86,5197,5198,65263,65264,65265,23448,65266,65267,65268,65269,10298,7227,10269,7226,18843,65270,65271,1462,65272,19612,65273,65274,15929,65275,15927,65103,65087,65104,23439,23438,65105,34705,33054,65106,358,51552,65107,65108,38522,65109,11875,65110,65111,1097,65112,1429,19503,65113,65276,65277,23449,65278,65279,34719,65280,65281,65282,51539,65194,65283,59699,65284,16264,19466,65285,65286,65287,1430,65288,65289,23432,20600,23450,23451,21435,23452,23453,23454,107,10272,16450,22985,23455,1212,23456,23457,23458,23459,1209,23460,23461,65290,65291,65292,65293,34750,65294,41299,51564,360,51540,65295,59714,65296,16818,65297,65298,19487,65299,1431,65300,2055,65301,65302,65303,65304,34721,65305,65306,65307,31279,51541,65308,59701,65309,1463,65310,65311,65312,19845,17088,65313,65314,34718,32357,34720,32832,34722,34723,34724,169,33849,34725,17307,34726,1272,34727,34728,34729,34730,1269,34731,34732,65315,38312,65316,65317,65318,65319,65320,65321,31267,65322,38577,18844,59702,1464,65323,17646,65324,65325,17645,19855,65326,42299,65327,21977,65328,65329,65330,65331,21981,42319,65332,18845,65333,65334,1465,65335,65336,19740,65337,17945,17942,65338,65339,23480,65340,65341,65342,65343,65344,361,51596,23486,65345,59704,34502,18237,65346,3542,65347,65348,1432,65349,19511,41,149,190,211,362,267,363,303,319,338,0,364,365,366,367,368,369,370,51523,49898,51542,51543,50535,51544,18359,51103,51545,1350,51546,51547,51548,51549,1347,51550,51551,9129,51524,65350,34711,65351,65352,65353,65354,65355,59758,65356,18648,65357,19481,65358,65359,1433,4271,65360,18686,18698,18715,18733,18748,6894,18846,18778,18847,1466,18818,18828,18839,18848,82,18849,18850,59698,58331,59700,59703,58938,59705,59315,59706,1396,59707,59708,59709,59710,1393,59711,59712,65361,65362,65363,65364,62885,65365,59491,31222,65366,65367,65368,1467,65369,65370,19214,65371,19212,65372,19863,856,1193,1232,1334,21,1366,1426,1447,1458,1468,3,1469,1470,65373,65374,65375,65376,5272,65377,65378,65379,65380,5263,1434,65381,65382,65383,65384,19431,19818,65385,65386,65387,65388,1435,65389,65390,19778,65391,65392,65393,65394,19462,65395,65396,1436,65397,65398,65399,65400,65401,65402,19829,65403,65404,65405,65406,1169,1250,1290,1311,1379,1411,1437,1438,1439,65407,65408,65409,19448,65410,19842,65411,19405,65412,19806,65413,65414,65415,65416
346,5027,5011,5028,1731,5029,5030,2627,5031,5032,5033,17,3992,5034,1383,4676,5035,5036,90,5037,5038,85,5039,5040,5041,63670,63671,63672,23299,63673,63674,63675,63676,10160,7215,10131,7214,18851,63677,63678,63679,1471,63680,19745,15918,63681,15916,63682,63510,63494,63511,23290,23289,63512,34559,33042,63513,345,51410,63514,63515,38389,63516,63517,11887,1086,63518,1418,63519,63520,19384,63683,63684,23300,63685,63686,34573,63687,63688,63689,51397,63601,63690,59558,63691,19341,16273,63692,63693,1419,63694,63695,63696,23283,20588,23301,23302,21422,23303,23304,23305,106,10134,16451,22972,23306,23307,1213,23308,23309,1208,23310,23311,23312,63697,63698,63699,63700,34604,63701,41288,51422,347,51398,63702,59573,63703,63704,16828,19353,63705,1420,63706,2044,63707,63708,63709,63710,63711,34575,63712,63713,63714,31141,51399,63715,59560,63716,63717,1472,63718,63719,17076,19945,63720,63721,34572,32344,34574,32819,34576,34577,34578,168,33836,34579,17308,34580,34581,1273,34582,34583,1268,34584,34585,34586,63722,38301,63723,63724,63725,63726,63727,63728,31129,63729,38444,18852,59561,63730,1473,63731,17635,17632,63732,63733,19961,42167,63734,21965,63735,63736,63737,63738,21969,42187,63739,18853,63740,63741,63742,1474,19623,63743,17932,63744,63745,17931,63746,23331,63747,63748,63749,63750,63751,348,51454,23337,63752,59563,34490,63753,18227,63754,3531,1421,63755,19380,63756,40,148,189,210,349,266,350,302,318,337,351,0,352,353,354,355,356,357,51381,49885,51400,51401,50524,51402,18360,51090,51403,51404,1351,51405,51406,1346,51407,51408,51409,9117,51382,63757,34565,63758,63759,63760,63761,63762,59617,63763,63764,18656,63765,19365,1422,63766,63767,4260,18687,18699,18716,18734,18749,6895,18854,18779,18855,18806,1475,18829,18840,82,18856,18857,18858,59557,58318,59559,59562,58925,59564,59303,59565,59566,1397,59567,59568,1392,59569,59570,59571,63768,63769,63770,63771,62757,63772,59480,31084,63773,63774,63775,63776,1476,19203,63777,19201,63778,19957,63779,63780,63781,63782,63783,5114,63784,63785,63786,63787,1423,5106,63788,63789,857,1194,1233,1335,22,1367,1437,1448,1459,3,1477,1478,1479,19877,63790,63791,63792,63793,19336,63794,1424,63795,63796,63797,63798,63799,19307,19919,63800,63801,63802,1425,63803,63804,63805,1168,1249,1289,1310,1378,1410,1426,1427,1428,63806,63807,63808,63809,19929,63810,63811,63812,63813,19279,63814,19905,63815,63816,63817,63818,63819,63820,63821,19324,63822,19943,63823
88,1451,855,1192,1452,1453,1252,1271,1292,1454,1333,20,1455,1456,1381,1395,1413,1425,1436,3,1457,1458,1459,1460,1461,19640,19641,19642,19643,19644,17105,19645,19646,8460,19647,19648,19649,18832,19650,19651,19361,1171,1168,19652,19653,19654,19655,19656,11879,11318,11653,11880,11881,11709,11727,11746,11882,66,11883,11884,11814,11827,11845,1418,11864,50,11885,11886,11887,11888,11889,16248,16012,16249,16250,16071,16089,16110,16251,16150,16252,15353,16181,16195,16211,16223,16234,72,16253,16254,16255,16256,16257,19657,19658,19659,17106,19660,19661,19662,19663,383,15297,18833,16467,19664,19362,19486,1214,19665,19666,19667,19668,1211,19669,19670,19671,19672,19673,19674,19675,19676,384,19677,19678,19679,16771,19680,19681,1232,19682,19683,1231,19684,19685,16857,16877,17107,16914,16932,16949,17108,16986,17000,17109,17110,17047,17065,17078,17090,75,17111,17112,17113,17114,17115,17359,17360,17361,17211,17227,17362,17262,171,17363,17364,17306,17322,17334,17345,76,17365,17366,17367,1481,17368,17659,17435,17452,17660,17661,17509,17662,17545,17560,17663,17664,17606,17620,17633,17645,77,17665,1464,17666,17667,17668,17709,19686,19687,19688,19689,19690,19691,19692,19693,19694,18835,19695,19696,1313,19488,1311,19697,19698,19699,19700,19701,18230,18231,18232,18058,18077,18233,18117,234,18234,18235,18165,18179,18196,18206,1432,79,18236,18237,18238,18239,18240,382,151,192,385,252,386,387,305,321,340,353,366,0,388,389,390,391,392,15341,18283,19702,19703,19704,19705,18836,19706,19707,19364,19489,1353,19708,19709,19710,1349,19711,19712,13778,19713,12990,18496,19714,19715,19716,19717,19718,19719,19720,19721,1367,19722,1365,19723,19724,19725,18685,18697,18834,18732,18747,18837,18763,18777,18792,18805,18817,82,18838,18839,18840,18841,18842,18994,18995,18996,18997,18998,15356,18958,14703,18970,18981,83,18999,19000,19001,19002,1491,19227,19061,19079,19228,19229,19230,19142,12948,19231,19232,19188,19201,19213,84,19233,19234,1476,19235,19236,19277,19292,19363,1330,5134,19365,19348,85,19366,19367,5038,19368,19369,853,19417,19487,19446,5292,19490,19473,86,19491,5195,19492,19493,19494,71,73,74,78,80,81,87,89,90,91,92,19726,19727,19728,19729,19730,19731,19732,19733,19734,19735,19736,19737,19738,19739,19740,19741,1414,19742,19743,19744,19745,19746,1294,19747,19748,19749,19750,19751,19752,19753,19754,19755,19756,1398,19757,19758,19759,1275,19760,19761,19762,19763,19764
87,1440,854,1191,1441,1442,1251,1270,1291,1443,1332,19,1444,1445,1380,1394,1412,1424,1435,1446,3,1447,1448,1449,1450,19515,19516,19517,19518,19519,17094,19520,19521,8461,19522,19523,19524,18821,19525,19526,1170,19477,19527,1169,19528,19529,19530,19531,11868,11317,11652,11869,11870,11708,11726,11745,11871,65,11872,11873,11813,11826,11844,11855,1429,11874,50,11875,11876,11877,11878,16238,16011,16239,16240,16070,16088,16109,16241,16149,16242,15228,16180,16194,16210,16222,16233,16243,72,16244,16245,16246,16247,19532,19533,19534,17095,19535,19536,19537,19538,372,15172,18822,16468,19539,19352,19478,19540,1215,19541,19542,1210,19543,19544,19545,19546,19547,19548,19549,19550,19551,373,19552,19553,19554,16772,19555,19556,19557,1233,1230,19558,19559,19560,16856,16876,17096,16913,16931,16948,17097,16985,16999,17098,17099,17046,17064,17077,17089,17100,75,17101,17102,17103,17104,17349,17350,17351,17210,17226,17352,17261,170,17353,17354,17305,17321,17333,17344,17355,76,17356,17357,17358,1488,17649,17434,17451,17650,17651,17508,17652,17544,17559,17653,17654,17605,17619,17632,17644,17655,77,17656,1473,17657,17658,17708,19561,19562,19563,19564,19565,19566,19567,19568,19569,18824,19570,19571,19354,1312,19572,1310,19573,19574,19575,19576,18219,18220,18221,18057,18076,18222,18116,233,18223,18224,18164,18178,18195,1421,18215,18225,79,18226,18227,18228,18229,371,150,191,374,251,375,376,304,320,339,352,365,377,0,378,379,380,381,15216,18282,19577,19578,19579,19580,18825,19581,19582,19355,19480,19583,1352,19584,19585,19586,1348,19587,13767,19588,12980,18495,19589,19590,19591,19592,19593,19594,19595,19596,19597,1366,19598,1364,19599,19600,18684,18696,18823,18731,18746,18826,18762,18776,18791,18804,18816,18827,82,18828,18829,18830,18831,18985,18986,18987,18988,18989,15231,18957,14702,18969,18980,18990,83,18991,18992,1484,18993,19217,19060,19078,19218,19219,19220,19141,12947,19221,19222,19187,19200,19212,19223,84,1467,19224,19225,19226,852,19291,19353,19321,5124,19356,19347,19357,85,19358,5037,19359,19360,19402,19416,19479,1331,5282,19481,19472,19482,86,5194,19483,19484,19485,19601,19602,19603,19604,19605,19606,19607,19608,19609,19610,19611,71,73,74,78,80,81,88,89,90,91,92,19612,19613,1293,19614,19615,19616,19617,19618,19619,19620,19621,19622,19623,19624,1415,19625,19626,19627,19628,1274,19629,19630,19631,19632,19633,19634,19635,19636,19637,1399,19638,19639
90,1471,857,1194,1213,1233,1472,1273,1473,1474,1335,22,1351,1367,1475,1397,1476,346,1437,1448,1459,3,1477,1478,1479,19865,19866,19867,16536,19868,19869,19870,19871,8467,19872,18445,19873,19874,19875,19876,5027,19495,19877,19878,1175,19879,1173,19880,11898,11320,11655,11672,11690,11899,11729,11900,11901,68,11784,11800,11902,11829,11903,1086,11865,11876,11887,50,11904,11905,1487,16267,16014,16033,16052,16268,16091,16269,16270,16152,16167,14127,16271,16197,16272,1419,16235,16245,16255,72,16273,16274,16275,16305,16324,16341,16537,16380,16538,16539,16436,111,6828,16540,16466,16541,1731,16506,16516,16525,73,16542,16543,16544,16820,16592,16612,16821,16651,16822,16823,16709,132,16722,16824,16753,16825,2044,16791,1442,16808,74,16826,16827,16828,19881,19882,19883,19884,17379,19885,19886,19887,16997,18446,19888,19012,19889,5030,1254,19621,19746,1249,19890,19891,19892,17378,17178,17195,17213,17380,17381,17264,173,17277,17293,17382,17383,2627,17346,17357,17367,76,17384,17385,17386,19893,19894,19895,19896,19897,19898,19899,19900,19901,19902,17590,19903,19013,5031,19496,19622,1294,1291,19904,19905,19906,17714,19907,19908,19909,19910,19911,19912,19913,18448,19914,19915,19916,19917,5032,19497,19918,19919,1316,19920,19921,1315,18249,18027,18044,18250,18251,18252,18119,236,18135,18152,18253,18181,18254,3531,18216,18227,18238,79,18255,1483,18256,402,403,404,405,254,271,290,406,323,407,355,368,379,390,0,408,409,410,13888,18281,18447,18315,18331,18345,18449,18376,18450,3992,18415,18425,18434,80,18451,18452,18453,18649,13692,18650,12919,18651,18652,18532,18551,18653,18582,18654,4260,18620,18628,1456,81,18655,18656,18657,19922,18695,19923,19924,19925,19926,19927,19015,19928,1383,19498,19624,19748,1379,19929,19930,19931,19011,18899,18916,19014,18946,14177,18960,15555,4676,18982,18992,19001,83,19016,19017,19018,19932,19933,19934,19935,19108,19936,19937,13008,19938,19939,19940,5035,19499,1415,19749,1413,19941,19942,19943,5011,5028,5029,5033,17,5034,5036,5037,5038,85,5039,5040,5041,19403,1190,19433,19447,5308,19463,19474,19483,19492,86,19500,19501,19502,19620,19542,19558,19623,19585,1364,19609,87,19625,19626,19627,19745,19667,1231,19747,19710,19723,19734,88,19750,19751,19752,71,75,77,78,82,84,89,91,92,19944,19945,19946,19947,19948,19949,19950,19951,19952,858,19953,19954,19955,19956,19957,19958,19959,19960,19961,1337,19962,19963,19964
89,1462,856,1193,1212,1232,1463,1272,1464,1465,1334,21,1350,1366,1466,1396,1467,1426,359,1447,1458,1468,3,1469,1470,19765,19766,19767,16527,19768,19769,19770,19771,8466,19772,18436,19773,19774,19775,19776,19370,5184,19777,19778,19779,1174,19780,1172,11890,11319,11654,11671,11689,11891,11728,11892,11893,67,11783,11799,11894,11828,11895,11856,1097,11875,11886,11896,50,1480,11897,16258,16013,16032,16051,16259,16090,16260,16261,16151,16166,14126,16262,16196,16263,16224,1430,16244,16254,16264,72,16265,16266,16304,16323,16340,16528,16379,16529,16530,16435,110,6827,16531,16465,16532,16495,1744,16515,16524,16533,73,16534,16535,16811,16591,16611,16812,16650,16813,16814,16708,131,16721,16815,16752,16816,16782,2055,16799,1453,16817,74,16818,16819,19781,19782,19783,19784,17370,19785,19786,19787,16998,18437,19788,19004,19789,1253,5187,19613,19738,19790,1250,19791,19792,17369,17177,17194,17212,17371,17372,17263,172,17276,17292,17373,17374,17335,2640,17356,17366,17375,76,17376,17377,19793,19794,19795,19796,19797,19798,19799,19800,19801,19802,17591,19803,19005,19371,5188,1293,19739,19804,1292,19805,19806,17715,19807,19808,19809,19810,19811,19812,19813,18439,19814,19815,19816,19817,19372,5189,19818,19819,19820,1317,1314,19821,18241,18026,18043,18242,18243,18244,18118,235,18134,18151,18245,18180,18246,18207,3542,18226,18237,18247,79,18248,1490,393,394,395,396,253,270,289,397,322,398,354,367,378,389,399,0,400,401,13887,18280,18438,18314,18330,18344,18440,18375,18441,18404,4005,18424,18433,18442,80,18443,18444,18640,13691,18641,12918,18642,18643,18531,18550,18644,18581,18645,18611,4271,1445,18637,18646,81,18647,18648,19822,18694,19823,19824,19825,19826,19827,19007,19828,19373,1382,19615,19741,19829,1378,19830,19831,19003,18898,18915,19006,18945,14176,18959,15465,18971,4689,18991,19000,19008,83,19009,19010,19832,19833,19834,19835,19107,19836,19837,13000,19838,19839,19840,19374,5192,19616,1414,19841,1412,19842,19843,19278,1189,19308,19322,5143,19338,19349,19358,19367,19375,85,19376,19377,5168,5185,5186,5190,18,5191,5193,5194,5195,5196,86,5197,5198,19612,19541,1230,19614,19584,19598,19608,19617,87,19618,19619,19737,19666,19683,19740,19709,1365,19733,19742,88,19743,19744,19844,19845,19846,19847,19848,19849,19850,19851,19852,71,75,77,78,82,84,90,91,92,19853,19854,19855,1336,19856,19857,19858,859,19859,19860,19861,19862,19863,19864
92,1175,1487,1196,1215,1235,1256,1488,1489,1317,1490,24,1353,1369,1385,1491,1492,1428,1439,1450,1461,1470,1479,3,1493,15729,15971,15767,15784,15801,15818,15972,15973,10878,7057,6752,6733,15872,15974,15975,15918,15930,15940,15950,15957,1471,71,15976,20045,20046,16283,20047,20048,20049,20050,20051,11769,418,20052,20053,20054,20055,20056,14938,20057,19634,19759,859,19959,857,20058,15995,16016,16035,16054,16075,16284,16285,16135,16286,16169,14129,16185,16287,16288,16226,16237,16247,16257,16266,16275,72,16289,16552,16326,16343,16363,16553,16554,16420,16555,113,6830,16453,16556,16557,16497,16508,1441,16526,16535,16544,73,16558,16576,16836,16614,16635,16837,16838,16694,16839,134,16724,16740,16840,16841,1420,16792,16801,16810,16819,16828,74,16842,17139,16881,16898,16918,17140,17141,16970,17142,17004,17019,17037,17143,17144,17081,17093,17104,17115,17123,17131,75,17145,20059,20060,20061,20062,20063,20064,20065,419,17274,20066,18867,20067,19385,19510,19635,1275,19859,19960,1270,20068,20069,20070,20071,20072,20073,20074,20075,20076,20077,20078,17588,18868,20079,19386,1296,19636,19760,20080,20081,1289,20082,17987,17732,17749,17988,17989,17805,17990,17841,17856,17874,17890,17991,17992,17933,17945,17955,17965,1465,17979,78,17993,18009,20083,20084,20085,20086,20087,20088,421,20089,20090,20091,20092,20093,20094,20095,19637,19761,19861,1337,1334,20096,47,155,420,217,256,273,292,309,422,423,357,370,381,392,401,410,0,424,18461,18462,18463,18464,18333,18347,18362,18465,18466,18406,18417,18426,1455,18444,18453,80,18467,6866,18665,18482,18666,18667,18516,18668,18553,18569,18669,18670,18612,1433,18630,18639,18648,18657,81,18671,18866,18701,18718,18869,18751,6897,18767,18870,18871,18808,18820,18831,18842,18850,18858,82,18872,20097,18897,20098,20099,20100,20101,20102,20103,19388,19512,1399,19762,19862,19962,1395,20104,20105,20106,20107,20108,19106,20109,20110,20111,20112,20113,20114,1417,19513,19638,19763,20115,20116,1411,20117,19384,19294,19309,19387,5145,1362,19351,19360,19369,19377,5041,85,19389,19509,19419,1229,19511,5310,19464,19476,19485,19494,5198,19502,86,19514,19531,19543,19560,19576,1348,19600,19611,19619,19627,87,19639,19656,1211,19685,19701,19711,19725,19736,19744,19752,88,19764,1172,19792,19860,19821,19831,19863,19852,89,19864,19880,19892,19961,1315,19931,19963,19952,90,19964,50,76,77,79,83,84,91,20118,20119,20120,20121,20122,20123,20124
91,1174,1480,1195,1214,1234,1255,1481,1482,1316,1483,23,1352,1368,1384,1484,1485,1427,1438,1449,1460,1469,1478,1486,3,15728,15965,15766,15783,15800,15817,15966,15967,10797,7056,6751,6732,15871,15968,15969,15917,15929,15939,15949,1462,15964,15970,71,19965,19966,16276,19967,19968,19969,19970,19971,11768,411,19972,19973,19974,19975,19976,19977,15057,19628,19753,19853,858,19978,856,15994,16015,16034,16053,16074,16277,16278,16134,16279,16168,14128,16184,16280,16281,16225,16236,16246,16256,16265,16274,16282,72,16545,16325,16342,16362,16546,16547,16419,16548,112,6829,16452,16549,16550,16496,16507,16517,1452,16534,16543,16551,73,16575,16829,16613,16634,16830,16831,16693,16832,133,16723,16739,16833,16834,16783,1431,16800,16809,16818,16827,16835,74,17132,16880,16897,16917,17133,17134,16969,17135,17003,17018,17036,17136,17137,17080,17092,17103,17114,17122,17130,17138,75,19979,19980,19981,19982,19983,19984,19985,412,17275,19986,18860,19987,19379,19504,1274,19754,19854,19953,19988,1271,19989,19990,19991,19992,19993,19994,19995,19996,19997,19998,17589,18861,19999,1295,19505,19629,19755,20000,20001,20002,1290,17980,17731,17748,17981,17982,17804,17983,17840,17855,17873,17889,17984,17985,17932,17944,17954,17964,17972,1474,17986,78,18010,20003,20004,20005,20006,20007,20008,414,20009,20010,20011,20012,20013,20014,20015,19630,19756,1336,19955,20016,1335,46,154,413,216,255,272,291,308,415,416,356,369,380,391,400,409,417,0,18454,18455,18456,18457,18332,18346,18361,18458,18459,18405,18416,1444,18435,18443,18452,18460,80,6865,18658,18481,18659,18660,18515,18661,18552,18568,18662,18663,1422,18621,18629,18638,18647,18656,18664,81,18859,18700,18717,18862,18750,6896,18766,18863,18864,18807,18819,18830,18841,18849,18857,18865,82,20017,18896,20018,20019,20020,20021,20022,20023,19381,19507,19631,1398,19856,19956,20024,1394,20025,20026,20027,20028,19105,20029,20030,20031,20032,20033,20034,19382,1416,19632,19757,20035,20036,20037,1410,19378,19293,1228,19380,5144,19339,19350,19359,19368,19376,5040,19383,85,19503,19418,19434,19506,5309,1363,19475,19484,19493,5197,19501,19508,86,19530,1210,19559,19575,19586,19599,19610,19618,19626,19633,87,19655,19668,19684,19700,1349,19724,19735,19743,19751,19758,88,19780,19791,19855,1314,19830,19857,19851,19858,89,1173,19891,19954,19921,19930,19957,19951,19958,90,20038,20039,20040,20041,20042,20043,20044,50,76,77,79,83,84,92
219,3306,1199,1319,3324,3325,3326,3327,3328,3329,3330,1539,10,1637,3331,1699,3332,3333,3334,3335,3336,3337,3338,3339,3340,42946,39533,18001,42966,17999,42967,42968,29965,42969,16695,218,42970,42971,42972,42973,42974,42975,42976,42977,42978,42979,42980,42981,16327,16328,16019,16310,16329,16330,16331,16332,198,95,74,73,16333,16334,16335,16336,16337,16338,16339,16340,16341,16342,16343,17995,16137,18013,18014,18015,18016,18017,18018,18019,79,100,18020,16456,18021,18022,18023,18024,18025,18026,18027,18028,18029,39423,43194,43195,43196,43197,43198,43199,43200,20792,20416,43201,43202,43203,43204,43205,43206,43207,43208,43209,43210,43211,43212,43213,43214,43215,43216,43217,43218,43219,16696,220,43220,43221,43222,43223,43224,43225,43226,43227,43228,43229,43230,39480,43231,43232,43233,43234,43235,43236,43237,30157,221,43238,22895,43239,43240,43241,43242,43243,43244,43245,43246,43247,43248,43249,43250,43251,43252,43253,43254,20740,33432,43255,43256,43257,43258,43259,43260,43261,43262,43263,43264,43265,43266,43267,43268,43269,43270,43271,43272,43273,43274,33400,43275,43276,22896,43277,43278,43279,43280,43281,43282,43283,43284,39183,18083,43285,43286,43287,43288,43289,43290,223,18088,43291,43292,43293,43294,43295,43296,43297,43298,43299,43300,43301,43302,43303,18103,43304,43305,43306,43307,20796,18110,43308,43309,22898,43310,43311,43312,43313,43314,43315,43316,43317,43318,20791,20793,20794,20795,20797,225,20798,20799,20800,20801,20802,20803,20804,20805,20806,20807,20808,20809,0,162,222,224,226,227,228,229,230,231,232,233,234,235,236,237,238,22135,101,22136,20743,21656,22137,22121,22138,22139,22140,22141,22142,22143,22144,22145,22146,22147,22148,22149,39551,43319,43320,43321,43322,43068,43323,22900,43111,43324,43325,43326,43327,43328,43329,43330,43331,22893,22883,22894,22897,22899,104,22901,20856,22902,22903,22904,22905,22906,22907,22908,22909,43332,43333,43334,43335,43336,34176,43337,20745,33365,43338,43339,43340,43341,43342,43343,43344,43345,43346,43347,39614,43348,43349,43350,43351,43352,43353,43354,43355,43356,43357,43358,43359,39603,43360,43361,43362,43363,43364,43365,43366,43367,43368,43369,43370,43371,43372,43373,43374,43375,3562,43376,43377,43378,43379,43380,3554,43381,43382,43383,43384,3574,43385,43386,43387,43388,3565,43389,43390,43391,43392,43393,43394,43395,43396,43397,5903,43398,43399,43400,43401,43402,43403,43404,5822,43405,39625,43406,43407,43408,43409,43410,43411,39633,43412,43413,43414,43415,43416,43417
311,4553,2010,1387,4568,4569,2311,3959,3202,4570,4226,3737,15,4571,4445,1698,688,4572,4573,4574,4575,4576,4577,4578,4579,58036,58085,18881,58086,18879,8349,50094,29499,58087,26285,310,58088,35605,58089,58090,58091,58092,58093,58094,58095,58096,58097,58098,26866,24821,16742,26881,26882,25118,26574,25992,14509,14481,125,11820,26760,20840,24273,26883,26884,26885,26886,26887,26888,26889,26890,18876,16187,18891,18892,17038,18364,17891,18893,18571,83,14166,18768,16455,15874,18894,18895,18896,18897,18898,18899,18900,18901,58259,58260,58261,30661,51060,58262,58263,58264,48340,58164,56895,58265,58266,58267,58268,58269,58270,58271,58272,58273,58274,58275,58276,58277,30690,50293,58278,48351,44764,26286,312,56907,58279,58280,58281,58282,58283,58284,58285,58286,58287,58288,28760,28519,30662,29019,30322,29702,30663,30558,30142,146,30664,21114,7760,30665,30666,30667,30668,30669,30670,30671,30672,50967,50982,50983,50492,41257,50984,50672,47828,264,50985,50863,9084,50986,50987,50988,50989,50990,50991,50992,50993,38135,39785,39552,41779,41780,40544,41781,41486,41077,208,38276,41699,21934,41782,41783,41784,41785,41786,41787,41788,41789,58289,18920,58290,51074,58291,58292,58293,48385,313,18923,56897,58294,30751,58295,58296,58297,58298,58299,58300,58301,58302,45467,54296,18171,52799,53485,54297,53978,45486,283,54298,54177,22587,52335,54299,54300,54301,54302,54303,54304,54305,54306,48325,46987,47430,48341,47649,247,48342,48217,22384,46789,48343,48344,48345,48346,48347,48348,48349,48350,61,0,188,229,314,315,300,316,317,318,319,320,321,322,323,324,325,48324,13713,8352,49672,58303,58304,58305,58306,56955,58307,58308,58309,58310,58311,58312,58313,58314,58315,58316,55988,55771,56896,56599,56396,56898,56811,22782,9560,56899,56900,56901,56902,56903,56904,56905,56906,22867,22882,22883,22884,104,12096,20557,7181,22885,22886,22887,22888,22889,22890,22891,22892,9660,7483,6899,9675,9676,9677,9343,8864,38,9678,6208,9679,9680,9681,9682,9683,9684,9685,9686,58317,58318,58319,58320,58321,58322,58323,58324,58325,58326,58327,58328,58329,58330,58331,58332,58333,58334,58335,58336,58337,58338,58339,58340,58341,58342,58343,58344,58345,58346,415,58347,58348,58349,58350,58351,4702,58352,58353,58354,58355,422,58356,58357,58358,58359,4712,58360,58361,58362,58363,58364,58365,58366,58367,58368,58369,58370,58371,58372,58373,58374,58375,58376,58377,58378,58379,51126,58380,58381,58382,58383,58384,58385,51116,58386,58387,58388,58389,58390
329,1563,4805,4789,4806,4807,1622,4808,1620,4809,4810,4811,16,4812,1717,1700,4813,4814,4815,4816,4817,4818,4819,4820,4821,21129,21130,21131,20498,21132,21005,21023,96,21133,21134,326,21135,105,21120,21136,21137,21138,21139,21140,21141,21142,21143,21144,61059,61060,60861,61061,61062,17751,61063,61064,60662,60627,17314,17313,61065,21800,61066,61067,61068,61069,61070,61071,61072,61073,61074,60829,60845,60862,60863,60864,60865,54178,60866,60867,328,60390,18719,22910,60868,60869,60870,60871,60872,60873,60874,60875,60876,61075,61076,61077,21949,61078,54163,61079,61080,61081,60475,23103,61082,61083,61084,61085,61086,61087,61088,61089,61090,61091,61092,61093,61094,30908,61095,54192,50878,48412,61096,330,23101,61097,61098,61099,61100,61101,61102,61103,61104,61105,61106,21947,21948,21950,21056,21835,99,21951,21952,21953,147,21954,21116,21955,21956,21957,21958,21959,21960,21961,21962,21963,61107,61108,61109,61110,21407,61111,61112,61113,34442,61114,23132,61115,61116,61117,61118,61119,61120,61121,61122,61123,103,21919,21920,20496,21921,21853,21872,21922,21923,207,282,21924,21925,21926,21927,21928,21929,21930,21931,21932,21933,61124,60911,61125,61126,61127,61128,61129,61130,331,30976,23133,61131,30990,61132,61133,61134,61135,61136,61137,61138,61139,61140,61141,60929,61142,61143,61144,61145,61146,34460,61147,61148,22913,61149,61150,61151,61152,61153,61154,61155,61156,61157,60445,46893,53006,61158,61159,333,61160,61161,22914,61162,61163,61164,61165,61166,61167,61168,61169,61170,327,167,0,332,334,335,301,317,336,337,338,339,340,341,342,343,344,57124,60631,30845,61171,53252,61172,61173,61174,57126,61175,61176,61177,61178,61179,61180,61181,61182,61183,61184,23129,23130,23131,23134,23135,23136,9914,22784,23137,23138,23139,23140,23141,23142,23143,23144,23145,104,22884,22911,22912,22915,22916,22917,22918,22919,22920,22921,22922,22923,22924,22925,22926,61185,61186,61187,61188,61189,57141,61190,61191,30847,61192,61193,61194,61195,61196,61197,61198,61199,61200,61201,61202,61203,61204,61205,61206,61207,61208,61209,61210,61211,61212,5847,61213,61214,61215,61216,61217,61218,61219,61220,61221,61222,61223,61224,61225,5928,61226,61227,61228,61229,4969,61230,61231,61232,61233,61234,4962,61235,61236,61237,61238,4980,61239,61240,61241,61242,4972,61243,61244,61245,54241,61246,61247,61248,61249,61250,61251,61252,61253,54230,61254,61255,61256,61257,61258,61259,61260,61261,54219,61262,61263,61264,61265,61266,61267,54208,61268,61269,61270,61271
51,797,860,841,861,862,863,864,865,866,478,867,2,868,869,870,871,872,873,874,875,876,877,878,879,10923,10986,10967,10987,10988,10989,10990,10991,6836,10992,48,10993,10994,10995,10996,10997,10998,10999,11000,11001,11002,11003,11004,11918,11919,11658,11920,11921,11922,11923,11924,11425,11325,11305,11304,11925,11926,11927,11928,11929,11930,11931,11932,11933,11934,11935,11623,11641,11659,93,11660,11661,11662,11663,6814,50,10972,11664,11665,11666,11667,11668,11669,11670,11671,11672,11673,11674,11936,11937,9271,11938,11939,11940,11941,6702,11942,11124,11943,11944,11945,11946,11947,11948,11949,11950,11951,11952,11953,11954,11955,11956,11957,11958,11959,11960,101,11961,52,11962,11963,11964,11965,11966,11967,11968,11969,11970,11971,11972,11973,11974,11975,11976,11977,11978,11979,6779,11980,53,11981,11982,11983,11984,11985,11986,11987,11988,11989,11990,11991,11992,11993,11994,11995,11996,11997,6815,11998,11999,12000,12001,12002,12003,12004,12005,12006,12007,12008,12009,12010,12011,12012,12013,12014,12015,12016,12017,12018,12019,12020,12021,12022,12023,12024,12025,12026,12027,12028,12029,12030,12031,12032,11753,12033,12034,12035,12036,6366,12037,56,11758,12038,12039,12040,12041,12042,12043,12044,12045,12046,12047,12048,27,6721,73,6759,6816,6817,6818,102,81,6819,6820,6821,6822,6823,6824,6825,6826,6827,6828,6829,6830,11091,12049,12050,12051,12052,57,12053,12054,12055,12056,12057,12058,12059,12060,12061,12062,12063,12064,49,54,55,0,58,59,60,61,62,63,64,65,66,67,68,69,70,11107,11330,11034,12065,12066,12067,12068,12069,12070,12071,12072,12073,12074,12075,12076,12077,12078,12079,12080,12081,12082,12083,6901,12084,11127,12085,12086,11173,12087,12088,12089,12090,12091,12092,12093,12094,12095,12096,104,12097,12098,11333,12099,12100,12101,12102,12103,12104,12105,12106,12107,12108,12109,12110,12111,12112,12113,12114,12115,12116,11036,12117,12118,12119,12120,12121,12122,12123,12124,12125,12126,12127,12128,12129,6955,12130,12131,12132,12133,12134,12135,12136,12137,12138,12139,12140,12141,6966,12142,12143,12144,12145,12146,12147,12148,12149,12150,12151,12152,12153,12154,1116,12155,12156,12157,12158,12159,1108,12160,12161,12162,12163,1128,12164,12165,12166,12167,1119,12168,12169,12170,12171,12172,12173,12174,12175,5785,12176,12177,12178,12179,12180,12181,12182,12183,12184,5866,12185,12186,12187,6985,12188,12189,12190,12191,12192,12193,6977,12194,12195,12196
94,494,1512,1198,1513,1514,1515,1516,1517,1518,1519,1520,4,656,1521,1522,1523,1524,1525,1526,1527,1528,1529,1530,1531,6014,7022,6717,7023,114,7024,7025,7026,7027,7028,28,6176,7029,7030,7031,7032,7033,7034,7035,7036,7037,7038,7039,20372,20373,16308,20374,20375,20376,20377,20378,13334,20167,16293,16292,20379,20380,20381,20382,20383,20384,20385,20386,20387,20388,20389,15769,16018,16309,16310,16311,16312,16313,16314,16315,73,6721,16316,16317,16318,16319,16320,16321,16322,16323,16324,16325,16326,20390,20391,20392,20393,20394,20395,20396,20397,20398,7152,20399,20400,20401,20402,20403,20404,20405,20406,20407,20408,20409,20410,20411,20412,20413,20414,20415,199,20416,20417,95,20418,20419,20420,20421,20422,20423,20424,20425,20426,20427,20428,20429,20430,20431,20432,20433,20434,20435,20436,20437,96,7747,20438,20439,20440,20441,20442,20443,20444,20445,20446,20447,20448,20449,20450,20451,20452,20453,20454,20455,20456,20457,20458,20459,20460,20461,20462,20463,20464,20465,20466,20467,20468,20469,20470,20471,20472,20473,20474,20475,20476,20477,20478,20479,20480,20481,20482,20483,20484,20485,20486,20487,20488,20489,16405,20490,20491,20492,20493,20494,20495,99,279,20496,20497,20498,20499,20500,20501,20502,20503,20504,20505,20506,20507,20508,16422,20509,20510,20511,20512,20513,16427,20514,20515,20516,20517,20518,20519,20520,20521,20522,20523,20524,20525,7138,20526,20527,20528,20529,101,9276,20530,20531,20532,20533,20534,20535,20536,20537,20538,20539,20540,93,97,98,100,0,102,103,104,105,106,107,108,109,110,111,112,113,36,9271,7066,9272,9273,9274,9275,9277,9278,9279,9280,9281,9282,9283,9284,9285,9286,9287,9288,20541,20542,20543,20544,20545,7155,20546,20547,7198,20548,20549,20550,20551,20552,20553,20554,20555,20556,20557,20558,20559,20560,20172,20561,20562,20563,20564,20565,20566,20567,20568,20569,20570,20571,20572,20573,20574,9927,9911,20575,20576,7068,20577,20578,20579,20580,20581,20582,20583,20584,20585,20586,20587,20588,20589,20590,20591,10193,20592,20593,20594,20595,20596,20597,20598,20599,20600,20601,20602,20603,10331,20604,20605,20606,20607,20608,20609,20610,20611,20612,20613,20614,1764,20615,20616,20617,20618,20619,1757,20620,20621,20622,20623,1773,20624,20625,20626,20627,1766,20628,20629,20630,20631,20632,20633,20634,20635,20636,20637,20638,20639,20640,20641,20642,20643,20644,20645,20646,20647,20648,20649,20650,20651,20652,20653,20654,20655,20656,20657,20658,20659,20660
95,1532,1533,1199,1514,1534,1535,1536,1537,1538,1539,1540,5,4,1541,1542,1543,1544,1545,1546,1547,1548,1549,1550,1551,20661,20662,15769,20410,16565,20431,20663,20664,20665,20666,114,7023,20667,20668,20669,20670,20671,20672,20673,20674,20675,20676,20677,20678,20679,16328,16308,20680,20681,16366,20682,20683,16293,16579,16017,20684,20685,20686,20687,20688,20689,20690,20691,20692,20693,20694,16327,16019,16310,16329,16330,16331,16332,198,219,74,73,16333,16334,16335,16336,16337,16338,16339,16340,16341,16342,16343,20411,20392,20412,20413,20414,20415,199,20416,20417,94,20418,20419,20420,20421,20422,20423,20424,20425,20426,20427,20428,20695,20696,20697,20698,20699,20700,20701,20702,20703,116,20704,20705,20706,20707,20708,20709,20710,20711,20712,20713,20714,20715,20716,20717,20718,20719,20720,20721,20722,20723,117,141,20724,20725,20726,20727,20728,20729,20730,20731,20732,20733,20734,20735,20736,20737,20738,20739,20740,20741,20742,20743,20744,20745,20746,20747,20748,20749,20750,20751,20752,20753,20754,20755,20756,20757,20758,20759,20760,20761,20762,20763,20764,20765,20766,20767,20768,20769,20770,20771,20772,20773,20774,20775,16677,20776,20777,20778,20779,20780,242,120,205,295,20781,20782,20783,20784,20785,20786,20787,20788,20789,20790,20791,20792,16696,20793,20794,20795,20796,20797,225,20798,20799,20800,20801,20802,20803,20804,20805,20806,20807,20808,20809,7028,20810,20811,20812,12335,122,101,20813,20270,20814,20815,20816,20817,20818,20819,20820,20821,20822,115,118,119,121,123,0,124,125,126,127,128,129,130,131,132,133,134,28,93,96,97,98,99,100,102,103,104,105,106,107,108,109,110,111,112,113,20823,20824,20825,20826,20827,7029,20828,20829,20830,20831,20832,20833,20834,20835,20836,20837,20838,20839,20840,20841,20842,20843,16298,20844,20845,20846,20847,20848,20849,20850,20851,20852,20853,20854,20855,20856,20857,20858,20859,20860,20861,20862,20863,20864,20865,20866,20867,20868,20869,20870,20871,20872,20873,20874,20875,20876,20877,1741,20878,20879,20880,20881,20882,20883,1732,20884,20885,20886,20887,20888,1755,20889,20890,20891,20892,20893,1745,20894,20895,20896,20897,20898,2072,1762,20899,20900,1758,20901,2066,20902,20903,20904,20905,2082,1772,20906,1767,20907,2075,20908,20909,20910,20911,20912,20913,20914,20915,20916,20917,20918,20919,20920,20921,20922,20923,20924,20925,20926,20927,20928,20929,20930,20931,20932,20933,20934,20935,20936,20937,20938,20939,20940
96,496,1552,1553,1515,1554,1555,1556,1557,1558,1559,1560,6,1561,4,1562,1563,1564,1565,1566,1567,1568,1569,1570,1571,6016,7058,7059,7024,7060,7061,7062,7063,7064,7065,30,7066,28,7067,7068,7069,7070,7071,7072,7073,7074,7075,7076,20941,20942,20943,20944,20945,20946,20947,20203,13337,20948,20949,20950,16476,20207,20951,20952,20953,20954,20955,20956,20957,20958,20959,20960,20961,20430,20962,20963,20964,20965,20966,20967,136,7611,16443,20968,20969,20970,20971,20972,20973,20974,20975,20976,20977,20429,20393,20431,20432,20433,20434,20435,20436,20437,7747,94,20438,20439,20440,20441,20442,20443,20444,20445,20446,20447,20978,20979,20980,20981,20982,20983,117,20984,20985,137,114,20986,20862,20987,20988,20989,20990,20991,20992,20993,20994,20995,20996,20997,20998,20999,7103,21000,21001,21002,138,21003,21004,21005,21006,21007,21008,21009,21010,21011,21012,21013,21014,21015,21016,21017,7082,21018,21019,21020,21021,21022,97,21023,21024,21025,21026,21027,21028,21029,21030,21031,179,20206,21032,7026,21033,21034,21035,21036,21037,182,21038,98,21039,21040,21041,21042,21043,21044,21045,21046,21047,21048,21049,20413,21050,20477,21051,21052,21053,141,21054,99,21055,21056,21057,21058,21059,21060,21061,21062,21063,21064,21065,21066,21067,21068,21069,21070,21071,21072,21073,21074,16391,21075,21076,21077,21078,21079,21080,21081,21082,21083,21084,7718,21085,20205,20723,21086,143,21087,16352,21088,21089,21090,21091,21092,21093,21094,21095,21096,21097,135,139,140,142,144,145,0,146,147,148,149,150,151,152,153,154,155,276,21098,7650,21099,21100,21101,21102,21103,279,21104,21105,21106,21107,21108,21109,21110,21111,21112,21113,93,73,95,100,101,102,103,104,105,106,107,108,109,110,111,112,113,7107,21114,21115,21116,21117,21118,21119,21120,21121,21122,21123,21124,21125,21126,21127,21128,21129,21130,21131,20498,21132,329,21133,21134,326,21135,21136,21137,21138,21139,21140,21141,21142,21143,21144,21145,21146,21147,21148,21149,21150,21151,21152,21153,21154,1784,21155,21156,21157,21158,21159,21160,21161,21162,21163,21164,21165,1775,21166,21167,21168,21169,21170,21171,21172,2377,21173,21174,21175,21176,21177,2369,21178,21179,21180,21181,2389,21182,21183,21184,21185,2380,21186,21187,21188,21189,21190,1739,21191,21192,21193,21194,21195,21196,21197,21198,1753,21199,21200,21201,21202,21203,21204,21205,21206,21207,21208,21209,21210,21211,21212,21213,21214,21215,21216
157,2423,2438,1258,2439,2440,2192,2441,2442,2443,2444,2445,7,2446,2447,1701,2448,2449,2450,2451,2452,2453,2454,2455,2456,31923,31974,17154,31975,17152,29128,31976,7882,31977,12274,156,31978,8046,22960,31979,31980,31981,31982,31983,31984,31985,31986,31987,32157,32158,17164,32159,32160,32161,32162,32163,12858,12789,11716,11715,32164,22927,32165,32166,32167,32168,32169,32170,32171,32172,32173,17149,16077,17165,17166,16920,17167,17168,17169,17170,76,12793,17171,16458,17172,17173,17174,17175,17176,17177,17178,17179,17180,32174,32175,32176,29144,32177,32178,32179,32180,32181,32059,32182,22945,32183,32184,32185,32186,32187,32188,32189,32190,32191,32192,32193,32194,29197,32195,32196,32197,25251,12275,158,32198,20272,32199,32200,32201,32202,32203,32204,32205,32206,32207,29143,28416,29145,28917,29146,29147,29148,29149,29150,139,29151,21117,29152,29153,29154,29155,29156,29157,29158,29159,29160,32208,32209,32210,32211,32212,32213,32214,32215,32216,32217,32218,32219,32220,32221,32222,32223,32224,32225,32226,32227,32228,32229,32230,32231,32232,32233,32234,32235,32236,29199,32237,32238,22928,32239,32240,32241,32242,32243,32244,32245,32246,32247,17234,32248,32249,32250,32251,32252,32253,161,17239,32254,21712,29275,32255,32256,32257,32258,32259,32260,32261,32262,32263,32264,17252,32265,32266,32267,32268,32269,17256,32270,32271,22929,32272,32273,32274,32275,32276,32277,32278,32279,32280,32028,32281,32282,32283,32284,163,32285,32286,22386,32287,32288,32289,32290,32291,32292,32293,32294,32295,54,159,160,162,164,165,166,0,167,168,169,170,171,172,173,174,175,32044,12794,29133,32296,32297,32298,32299,32300,32301,22187,32302,32303,32304,32305,32306,32307,32308,32309,32310,32311,32312,32313,32314,32315,32062,32316,22785,32075,32317,32318,32319,32320,32321,32322,32323,32324,22871,104,22899,22915,22930,12098,22931,22932,22933,22934,22935,22936,22937,22938,22939,22940,32325,32326,32327,32328,32329,32330,32331,32332,29134,32333,32334,32335,32336,32337,32338,32339,32340,32341,32342,32343,32344,32345,32346,32347,32348,32349,32350,32351,32352,32353,32354,32355,32356,32357,32358,32359,32360,32361,32362,32363,32364,32365,32366,32367,32368,32369,32370,32371,32372,2661,32373,32374,32375,32376,32377,2653,32378,32379,32380,32381,2671,32382,32383,32384,32385,2663,32386,32387,32388,32389,32390,32391,32392,32393,32394,32395,32396,32397,32398,32399,32400,32401,32402,32403,32404,32405,32406,32407,32408,23001,32409,32410,32411,32412,32413,32414,23011,32415,32416
179,2705,2761,2746,2762,2763,498,2764,2765,1557,2766,2767,8,2768,1592,1697,502,2769,2770,2771,2772,2773,2774,2775,2776,35390,35452,35433,35453,29386,7097,35454,29399,35455,35456,176,35457,21497,35458,35459,35460,35461,35462,35463,35464,35465,35466,35467,36204,36205,36020,36206,36207,36208,36209,36210,35819,35750,32918,35733,36211,22865,36212,36213,36214,36215,36216,36217,36218,36219,36220,35988,36005,36021,36022,36023,36024,36025,36026,36027,178,35438,18675,22866,26764,36028,36029,36030,36031,36032,36033,36034,36035,36221,36222,36223,7100,36224,36225,7026,36226,36227,35575,21500,36228,26749,36229,36230,36231,36232,36233,36234,36235,36236,36237,36238,36239,29418,36240,36241,36242,36243,36244,180,36245,36246,26779,36247,36248,36249,36250,36251,36252,36253,36254,7098,7099,7101,7063,7081,7102,7103,7104,7105,140,7106,7107,28,7108,7109,7110,7111,7112,7113,7114,7115,36255,36256,36257,36258,36259,36260,36261,36262,33004,36263,21502,7087,36264,36265,36266,36267,36268,36269,36270,36271,36272,36273,36274,36275,36276,36277,36278,36279,36280,29419,36281,21503,22869,36282,36283,36284,36285,36286,36287,36288,36289,20206,21032,21033,7082,21034,21035,21036,21037,182,21038,98,21039,96,21040,21041,21042,21043,21044,21045,21046,21047,36290,36291,17216,7083,36292,36293,36294,36295,17222,36296,36297,7124,36298,36299,36300,36301,36302,36303,36304,36305,36306,35543,36307,36308,36309,36310,184,36311,36312,22870,25398,36313,36314,36315,36316,36317,36318,36319,36320,177,160,181,183,185,186,187,188,0,189,190,191,192,193,194,195,196,35559,35755,8339,36321,36322,36323,36324,36325,21562,36326,25703,36327,36328,36329,36330,36331,36332,36333,36334,21498,21499,21501,21504,21505,21506,21507,21508,7170,21509,21510,21511,21512,21513,21514,21515,21516,22864,22867,22868,104,22871,22872,22873,7171,22874,22875,22876,22877,22878,22879,22880,22881,6022,7166,7167,7029,124,103,7168,7169,37,6179,6226,7172,7173,7174,7175,7176,7177,7178,7179,36335,36336,36337,36338,36339,36340,36341,36342,36343,36344,36345,36346,5892,36347,36348,36349,36350,36351,36352,36353,36354,36355,36356,36357,5811,36358,36359,36360,36361,36362,2964,36363,36364,36365,36366,36367,2957,36368,36369,36370,36371,2975,36372,36373,36374,36375,2967,36376,36377,36378,36379,36380,36381,26816,36382,36383,36384,36385,36386,36387,36388,36389,26827,36390,36391,36392,36393,36394,36395,36396,36397,26794,36398,36399,36400,36401,36402,36403,26805,36404
107,506,1743,1744,1525,1745,1565,1585,1606,1624,1746,1747,18,1748,1690,1705,1723,4,1749,1750,1751,1752,1753,1754,1755,6026,7225,7226,7033,7227,7070,7090,7109,7228,7229,41,7230,7173,7188,7206,28,7231,1756,7232,7233,7234,7235,7236,23430,23431,23432,23433,23434,23435,21434,23436,13344,23437,23438,23439,23440,22984,23441,1506,23442,23443,1505,23444,23445,23446,23447,23448,23449,20600,23450,23451,21435,23452,23453,23454,359,10272,16450,22985,23455,1212,23456,23457,23458,23459,1209,23460,23461,20599,20403,20601,20441,20461,20482,20500,20602,20603,10331,20549,20564,20580,94,20604,20605,20606,20607,20608,20609,20610,23462,23463,23464,23465,23466,23467,23468,23469,23470,360,23471,23472,20871,1550,23473,23474,23475,23476,23477,23478,1545,21157,21158,21159,21007,21025,21041,21058,21160,21161,149,21162,21122,21138,96,21163,21164,21165,1775,21166,21167,21168,21228,21247,21436,21283,21300,21319,21437,21438,21364,21439,21396,21414,97,21440,21441,21442,21443,21444,21445,21446,21510,21735,21736,21564,21737,21605,21623,21738,21739,21672,21740,21702,21716,98,21741,21742,21743,21744,21745,1794,21746,21976,21977,21978,21837,21856,21876,21979,21980,211,21981,21927,21940,21957,99,21982,21983,1768,21984,21985,21986,21987,22041,23479,23480,23481,23482,23483,23484,23485,23486,23487,23488,22987,23489,1645,23490,1643,23491,23492,23493,23494,23495,10319,22299,23496,23497,23498,362,23499,23500,22988,23501,1663,23502,23503,23504,1659,23505,23506,23507,358,169,190,361,267,363,303,319,338,0,364,365,366,367,368,369,370,9133,23508,7807,23509,22516,23510,23511,23512,23513,23514,23515,1681,23516,23517,23518,23519,23520,1675,23521,22807,22808,22809,22810,22811,10334,22775,22789,9920,103,22812,22813,22814,22815,1787,22816,22817,22875,22886,22986,22920,22934,22989,22949,22964,104,22990,22991,22992,22993,22994,22995,22996,23057,23221,23222,23109,23223,23139,23224,23225,7784,23226,23202,105,23227,23228,23229,23230,23231,23232,1804,93,73,95,100,101,102,106,108,109,110,111,112,113,23522,23523,23524,23525,23526,23527,23528,23529,23530,23531,23532,23533,23534,23535,23536,23537,1625,5283,23538,23539,23540,23541,23542,5276,508,23543,23544,23545,5294,23546,23547,23548,23549,5285,23550,23551,23552,23553,23554,1693,23555,23556,23557,23558,23559,1569,23560,23561,23562,23563,23564,23565,23566,23567,23568,23569,23570,23571,1728,23572,23573,23574,1612,23575,23576,23577,23578
106,505,1730,1731,1524,1732,1564,1584,1605,1623,1733,1734,17,1735,1689,1704,1722,1736,4,1737,1738,1739,1740,1741,1742,6025,7213,7214,7032,7215,7069,7089,7108,7216,7217,40,7218,7172,7187,7205,7219,28,7220,1765,7221,7222,7223,7224,23281,23282,23283,23284,23285,23286,21421,23287,13345,23288,23289,23290,23291,22971,23292,23293,1507,1504,23294,23295,23296,23297,23298,23299,23300,20588,23301,23302,21422,23303,23304,23305,346,10134,16451,22972,23306,23307,1213,23308,23309,1208,23310,23311,23312,20587,20402,20589,20440,20460,20481,20499,20590,20591,10193,20548,20563,20579,20592,94,20593,20594,20595,20596,20597,20598,23313,23314,23315,23316,23317,23318,23319,23320,23321,347,23322,23323,20872,23324,1551,23325,23326,23327,23328,1544,23329,21145,21146,21147,21006,21024,21040,21057,21148,21149,148,21150,21121,21137,21151,96,21152,21153,21154,1784,21155,21156,21227,21246,21423,21282,21299,21318,21424,21425,21363,21426,21395,21413,21427,97,21428,21429,21430,21431,21432,21433,21509,21723,21724,21563,21725,21604,21622,21726,21727,21671,21728,21701,21715,21729,98,21730,21731,21732,21733,21734,1801,21964,21965,21966,21836,21855,21875,21967,21968,210,21969,21926,21939,21956,21970,99,1759,21971,21972,21973,21974,21975,22040,23330,23331,23332,23333,23334,23335,23336,23337,23338,23339,22974,23340,23341,1644,23342,1642,23343,23344,23345,23346,10181,22298,23347,23348,23349,349,23350,23351,22975,23352,23353,1662,23354,23355,23356,1658,23357,23358,345,168,189,348,266,350,302,318,337,351,0,352,353,354,355,356,357,9121,23359,7796,23360,22515,23361,23362,23363,23364,23365,23366,23367,1680,23368,23369,23370,23371,23372,1674,22796,22797,22798,22799,22800,10196,22774,22788,9919,22801,103,22802,22803,1778,22804,22805,22806,22874,22885,22973,22919,22933,22976,22948,22963,22977,104,22978,22979,22980,22981,22982,22983,23056,23209,23210,23108,23211,23138,23212,23213,7783,23214,23201,23215,105,23216,23217,23218,23219,1797,23220,23373,23374,23375,23376,23377,23378,23379,23380,23381,23382,23383,23384,23385,93,73,95,100,101,102,107,108,109,110,111,112,113,507,23386,23387,23388,5126,23389,23390,23391,23392,23393,5118,23394,23395,23396,1626,5137,23397,23398,23399,23400,5129,23401,23402,1568,23403,23404,23405,23406,23407,23408,23409,23410,23411,23412,23413,1694,23414,23415,23416,23417,23418,23419,1611,23420,23421,23422,23423,23424,23425,23426,23427,23428,1729,23429
383,5455,5469,1452,5470,5471,2380,5472,5473,5474,5475,3802,20,5476,4510,1710,5477,5129,5285,112,5478,5479,5480,5481,109,67971,68017,19649,68018,19647,31477,68019,29545,68020,49109,382,68021,38763,68022,68023,64733,757,7223,68024,23761,68025,68026,1765,68148,68149,19657,68150,68151,68152,68153,68154,15321,15293,11881,11880,68155,23035,68156,23418,68157,1792,68158,68159,20344,68160,20342,19643,16249,19658,19659,17106,19660,19661,19662,19663,88,15297,18833,16467,19664,19362,19486,1214,19665,19666,19667,19668,1211,68161,68162,68163,31491,68164,68165,68166,68167,49098,68090,57620,68168,68169,64747,66323,20653,23752,68170,68171,68172,1766,68173,68174,68175,31520,68176,68177,49121,44822,49099,384,57632,68178,68179,68180,23544,20916,68181,68182,2075,68183,1767,31490,28584,31492,29087,31493,31494,31495,31496,30207,151,31497,21127,31498,31185,31322,1570,31499,31500,31501,31502,1567,68184,68185,68186,68187,68188,68189,68190,49100,35016,68191,57622,68192,64748,66325,1793,68193,68194,68195,24043,21463,38178,68196,68197,68198,68199,68200,68201,68202,68203,31522,38813,57623,23036,21765,66326,1794,68204,23867,68205,68206,21743,68207,19687,68208,68209,68210,68211,68212,49150,385,19692,57624,68213,31039,3267,66327,21986,68214,68215,23770,68216,1768,46216,68217,18231,68218,68219,68220,68221,46236,18235,68222,68223,23037,68224,68225,23570,1795,68226,22257,68227,68228,22256,49084,47055,49101,49102,47710,252,49103,48282,22395,49104,48810,48934,1664,49105,49106,49107,49108,1661,66,171,192,234,386,387,305,321,340,353,366,0,388,389,390,391,392,49083,13774,31483,68229,68230,68231,68232,68233,57674,68234,68235,23397,68236,22672,68237,4291,68238,68239,1769,57619,55818,57621,57625,56461,57626,56859,22794,57627,57328,57461,1695,57628,57629,57630,57631,1692,22880,22891,22908,22925,22939,12107,23038,23039,22982,22995,1796,23016,23024,23033,23040,104,68240,68241,68242,68243,63114,57186,68244,68245,31485,68246,68247,64750,23251,1797,68248,68249,23965,68250,23217,64746,63799,23717,24019,64295,64749,64610,1741,64751,64752,64753,64754,1738,23984,65391,66324,66328,65887,23747,66202,1754,66329,66330,66331,66332,1751,511,1530,1550,1629,23,1680,1764,1781,1790,1798,4,68251,68252,68253,68254,5552,68255,68256,68257,68258,5543,1770,68259,68260,68261,23733,68262,24039,68263,68264,1771,23693,68265,24008,68266,68267,68268,68269,68270,1772,68271,68272,68273,68274,24029,68275,68276,1507,1587,1608,1645,1707,1725,1773
372,5326,5340,1441,5341,5342,2369,5343,5344,5345,5346,3791,19,5347,4499,1711,5348,5118,5276,5349,113,5350,5351,108,5352,66662,66708,19524,66709,19522,31353,66710,29535,66711,48991,371,66712,38654,66713,66714,747,66238,66715,7236,66716,23667,1756,66717,66839,66840,19532,66841,66842,66843,66844,66845,15196,15168,11870,11869,66846,23041,66847,66848,23573,66849,1799,20334,66850,20332,66851,19518,16239,19533,19534,17095,19535,19536,19537,19538,87,15172,18822,16468,19539,19352,19478,19540,1215,19541,19542,1210,19543,66852,66853,66854,31367,66855,66856,66857,66858,48980,66781,57503,66859,66860,64642,66252,23651,20660,66861,66862,1757,66863,66864,66865,66866,31396,66867,66868,49003,44812,48981,373,57515,66869,66870,23387,66871,66872,20926,2066,66873,1758,66874,31366,28573,31368,29076,31369,31370,31371,31372,30196,150,31373,21128,31374,31175,31314,31375,1571,31376,31377,1566,31378,66875,66876,66877,66878,66879,66880,66881,48982,34908,66882,57505,66883,64644,66253,66884,1800,66885,66886,21453,24119,38169,66887,66888,66889,66890,66891,66892,66893,66894,31398,38704,57506,23042,64645,21756,66895,1801,66896,23969,21730,66897,66898,19562,66899,66900,66901,66902,66903,49032,374,19567,57507,66904,31029,64646,3257,66905,21975,23662,66906,1759,66907,46097,66908,18220,66909,66910,66911,66912,46117,18224,66913,66914,23043,66915,23427,66916,66917,1802,66918,22247,22244,66919,48966,47044,48983,48984,47701,251,48985,48271,22396,48986,48800,48926,48987,1665,48988,48989,1660,48990,65,170,191,233,375,376,304,320,339,352,365,377,0,378,379,380,381,48965,13763,31359,66920,66921,66922,66923,66924,57557,66925,66926,66927,23538,66928,22664,66929,4282,1760,66930,57502,55807,57504,57508,56450,57509,56849,22795,57510,57318,57453,57511,1696,57512,57513,1691,57514,22881,22892,22909,22926,22940,12108,23044,23045,22983,22996,23006,1803,23025,23034,104,23046,66931,66932,66933,66934,63010,57177,66935,66936,31361,66937,66938,23242,66255,66939,1804,23875,66940,23228,66941,24059,63790,64643,64647,64286,23645,64600,64648,1742,64649,64650,1737,64651,66251,65384,23617,24096,65880,66254,66194,66256,1755,66257,66258,1750,66259,66942,66943,66944,66945,5422,66946,66947,66948,66949,1761,5414,512,1531,1551,1630,24,1681,1773,1782,1791,4,1805,23591,66950,24083,66951,66952,66953,66954,1762,66955,66956,66957,66958,23633,66959,24116,66960,1763,66961,1506,1586,1607,1644,1706,1724,1764,66962,66963,66964,66965,24105,66966,66967
111,1783,1509,1213,1529,1549,1784,1589,1785,1786,1647,1663,22,1679,1787,1709,1788,1740,1753,1763,1772,4,1789,1790,1791,23877,23878,19873,20638,19872,23879,23880,23881,7134,23882,402,23883,23884,23885,23886,23410,23559,10415,23887,512,23888,510,23889,20353,20162,16305,20179,20196,20354,20228,20355,15529,11970,11690,11672,20356,20281,20357,20310,20321,20332,20343,93,20358,20359,1799,16536,16033,16324,16341,16537,16380,16538,16539,16436,90,6828,16540,16466,16541,1731,16506,16516,16525,73,16542,16543,16544,20387,20407,20426,20639,20465,20640,20641,20523,20538,9286,20642,20568,20643,20596,20608,20618,20627,94,20644,20645,20646,20918,20692,20712,20919,20751,20920,20921,20807,20820,132,20922,20851,20923,20882,20893,1758,20907,95,20924,20925,20926,23890,23891,23892,23893,21477,23894,23895,23896,21090,403,23897,23027,23898,23411,1569,23668,23769,1564,23899,23900,23901,21476,21251,21268,21287,21478,21479,21339,21355,21368,21386,21480,21481,21431,21444,21455,21465,97,21482,21483,21484,23902,23903,23904,23905,23906,23907,23908,23909,23910,23911,21688,23912,23028,23412,23560,23669,1610,1607,23913,23914,23915,21809,19908,23916,23917,23918,23919,23920,23921,405,19913,23922,23923,23924,23413,23561,23925,23926,1629,23927,23928,1628,22267,22059,18027,22268,22269,22270,22132,22147,18152,22165,22271,22195,22272,22223,22234,22245,22256,100,22273,1795,22274,22463,22464,22465,22466,22349,254,22363,22467,22394,22468,22422,1747,22443,22452,101,22469,22470,22471,68,173,404,236,271,290,406,323,407,355,368,379,390,0,408,409,410,22665,12062,22666,22498,22667,22668,22548,22567,22669,22598,22670,22629,22640,22647,1769,102,22671,22672,22673,23929,22711,23930,23931,23932,23933,23934,23030,23935,1694,23562,23671,23771,1690,23936,23937,23938,23026,22890,22907,23029,22938,12106,22953,23031,22981,22994,23005,23015,104,23032,23033,23034,23939,23940,23941,23942,23124,23943,23944,23945,23946,23947,23948,23414,23563,1727,23772,1725,23949,23950,23951,23296,23310,23328,23344,1658,23371,23383,23392,23400,106,23415,23416,23417,23445,1209,23477,23493,23505,23520,23532,23541,23549,107,23564,23565,23566,23667,23605,23619,23670,5438,1676,23658,108,23672,23673,5351,23768,23706,1547,23770,5568,23749,23759,109,23773,5480,23774,28,96,98,99,103,105,110,112,113,23952,23953,23954,23955,23956,23957,23958,23959,23960,1510,23961,23962,23963,23964,23965,23966,23967,23968,23969,1649,23970,23971,23972
110,1774,1508,1212,1528,1548,1775,1588,1776,1777,1646,1662,21,1678,1778,1708,1779,1739,1752,1762,1771,1780,4,1781,1782,23781,23782,19773,20629,19772,23783,23784,23785,7133,23786,393,23787,23788,23789,23790,23402,23551,23791,10524,23792,511,23793,509,20346,20161,16304,20178,20195,20347,20227,20348,15439,11969,11689,11671,20349,20280,20350,20309,20320,20331,20342,20351,93,1792,20352,16527,16032,16323,16340,16528,16379,16529,16530,16435,89,6827,16531,16465,16532,16495,1744,16515,16524,16533,73,16534,16535,20386,20406,20425,20630,20464,20631,20632,20522,20537,9285,20633,20567,20634,20595,20607,20617,20626,20635,94,20636,20637,20909,20691,20711,20910,20750,20911,20912,20806,20819,131,20913,20850,20914,20881,20892,20900,1767,20915,95,20916,20917,23794,23795,23796,23797,21468,23798,23799,23800,21091,394,23801,23018,23802,1568,23552,23661,23762,23803,1565,23804,23805,21467,21250,21267,21286,21469,21470,21338,21354,21367,21385,21471,21472,21430,21443,21454,21464,21473,97,21474,21475,23806,23807,23808,23809,23810,23811,23812,23813,23814,23815,21689,23816,23019,23403,23553,1609,23763,23817,1608,23818,23819,21810,19808,23820,23821,23822,23823,23824,23825,396,19813,23826,23827,23828,23404,23554,23829,23830,23831,1630,1627,23832,22259,22058,18026,22260,22261,22262,22131,22146,18151,22164,22263,22194,22264,22222,22233,22244,22255,22265,100,22266,1802,22454,22455,22456,22457,22348,253,22362,22458,22393,22459,1734,22433,22442,22451,22460,101,22461,22462,67,172,395,235,270,289,397,322,398,354,367,378,389,399,0,400,401,22656,12061,22657,22497,22658,22659,22547,22566,22660,22597,22661,22628,22639,1760,22654,22662,102,22663,22664,23833,22710,23834,23835,23836,23837,23838,23021,23839,23405,1693,23663,23765,23840,1689,23841,23842,23017,22889,22906,23020,22937,12105,22952,23022,22980,22993,23004,23014,23023,104,23024,23025,23843,23844,23845,23846,23123,23847,23848,23849,23850,23851,23852,23406,23555,23664,1726,23853,1724,23854,23855,23295,1208,23327,23343,23356,23370,23382,23391,23399,23407,106,23408,23409,23444,23459,23476,23492,1659,23519,23531,23540,23548,23556,107,23557,23558,23660,23604,1546,23662,5430,23648,23657,23665,108,23666,5350,23761,23705,23720,23764,5560,1677,23758,23766,109,5479,23767,23856,23857,23858,23859,23860,23861,23862,23863,23864,28,96,98,99,103,105,111,112,113,23865,23866,23867,1648,23868,23869,23870,1511,23871,23872,23873,23874,23875,23876
113,512,1799,1215,1531,1551,1571,1800,1801,1630,1802,1665,24,1681,1696,1803,1804,1742,1755,372,1773,1782,1791,4,1805,6032,7274,6733,7039,7057,7076,7275,7276,7277,7149,47,7165,7179,7278,7279,7224,7236,747,7252,7259,1783,28,7280,24049,24050,16552,24051,24052,24053,24054,24055,13347,22479,20048,20047,24056,24057,24058,24059,24060,5340,23775,1511,23967,1509,24061,15784,16035,16326,16343,16363,16553,16554,16420,16555,92,6830,16453,16556,16557,16497,16508,1441,16526,16535,16544,73,16558,20654,20409,20428,20447,20655,20656,20506,20657,20540,9288,20555,20658,20659,20598,20610,1757,20628,20637,20646,94,20660,20677,20934,20714,20733,20935,20936,20790,20937,20822,134,20838,20938,20939,1732,20894,2066,20908,20917,20926,95,20940,21210,20977,20994,21013,21211,21212,21064,21213,21097,155,21113,21214,21215,21156,21168,2369,21186,21194,21202,96,21216,24062,24063,24064,24065,24066,24067,24068,22480,21365,24069,22859,24070,23425,23574,5343,1591,23871,23968,1586,24071,24072,24073,24074,24075,24076,24077,24078,24079,24080,24081,21686,22860,24082,23426,1612,5344,23776,24083,24084,1605,24085,22025,17749,21827,22026,22027,21882,22028,21918,217,17841,21933,22029,22030,21975,21987,3257,22003,1777,22017,99,22031,22042,24086,20083,24087,24088,24089,24090,22482,20090,24091,24092,24093,24094,24095,24096,5346,23777,23873,1649,1646,24097,8845,22301,22481,22335,22351,256,22365,22382,22483,22484,22424,22435,3791,22453,22462,22471,101,22485,418,419,420,421,273,292,309,422,423,357,370,381,392,401,410,0,424,9066,22681,7759,22682,22683,22533,22684,22569,22585,22685,22686,22630,1748,4282,22655,22664,22673,102,22687,22858,22717,22734,22861,22766,9341,22781,22862,10903,22806,22817,4499,22835,22843,22851,103,22863,24098,22888,24099,24100,24101,24102,24103,24104,23428,23576,1711,23778,23874,23970,1707,24105,24106,24107,24108,24109,23122,24110,24111,24112,7857,24113,24114,1729,23577,5348,23779,24115,24116,1723,24117,23424,23312,23329,23427,23358,1674,23385,5118,23401,23409,23417,106,23429,23573,23461,1545,23575,23507,23521,23534,5276,23550,23558,23566,107,23578,5326,5341,5342,5345,19,5347,5349,5350,5351,108,5352,23694,1527,23721,23735,5580,23750,23760,23767,23774,109,23780,509,23805,23872,23832,23842,23875,23864,110,23876,23889,23901,23969,1628,23938,23971,23960,111,23972,93,97,98,100,104,105,112,24118,24119,24120,24121,24122,24123,24124
112,511,1792,1214,1530,1550,1570,1793,1794,1629,1795,1664,23,1680,1695,1796,1797,1741,1754,1764,383,1781,1790,1798,4,6031,7267,6732,7038,7056,7075,7268,7269,7270,7148,46,7164,7178,7271,7272,7223,7235,7244,757,1774,7266,7273,28,23973,23974,16545,23975,23976,23977,23978,23979,13346,22472,19968,19967,23980,23981,23982,23983,23984,23674,5469,23865,1510,23985,1508,15783,16034,16325,16342,16362,16546,16547,16419,16548,91,6829,16452,16549,16550,16496,16507,16517,1452,16534,16543,16551,73,20647,20408,20427,20446,20648,20649,20505,20650,20539,9287,20554,20651,20652,20597,20609,20619,1766,20636,20645,20653,94,20676,20927,20713,20732,20928,20929,20789,20930,20821,133,20837,20931,20932,20883,1745,20901,2075,20916,20925,20933,95,21203,20976,20993,21012,21204,21205,21063,21206,21096,154,21112,21207,21208,21155,21167,21177,2380,21193,21201,21209,96,23986,23987,23988,23989,23990,23991,23992,22473,21366,23993,22853,23994,23419,23568,1590,5472,23866,23961,23995,1587,23996,23997,23998,23999,24000,24001,24002,24003,24004,24005,21687,22854,24006,1611,23569,23675,5473,24007,24008,24009,1606,22018,17748,21826,22019,22020,21881,22021,21917,216,17840,21932,22022,22023,21974,21986,21995,3267,22010,1786,22024,99,22043,24010,20003,24011,24012,24013,24014,22475,20010,24015,24016,24017,24018,24019,24020,23676,5475,1648,23963,24021,1647,8844,22300,22474,22334,22350,255,22364,22381,22476,22477,22423,22434,22444,3802,22461,22470,22478,101,411,412,413,414,272,291,308,415,416,356,369,380,391,400,409,417,0,9065,22674,7758,22675,22676,22532,22677,22568,22584,22678,22679,1735,22641,22648,4291,22663,22672,22680,102,22852,22716,22733,22855,22765,9340,22780,22856,10822,22805,22816,22826,4510,22842,22850,22857,103,24022,22887,24023,24024,24025,24026,24027,24028,23421,23571,23677,1710,23868,23964,24029,1706,24030,24031,24032,24033,23121,24034,24035,24036,7850,24037,24038,23422,1728,23678,5477,24039,24040,24041,1722,23418,23311,1544,23420,23357,23372,23384,23393,5129,23408,23416,23423,106,23567,23460,23478,23570,23506,1675,23533,23542,5285,23557,23565,23572,107,23593,1526,23620,23634,5445,23649,23659,23666,23673,23679,108,5455,5470,5471,5474,20,5476,5478,5479,5480,5481,109,23793,23804,23867,1627,23841,23869,23863,23870,110,510,23900,23962,23928,23937,23965,23959,23966,111,24042,24043,24044,24045,24046,24047,24048,93,97,98,100,104,105,113
199,1514,3041,3025,1614,3042,3043,3044,3045,3046,3047,1652,1538,9,1684,3048,3049,3050,3051,3052,3053,3054,3055,3056,3057,20410,20411,16310,20392,20412,20413,20414,20415,20416,20417,95,94,20418,20419,20420,20421,20422,20423,20424,20425,20426,20427,20428,39655,39656,39443,17733,39657,39658,39482,39659,39660,21799,39661,39184,39662,39663,39664,39665,39666,39667,39668,39669,39670,39671,39672,39442,39425,17734,39444,39445,39446,39447,39448,39449,16677,198,39450,39451,39452,39453,39454,39455,39456,39457,39458,39459,39460,21811,20490,21812,21813,21814,21815,21816,21817,20528,99,20543,21818,21819,21820,21821,21822,21823,21824,21825,21826,21827,39673,39674,39675,39676,39677,39678,25891,39679,22319,20776,39680,39681,39682,39683,39684,39685,39686,39687,39688,39689,39690,39691,39692,39693,39694,39695,39696,39697,39698,29671,20721,25105,39699,39700,39701,39702,39703,39704,39705,39706,39707,39708,39709,39710,39711,39712,39713,39714,39715,22320,33822,39716,22720,39717,39718,39719,39720,39721,39722,39723,39724,39725,39726,39727,39728,39729,39730,39731,39732,39733,39734,39735,39736,22721,39737,39738,39739,39740,39741,39742,39743,39744,39745,39746,39747,39748,39749,39750,39751,39752,39753,20779,25965,22722,39754,39755,39756,39757,39758,39759,39760,39761,39762,39763,39764,39765,39766,39767,39768,39769,39770,22323,39771,39772,39773,39774,39775,39776,39777,39778,39779,39780,39781,39782,39783,101,22291,22321,22322,22324,242,204,22325,22326,22327,22328,22329,22330,22331,22332,22333,22334,22335,20775,20777,20778,20780,120,205,295,20781,20782,20783,20784,20785,20786,20787,20788,20789,20790,0,197,141,200,201,202,203,206,207,208,209,210,211,212,213,214,215,216,217,22718,22707,22719,22723,22724,103,22725,22726,20857,22727,22728,22729,22730,22731,22732,22733,22734,39784,39785,39786,39787,39788,39190,39789,39790,39791,39792,39793,39794,39795,39796,39797,39798,39799,39800,39801,39802,27113,27097,39803,39804,20725,39805,39806,39807,39808,39809,39810,39811,39812,39813,39814,39815,39816,39817,39818,39819,3243,39820,39821,39822,39823,39824,39825,3235,39826,39827,39828,39829,39830,3256,39831,39832,39833,39834,39835,3247,39836,39837,39838,39839,39840,39841,3263,39842,39843,3258,39844,39845,39846,39847,39848,39849,39850,3274,39851,3268,39852,39853,39854,39855,39856,39857,39858,39859,39860,39861,39862,5624,39863,39864,39865,39866,39867,39868,39869,5725,39870,39871,39872,39873,39874,39875,39876,39877,39878,39879,39880,39881,39882,39883,39884
220,3341,1179,1320,3325,3342,3343,3344,3345,3346,3347,1223,1340,10,3348,1388,3349,3350,3351,3352,3353,3354,3355,3356,3357,43418,43419,17995,43212,43420,43232,43421,43422,43423,43424,17999,42966,43425,43426,43427,43428,43429,43430,43431,43432,43433,43434,43435,16036,16037,15999,16019,16038,16039,16040,16041,16042,74,16043,72,16044,16045,16046,16047,16048,16049,16050,16051,16052,16053,16054,18030,16138,18014,18031,18032,18033,18034,18035,18036,16157,79,18037,16188,18038,18039,18040,18041,18042,18043,18044,18045,18046,43213,43195,43214,43215,43216,43217,43218,43219,16696,219,43220,43221,43222,43223,43224,43225,43226,43227,43228,43229,43230,43436,43437,43438,43439,43440,43441,43442,26203,16697,18301,43443,43444,43445,43446,43447,43448,43449,43450,43451,43452,43453,43454,43455,43456,43457,43458,43459,43460,43461,30159,18302,43462,18904,43463,43464,43465,43466,43467,43468,43469,43470,43471,43472,43473,43474,43475,43476,43477,43478,16642,33428,25382,43479,43480,43481,43482,43483,43484,43485,43486,43487,43488,43489,43490,43491,43492,43493,43494,43495,43496,43497,43498,43499,43500,18905,43501,43502,43503,43504,43505,43506,43507,43508,39284,43509,43510,43511,43512,43513,43514,43515,18304,43516,43517,43518,43519,43520,43521,43522,43523,43524,43525,43526,43527,43528,43529,43530,43531,43532,43533,43534,16701,43535,26257,43536,18907,43537,43538,43539,43540,43541,43542,43543,43544,43545,16695,16698,16699,16700,121,260,225,16702,312,16703,16704,16705,16706,16707,16708,16709,16710,16711,80,18273,18303,18305,18306,226,18307,18308,18309,18310,18311,18312,18313,18314,18315,18316,18317,218,0,221,162,222,223,224,227,228,229,230,231,232,233,234,235,236,237,238,43546,43547,43548,43549,43550,42971,43551,18909,43552,43553,43554,43555,43556,43557,43558,43559,43560,18902,18892,18903,18906,18908,83,18910,16758,18911,18912,18913,18914,18915,18916,18917,18918,43561,43562,43563,43564,27114,43565,27079,16645,43566,43567,43568,43569,43570,43571,43572,43573,43574,43575,43576,43577,43578,43579,43580,43581,3540,43582,43583,43584,43585,43586,43587,3532,43588,43589,43590,43591,43592,3552,43593,43594,43595,43596,43597,3543,43598,43599,43600,43601,43602,43603,3560,43604,43605,3555,43606,43607,43608,43609,43610,43611,43612,3572,43613,3566,43614,43615,43616,43617,43618,43619,43620,43621,43622,43623,43624,5904,43625,43626,43627,43628,43629,43630,43631,5823,43632,43633,43634,43635,43636,43637,43638,43639,43640,43641,43642,43643,43644,43645,43646
295,1541,4362,4350,1684,4363,1538,4364,4365,4366,4367,4368,1935,14,4369,4370,2027,4371,4372,4373,4374,4375,4376,4377,4378,20667,20823,20824,20418,20825,95,20744,20765,20826,20827,124,7029,20828,20829,20830,20831,20832,20833,20834,20835,20836,20837,20838,55858,55859,55726,22690,55860,47347,34149,55861,55862,22695,55863,55519,55864,55865,55866,55867,55868,55869,55870,55871,55872,55873,55874,55725,55710,22707,55727,47416,34177,55728,41243,50799,25980,294,55729,55730,55731,55732,55733,55734,55735,55736,55737,55738,55739,22718,20543,22719,199,22720,22721,22722,22723,22724,103,22725,22726,20857,22727,22728,22729,22730,22731,22732,22733,22734,39680,55875,55876,25891,55877,55878,55879,55880,55881,25981,55882,55883,55884,55885,55886,55887,55888,55889,55890,55891,55892,20775,16677,20776,20721,20777,20778,20779,20780,242,120,205,20781,20782,20783,20784,20785,20786,20787,20788,20789,20790,20745,55893,55894,55895,55896,55897,55898,34165,33805,34180,55899,27099,55900,55901,55902,55903,55904,55905,55906,55907,55908,55909,55910,39726,55911,55912,39735,55913,55914,25893,38111,55915,55916,55917,55918,55919,55920,55921,55922,55923,55924,55925,55926,55927,55928,55929,55930,55931,50819,25899,25968,50849,55932,26008,55933,55934,55935,55936,55937,55938,55939,55940,55941,55942,55943,47444,55944,55945,55946,55947,50803,55948,55949,55950,55951,55952,55953,55954,55955,55956,55957,55958,55959,7169,46959,55960,55961,55552,9514,297,55962,35887,55963,55964,55965,55966,55967,55968,55969,55970,55971,25979,25413,25879,25982,9481,263,9546,25983,25137,25984,25985,25986,25987,25988,25989,25990,25991,37,293,0,166,187,207,296,298,299,300,301,302,303,304,305,306,307,308,309,55972,55973,55974,55975,55976,7170,55977,55978,20859,55979,55980,55981,55982,55983,55984,55985,55986,55987,55988,55989,55990,55991,35886,55992,20842,55993,55994,55995,55996,55997,55998,55999,56000,20725,27096,27080,27097,27098,27100,27101,27102,126,27103,27104,27105,27106,27107,27108,27109,27110,27111,27112,56001,56002,56003,56004,56005,4484,56006,56007,56008,56009,56010,56011,4476,56012,56013,56014,56015,56016,4497,56017,56018,56019,56020,56021,4488,56022,56023,56024,56025,56026,56027,4505,56028,56029,4500,56030,56031,56032,56033,56034,56035,56036,4517,56037,4511,56038,56039,56040,56041,47473,56042,56043,56044,56045,56046,56047,56048,56049,47461,56050,56051,56052,56053,56054,56055,56056,56057,56058,56059,56060,56061,27990,56062,56063,56064,56065,56066,56067,28067,56068
312,4580,1226,1388,4569,4581,4582,1223,4583,4584,4585,1957,4586,15,4587,4588,2026,4589,4590,4591,4592,4593,4594,4595,4596,58391,58392,18876,58275,58393,30662,50210,58394,58395,58396,18879,58086,58397,58398,58399,58400,58401,58402,58403,58404,58405,58406,58407,16741,16585,16045,16742,16743,16626,74,16666,16744,125,16745,11648,16731,16746,16747,16748,16749,16750,16751,16752,16753,16754,16755,18902,16188,18892,18903,18904,220,18905,18906,18907,18908,83,18909,18910,16758,18911,18912,18913,18914,18915,18916,18917,18918,58276,58261,58277,30690,50293,58278,48351,44764,26286,311,56907,58279,58280,58281,58282,58283,58284,58285,58286,58287,58288,58408,43444,58409,58410,26203,58411,58412,58413,26287,58414,58415,58416,58417,58418,58419,58420,58421,58422,58423,58424,58425,16627,58426,58427,58428,16698,58429,58430,58431,30143,30677,30694,58432,27082,58433,58434,58435,58436,58437,58438,58439,58440,16695,16696,16697,16642,16699,16700,16701,121,260,225,16702,16703,16704,16705,16706,16707,16708,16709,16710,16711,58441,58442,43490,58443,58444,58445,58446,43497,26205,58447,38277,58448,58449,58450,58451,58452,58453,58454,58455,58456,58457,58458,58459,58460,50308,58461,58462,58463,48356,58464,58465,56912,58466,58467,58468,58469,58470,58471,58472,58473,58474,58475,58476,58477,58478,58479,58480,58481,58482,26212,48370,26260,58483,48399,26298,58484,58485,58486,58487,58488,58489,58490,58491,26285,25138,26172,26288,14497,14528,247,26276,14559,25414,26289,26290,26291,26292,26293,26294,26295,26296,11822,49840,58492,58493,58103,314,35606,58494,58495,58496,58497,58498,58499,58500,58501,58502,58503,310,61,146,0,188,313,229,315,300,316,317,318,319,320,321,322,323,324,325,58504,55770,58505,58506,58507,35605,58508,58509,16728,58510,58511,58512,58513,58514,58515,58516,58517,58518,58519,58520,58521,58522,11823,58523,16762,58524,58525,58526,58527,58528,58529,58530,58531,27078,16645,27079,27080,27081,27083,27084,126,27085,27086,27087,27088,27089,27090,27091,27092,27093,27094,27095,58532,58533,58534,58535,58536,4686,58537,58538,58539,58540,58541,58542,4677,58543,58544,58545,58546,58547,4700,58548,58549,58550,58551,58552,4690,58553,58554,58555,58556,58557,58558,4708,58559,58560,4703,58561,58562,58563,58564,58565,58566,58567,4719,58568,4713,58569,58570,58571,58572,58573,58574,58575,58576,27801,58577,58578,58579,58580,58581,58582,58583,58584,27898,58585,58586,58587,58588,50357,58589,58590,58591,58592,58593,58594,50346,58595,58596,58597,58598,58599
330,4822,4823,4790,4807,4824,3976,3753,4244,4825,4826,4827,4828,16,1716,1404,2028,4829,4830,4831,4832,4833,4834,4835,4836,61272,61273,60829,61092,61274,21950,61275,53502,61276,61277,21132,20498,23116,61278,61279,61280,61281,61282,61283,61284,61285,61286,61287,61288,61289,60878,60861,61290,61291,18187,53735,61292,17314,61293,16146,61294,19101,61295,61296,61297,61298,61299,61300,61301,61302,61303,60877,60846,60863,60879,60880,34409,54371,50877,48413,60881,328,60882,19069,60883,60884,60885,60886,60887,60888,60889,60890,60891,61093,61077,61094,30908,61095,54192,50878,48412,61096,329,23101,61097,61098,61099,61100,61101,61102,61103,61104,61105,61106,61304,61305,61306,61307,61308,54630,61309,61310,61311,61312,61313,61314,61315,61316,61317,61318,61319,61320,61321,61322,61323,51199,51184,51200,41998,47844,50690,51201,51202,30941,30894,265,18381,26589,51203,51204,51205,51206,51207,51208,51209,51210,48533,48518,48534,45695,48024,48535,48536,34380,34439,248,22399,26448,48537,48538,48539,48540,48541,48542,48543,48544,54530,54531,54498,54515,54532,53996,54533,54534,54535,54536,284,22605,18589,54537,54538,54539,54540,54541,54542,54543,54544,61324,61325,61326,61327,52353,61328,61329,61330,61331,9043,9101,61332,61333,61334,61335,61336,61337,61338,61339,61340,61341,61342,61343,61344,61345,52594,61346,61347,61348,61349,13656,61350,13729,61351,61352,61353,61354,61355,61356,61357,61358,61359,21134,61360,53023,61361,60649,60442,333,61362,12939,61363,61364,61365,61366,61367,61368,61369,61370,61371,17316,61372,52817,61373,60409,334,7777,61374,61375,61376,61377,61378,61379,61380,61381,61382,61383,326,327,147,167,0,331,332,335,301,317,336,337,338,339,340,341,342,343,344,23117,23085,23118,23119,23120,105,9927,16473,20858,23121,23122,23123,23124,23125,23126,23127,23128,19100,19086,19102,19103,19104,84,14726,16760,19105,19106,19107,19108,19109,19110,19111,19112,27113,27114,27081,27098,27115,7501,12414,27116,27117,126,24839,27118,27119,27120,27121,27122,27123,27124,27125,61384,61385,61386,61387,61388,416,61389,61390,61391,61392,61393,61394,4939,61395,61396,61397,61398,61399,423,61400,61401,61402,61403,61404,4951,61405,61406,61407,61408,61409,61410,398,61411,61412,4963,61413,61414,61415,61416,61417,61418,61419,407,61420,4973,61421,61422,61423,61424,61425,54681,61426,61427,61428,61429,61430,61431,61432,61433,54671,61434,61435,61436,61437,61438,61439,61440,61441,54659,61442,61443,61444,61445,61446,61447,54647,61448,61449,61450,61451
29,513,514,474,495,515,516,517,518,519,520,521,522,1,523,524,525,526,527,528,529,530,531,532,533,7281,7282,6679,7040,7283,7060,7284,7285,7286,7287,6015,6014,7288,7289,7290,7291,7292,7293,7294,7295,7296,7297,7298,7299,7300,6735,6716,7301,7302,6776,7303,7304,6362,7305,6360,7306,7307,7308,7309,7310,7311,7312,7313,7314,7315,7316,6734,6698,71,6736,6737,6738,6739,80,6740,6741,27,6742,6743,6744,6745,6746,6747,6748,6749,6750,6751,6752,7041,114,7042,137,7043,7044,123,7045,7046,28,7047,7048,7049,7050,7051,7052,7053,7054,7055,7056,7057,7317,7318,7319,7320,7321,7322,7323,7324,7325,7326,7327,7328,7329,7330,7331,7332,7333,7334,7335,7336,7337,7338,7339,7340,7341,7342,7343,7344,7345,7346,7347,144,7348,7349,7350,7351,7352,7353,7354,7355,7356,7357,7358,7359,7360,7361,7362,7363,7364,7365,7366,7367,7368,7369,7370,7371,7372,7373,7374,7375,7376,7377,7378,7379,7380,7381,7382,7383,7384,7385,7386,7387,7388,7389,7390,7391,7392,7393,7394,7395,7396,7397,7398,7399,7400,7401,7402,7403,7404,7405,7406,7407,261,7408,7409,7410,7411,7412,7413,7414,7415,7416,7417,7418,7419,7420,7421,7422,7423,7424,7425,7426,7427,7428,7429,7430,7431,7432,7433,7434,7435,7436,7437,7438,7439,6020,7440,7441,7442,6407,6139,34,7443,6571,7444,7445,7446,7447,7448,7449,7450,7451,7452,6367,7453,7454,7455,6039,35,6192,7456,7457,7458,7459,7460,7461,7462,7463,7464,7465,25,26,30,31,32,0,33,36,37,38,39,40,41,42,43,44,45,46,47,7466,7467,7468,7469,7470,6022,7471,7472,7473,7474,7475,7476,7477,7478,7479,7480,7481,7482,7483,7484,7485,7486,6370,7487,7488,7489,7490,7491,7492,7493,7494,7495,7496,7497,7498,7499,7500,7501,7502,7503,7504,7505,7506,7507,7508,7509,7510,7511,7512,7513,7514,7515,7516,7517,7518,7519,7520,732,7521,7522,7523,7524,7525,7526,724,7527,7528,7529,7530,7531,745,7532,7533,7534,7535,7536,736,7537,7538,7539,7540,7541,7542,752,7543,7544,748,7545,7546,7547,7548,7549,7550,7551,763,7552,758,7553,7554,7555,7556,7557,7558,7559,7560,7561,7562,5584,7563,7564,7565,7566,7567,7568,7569,7570,7571,5685,7572,7573,7574,7575,7576,7577,7578,7579,7580,7581,7582,7583,7584,7585
