310,4550,4551,4552,4553,4554,586,585,4555,15,605,4556,4557,4558,2714,4559,677,4560,4561,4562,4563,4564,4565,4566,4567,58033,58034,58035,58036,58037,8348,8230,58038,58039,58040,58041,58042,35604,58043,35398,58044,58045,58046,58047,58048,58049,58050,58051,58052,58053,58054,58055,58056,8231,8335,35413,14512,58057,58058,58059,35422,58060,58061,58062,58063,58064,58065,58066,58067,58068,58069,58070,58071,18881,18880,58072,8336,58073,14166,8611,14165,58074,18772,58075,58076,58077,58078,58079,58080,58081,58082,58083,58084,58085,58086,18879,8349,50094,29499,311,58087,26285,58088,35605,58089,58090,58091,58092,58093,58094,58095,58096,58097,58098,58099,58100,58101,30679,50048,58102,58103,58104,58105,58106,58107,58108,58109,58110,58111,58112,58113,58114,58115,58116,58117,8168,6794,8350,7685,32,8242,146,6801,8295,8351,8352,8353,38,8354,8355,8356,8357,8358,8359,8360,8361,8146,7097,8337,7940,8241,140,7972,8338,259,8339,176,37,8340,8341,8342,8343,8344,8345,8346,8347,58118,58119,58120,58121,58122,58123,8260,8278,58124,30707,58125,29498,30736,58126,58127,58128,58129,58130,58131,58132,58133,61,83,312,0,188,313,229,247,314,315,300,316,317,318,319,320,321,322,323,324,325,8440,8458,8612,33,8510,8529,8613,8614,8582,8615,8616,8617,8031,8618,8619,8620,8621,8622,8623,8624,8625,58134,46988,58135,14528,58136,48326,48325,58137,58138,9498,58139,58140,58141,58142,58143,58144,58145,58146,58147,49824,58148,58149,58150,48324,35607,58151,9709,58152,58153,58154,58155,58156,58157,58158,58159,58160,58161,58162,49981,58163,58164,58165,58166,56898,58167,58168,58169,58170,58171,58172,58173,58174,58175,58176,35421,35442,35606,9501,35545,35608,35595,35609,9551,35610,35611,35612,35613,35614,35615,35616,35617,58177,58178,58179,9711,58180,58181,58182,9565,58183,58184,58185,58186,58187,58188,58189,58190,8147,8167,9468,9560,9561,9562,9502,9518,9563,9564,6210,9566,9567,9568,9569,9570,9571,9572,9573,58191,58192,58193,10169,58194,58195,58196,58197,4711,58198,58199,58200,58201,58202,58203,58204,10307,58205,58206,58207,4701,58208,58209,58210,58211,58212,58213,58214,58215,4682,58216,58217,58218,58219,58220,58221,58222,58223,58224,58225,4696,58226,58227,58228,58229,58230,58231,58232,58233,58234,58235,4729,58236,58237,58238,4721,58239,58240,58241,58242,4737,58243,58244,58245,58246,4730,58247,50140,58248,58249,58250,58251,58252,58253,50130,58254,58255,58256,58257,58258
326,4751,4752,4753,1563,4754,2326,2191,537,16,4755,4756,4757,4758,545,4759,4760,4761,4762,4763,4764,4765,4766,4767,4768,60348,60349,60350,21129,60351,30838,31926,60352,60353,60354,60355,23177,7774,60356,10023,60357,60358,60359,60360,60361,60362,60363,60364,60365,60366,60367,60368,60369,60370,29126,31945,60371,60372,60373,60374,31951,60375,60376,60377,60378,60379,60380,60381,60382,60383,60384,60385,60386,21131,60387,60388,29127,60389,60390,60391,60392,60393,18725,60394,60395,60396,60397,60398,60399,60400,60401,60402,60403,21130,20498,21132,21005,21023,96,329,21133,21134,21135,105,21120,21136,21137,21138,21139,21140,21141,21142,21143,21144,60404,60405,60406,30897,60407,60408,60409,60410,60411,60412,23050,60413,60414,60415,60416,60417,60418,60419,60420,60421,60422,30839,30840,30841,29034,28916,7645,147,30842,30843,30844,30845,30846,30847,30848,30849,30850,30851,30852,30853,30854,30855,29125,29128,29129,29130,7646,139,7697,29131,29132,29133,156,29134,29135,29136,29137,29138,29139,29140,29141,29142,6057,7642,7643,7061,7644,6100,138,7647,7648,7649,7650,30,7651,7652,7653,7654,7655,7656,7657,7658,7659,327,328,330,167,0,331,332,333,334,335,301,317,336,337,338,339,340,341,342,343,344,8436,60423,60424,34329,60425,60426,60427,60428,60429,60430,7704,60431,8487,60432,60433,60434,60435,60436,60437,60438,60439,60440,46894,60441,60442,60443,60444,60445,60446,60447,60448,60449,60450,60451,60452,60453,60454,60455,60456,60457,60458,60459,60460,60461,57124,7780,60462,57146,60463,60464,60465,60466,60467,60468,60469,60470,60471,60472,60473,60474,53218,60475,60476,60477,23136,60478,60479,60480,60481,60482,60483,60484,60485,60486,60487,7775,7776,7777,7778,7779,7781,39,7765,7782,7783,7784,7785,7786,7787,7788,7789,7790,60488,59379,60489,9712,60490,60491,60492,60493,60494,60495,60496,60497,60498,60499,60500,60501,60502,60503,60504,23137,60505,9950,60506,60507,60508,60509,60510,60511,60512,60513,60514,60515,60516,60517,60518,60519,60520,60521,60522,60523,60524,60525,60526,4971,60527,60528,5844,60529,60530,60531,60532,60533,60534,60535,60536,4961,60537,60538,60539,60540,5925,60541,60542,60543,4944,60544,60545,60546,60547,60548,60549,60550,60551,60552,60553,4957,60554,60555,60556,60557,60558,60559,60560,60561,60562,60563,4988,60564,60565,60566,4981,60567,60568,60569,60570,4995,60571,60572,60573,60574,4989,60575,60576,60577,60578,60579,60580,60581,60582,60583,60584,60585,60586,60587,60588
25,425,426,427,428,429,430,431,432,1,433,434,435,436,437,438,439,440,441,442,443,444,445,446,447,5945,5946,5947,5948,5949,5950,5951,5952,5953,5954,5955,5956,5957,5958,5959,5960,5961,5962,5963,5964,5965,5966,5967,5968,5969,5970,5971,5972,5973,5974,5975,5976,5977,5978,5979,5980,5981,5982,5983,5984,5985,5986,5987,5988,5989,5990,5991,5992,5993,5994,5995,5996,5997,5998,5999,6000,6001,6002,6003,6004,6005,6006,6007,6008,6009,6010,6011,6012,6013,6014,6015,6016,6017,6018,28,6019,6020,6021,6022,6023,6024,6025,6026,6027,6028,6029,6030,6031,6032,6033,6034,6035,6036,6037,6038,6039,6040,6041,6042,6043,6044,6045,6046,6047,6048,6049,6050,6051,6052,6053,6054,6055,6056,6057,6058,6059,30,6060,6061,6062,6063,6064,6065,6066,6067,6068,6069,6070,6071,6072,6073,6074,6075,6076,6077,6078,6079,6080,6081,6082,6083,6084,6085,6086,6087,6088,6089,6090,6091,6092,6093,6094,6095,6096,6097,6098,6099,6100,6101,6102,6103,6104,6105,6106,6107,6108,6109,6110,6111,6112,6113,6114,26,27,29,31,32,0,33,34,35,36,37,38,39,40,41,42,43,44,45,46,47,6115,6116,6117,6118,6119,6120,6121,6122,6123,6124,6125,6126,6127,6128,6129,6130,6131,6132,6133,6134,6135,6136,6137,6138,6139,6140,6141,6142,6143,6144,6145,6146,6147,6148,6149,6150,6151,6152,6153,6154,6155,6156,6157,6158,6159,6160,6161,6162,6163,6164,6165,6166,6167,6168,6169,6170,6171,6172,6173,6174,6175,6176,6177,6178,6179,6180,6181,6182,6183,6184,6185,6186,6187,6188,6189,6190,6191,6192,6193,6194,6195,6196,6197,6198,6199,6200,6201,6202,6203,6204,6205,6206,6207,6208,6209,6210,6211,6212,6213,6214,6215,6216,6217,6218,6219,6220,6221,6222,6223,6224,6225,6226,6227,6228,6229,6230,6231,6232,6233,6234,6235,6236,6237,6238,6239,6240,6241,6242,6243,6244,6245,6246,6247,6248,6249,756,6250,6251,6252,6253,6254,6255,6256,6257,6258,6259,6260,746,6261,6262,6263,6264,6265,6266,6267,6268,729,6269,6270,6271,6272,6273,6274,6275,6276,6277,6278,741,6279,6280,6281,6282,6283,6284,6285,6286,6287,6288,772,6289,6290,6291,766,6292,6293,6294,6295,779,6296,6297,6298,6299,773,6300,6301,6302,6303,6304,6305,6306,6307,6308,6309,6310,6311,6312,6313
48,794,795,796,797,798,799,800,801,2,600,802,803,804,805,806,807,808,809,810,811,812,813,814,815,10920,10921,10922,10923,10924,10925,10926,10927,8545,10928,10929,10930,10931,10932,10933,10934,10935,10936,10937,10938,10939,10940,10941,10942,10943,10944,10945,10946,10947,10948,10949,10950,10951,10952,10953,10954,10955,10956,10957,10958,10959,10960,10961,10962,10963,10964,10965,10966,10967,10968,10969,10970,10971,10972,8520,10973,10974,10975,10976,10977,10978,10979,10980,10981,10982,10983,10984,10985,10986,10987,10988,10989,10990,10991,51,6836,10992,10993,10994,10995,10996,10997,10998,10999,11000,11001,11002,11003,11004,11005,11006,11007,11008,11009,11010,11011,11012,11013,11014,11015,11016,11017,11018,11019,11020,11021,11022,11023,11024,11025,11026,11027,11028,11029,11030,11031,53,7968,11032,11033,11034,11035,11036,11037,11038,11039,11040,11041,11042,11043,11044,11045,11046,11047,11048,11049,11050,8522,11051,11052,11053,11054,11055,11056,11057,11058,11059,11060,11061,11062,11063,11064,11065,11066,11067,11068,11069,11070,11071,11072,11073,11074,11075,11076,11077,11078,11079,11080,11081,11082,11083,11084,49,50,52,54,55,56,0,57,58,59,60,61,62,63,64,65,66,67,68,69,70,33,8456,8521,8488,8523,8524,8525,8526,8527,8528,8529,8530,8531,8532,8533,8534,8535,8536,8537,8538,8539,11085,11086,11087,11088,11089,11090,11091,11092,11093,11094,11095,11096,11097,11098,11099,11100,11101,11102,11103,11104,11105,8563,11106,11107,11108,11109,11110,11111,11112,11113,11114,11115,11116,11117,11118,11119,11120,11121,11122,11123,11124,11125,11126,11127,11128,11129,11130,11131,11132,11133,11134,11135,11136,11137,11138,11139,11140,8629,11141,11142,11143,11144,11145,11146,11147,11148,11149,11150,11151,11152,11153,11154,11155,11156,11157,11158,11159,11160,11161,11162,11163,11164,11165,11166,11167,11168,11169,11170,11171,11172,11173,11174,11175,11176,11177,11178,11179,11180,11181,11182,11183,11184,11185,11186,11187,11188,11189,11190,11191,8683,11192,11193,11194,11195,1118,11196,11197,11198,11199,11200,11201,11202,8694,11203,11204,11205,1107,11206,11207,11208,11209,11210,11211,11212,11213,1091,11214,11215,11216,11217,11218,11219,11220,11221,11222,11223,1102,11224,11225,11226,11227,11228,11229,11230,11231,11232,11233,1136,11234,11235,11236,1129,11237,11238,11239,11240,1144,11241,11242,11243,11244,1137,11245,11246,11247,8713,11248,11249,11250,11251,11252,11253,8705,11254,11255,11256
71,1157,1158,1159,1160,1161,1162,1163,1164,3,596,495,474,473,1165,1166,1167,1168,1169,1170,1171,1172,1173,1174,1175,15709,15710,15711,15712,15713,15714,15715,15716,15717,7317,6734,15718,15719,15720,15721,15722,15723,15724,15725,15726,15727,15728,15729,15730,15731,15732,15733,15734,15735,15736,15737,11757,7041,7318,15738,15739,15740,15741,15742,15743,15744,15745,15746,15747,15748,15749,15750,15751,15752,15753,15754,15755,15756,6814,6832,6698,6697,15757,15758,15759,15760,15761,15762,15763,15764,15765,15766,15767,15768,15769,15770,15771,15772,15773,73,7117,114,6717,15774,15775,15776,15777,15778,15779,15780,15781,15782,15783,15784,15785,15786,15787,15788,15789,15790,7400,7420,7042,6736,15791,15792,15793,15794,15795,15796,15797,15798,15799,15800,15801,15802,15803,15804,15805,15806,15807,75,15808,15809,6737,6759,14690,15810,15811,15812,15813,15814,15815,15816,15817,15818,15819,15820,15821,15822,15823,11700,8454,7043,15824,7083,15825,15826,15827,15828,15829,15830,15831,15832,15833,15834,15835,15836,15837,15838,15839,15840,15841,15842,15843,15844,15845,15846,15847,15848,15849,15850,15851,15852,15853,15854,15855,50,72,74,76,77,78,79,0,80,81,82,83,84,85,86,87,88,89,90,91,92,8433,8451,8452,8453,8455,8456,8457,7045,33,7122,8458,7182,8459,8460,8461,8462,8463,8464,8465,8466,8467,7040,137,7044,123,7046,29,28,7047,7048,7049,7050,7051,7052,7053,7054,7055,7056,7057,6735,6738,6739,6740,6741,27,6742,6743,6744,6745,6746,6747,6748,6749,6750,6751,6752,6679,6716,6718,6719,6720,6721,6722,5998,6723,6724,6725,6726,6727,6728,6729,6730,6731,6732,6733,15856,15857,15858,15859,15860,15861,15862,15863,15864,15865,15866,15867,15868,15869,15870,15871,15872,15873,15874,15875,11806,15876,15877,15878,15879,15880,15881,15882,15883,15884,15885,15886,15887,15888,15889,15890,15891,15892,15893,15894,15895,15896,15897,15898,15899,15900,15901,15902,15903,15904,15905,15906,15907,15908,15909,15910,15911,15912,15913,15914,1451,15915,15916,15917,15918,15919,15920,15921,15922,15923,15924,15925,1440,15926,15927,15928,15929,15930,15931,15932,15933,1424,15934,15935,15936,15937,15938,15939,15940,15941,15942,15943,1436,15944,15945,15946,15947,15948,15949,15950,15951,15952,15953,1470,15954,15955,15956,1462,15957,15958,15959,15960,1478,15961,15962,15963,15964,1471,15965,15966,15967,10797,15968,15969,15970,15971,15972,15973,10878,15974,15975,15976
28,428,493,473,494,495,496,497,498,4,499,500,1,501,502,503,504,505,506,507,508,509,510,511,512,5948,6013,5993,6014,6015,6016,6017,6018,6019,6020,25,6021,6022,6023,6024,6025,6026,6027,6028,6029,6030,6031,6032,7004,7005,6716,7006,7007,7008,7009,7010,6481,6382,6362,6361,7011,7012,7013,7014,7015,7016,7017,7018,7019,7020,7021,6679,6697,6717,71,6718,6719,6720,6721,6722,27,5998,6723,6724,6725,6726,6727,6728,6729,6730,6731,6732,6733,7022,7023,114,7024,7025,7026,94,7027,7028,6176,7029,7030,7031,7032,7033,7034,7035,7036,7037,7038,7039,7040,7041,7042,137,7043,7044,123,7045,7046,29,7047,7048,7049,7050,7051,7052,7053,7054,7055,7056,7057,7058,7059,7060,7061,7062,7063,96,7064,7065,30,7066,7067,7068,7069,7070,7071,7072,7073,7074,7075,7076,7077,7078,7079,7080,7081,7082,7083,7084,7085,7086,7087,7088,7089,7090,7091,7092,7093,7094,7095,7096,7097,7098,7099,7100,7101,7102,7103,7104,7105,140,7106,179,7107,7108,7109,7110,7111,7112,7113,7114,7115,93,73,95,97,98,99,100,101,0,102,103,104,105,106,107,108,109,110,111,112,113,7116,7117,6832,7118,7119,7120,7121,7122,6839,7123,7124,7125,7126,7127,7128,7129,7130,7131,7132,7133,7134,6142,7135,7136,122,7137,34,7138,7139,7140,7141,7142,7143,7144,7145,7146,7147,7148,7149,26,31,32,33,35,36,37,38,39,40,41,42,43,44,45,46,47,6159,6387,6063,7150,7151,7152,7153,7154,7155,7156,7157,7158,7159,7160,7161,7162,7163,7164,7165,7166,7167,124,7168,7169,6179,7170,7171,6226,7172,7173,7174,7175,7176,7177,7178,7179,7180,7181,7182,7183,7184,6390,7185,7186,7187,7188,7189,7190,7191,7192,7193,7194,7195,7196,7197,7198,7199,7200,7201,7202,6065,7203,7204,7205,7206,7207,7208,7209,7210,7211,7212,7213,7214,7215,7216,7217,7218,7219,7220,1765,7221,7222,7223,7224,7225,7226,7227,7228,7229,7230,7231,1756,7232,7233,7234,7235,7236,7237,7238,7239,1737,754,7240,7241,7242,7243,7244,747,7245,7246,7247,1751,765,7248,7249,7250,7251,757,7252,7253,7254,7255,1782,7256,7257,7258,1774,7259,7260,7261,7262,1790,7263,7264,7265,7266,1783,7267,7268,7269,7270,7271,7272,7273,7274,7275,7276,7277,7278,7279,7280
114,1806,1807,1160,1532,1808,1554,1809,1810,5,1811,1812,495,494,1813,1814,1815,1816,1817,1818,1819,1820,1821,1822,1823,24125,24126,15718,20661,7317,20978,24127,24128,24129,24130,7040,24131,24132,24133,24134,24135,24136,24137,24138,24139,24140,24141,24142,24143,24144,15768,24145,24146,24147,24148,24149,24150,24151,15734,15733,24152,24153,24154,24155,24156,24157,24158,24159,24160,24161,24162,15712,15752,15769,15770,15771,15772,15773,73,7117,71,6717,15774,15775,15776,15777,15778,15779,15780,15781,15782,15783,15784,20662,20410,16565,20431,20663,20664,95,20665,20666,7023,20667,20668,20669,20670,20671,20672,20673,20674,20675,20676,20677,24163,24164,24165,24166,24167,24168,7401,24169,24170,7042,24171,24172,24173,24174,24175,24176,24177,24178,24179,24180,24181,20979,20962,20980,20981,20982,20983,117,20984,20985,137,96,20986,20862,20987,20988,20989,20990,20991,20992,20993,20994,24182,24183,24184,24185,24186,24187,24188,24189,24190,24191,24192,24193,24194,24195,24196,24197,24198,24199,24200,24201,24202,24203,24204,24205,24206,24207,24208,24209,24210,24211,24212,24213,24214,24215,24216,24217,24218,24219,24220,24221,24222,115,74,116,118,119,120,121,122,123,0,124,125,126,127,128,129,130,131,132,133,134,8439,16564,8451,24223,24224,24225,24226,24227,7122,24228,24229,24230,24231,24232,24233,24234,24235,24236,24237,24238,24239,24240,24241,24242,8782,24243,7046,7028,24244,24245,24246,24247,24248,24249,24250,24251,24252,24253,24254,7041,7043,7044,7045,29,28,7047,7048,7049,7050,7051,7052,7053,7054,7055,7056,7057,6014,7022,7024,7025,7026,94,7027,6176,7029,7030,7031,7032,7033,7034,7035,7036,7037,7038,7039,24255,24256,24257,24258,24259,24260,24261,24262,24263,24264,24265,24266,24267,24268,24269,24270,24271,24272,24273,24274,24275,24276,24277,24278,24279,24280,24281,24282,24283,24284,24285,24286,24287,24288,24289,24290,20830,24291,24292,24293,24294,24295,24296,24297,24298,24299,24300,24301,24302,24303,24304,24305,24306,24307,24308,24309,24310,24311,24312,24313,2074,24314,24315,24316,5042,24317,24318,24319,24320,24321,24322,24323,2065,24324,24325,24326,5199,24327,24328,24329,24330,2049,24331,24332,24333,24334,24335,24336,24337,24338,24339,24340,2061,24341,24342,24343,24344,24345,24346,24347,24348,24349,24350,2091,24351,24352,24353,2083,24354,24355,24356,24357,2099,24358,24359,24360,24361,2092,24362,24363,24364,24365,24366,24367,24368,24369,24370,24371,24372,24373,24374,24375
30,430,534,535,496,536,537,538,539,6,540,541,542,543,1,544,545,546,547,548,549,550,551,552,553,5950,6054,6055,6016,6056,6057,6058,6059,6060,6061,6062,6063,25,6064,6065,6066,6067,6068,6069,6070,6071,6072,6073,7586,7587,7588,7589,7590,7591,7592,6425,6483,7593,7594,7595,6451,6432,7596,7597,7598,7599,7600,7601,7602,7603,7604,7605,7606,7059,7607,7608,7609,7610,7611,7612,7613,7614,6886,7615,7616,7617,7618,7619,7620,7621,7622,7623,7624,7058,7024,7060,7061,7062,7063,96,7064,7065,7066,28,7067,7068,7069,7070,7071,7072,7073,7074,7075,7076,7625,7626,7627,7628,7629,7630,7347,7631,7632,6036,6015,7633,7505,7634,7635,7636,7637,7638,7639,7640,7641,7642,7643,7644,7645,7646,6100,138,7647,7648,7649,7650,7651,326,7652,7653,7654,7655,7656,7657,7658,7659,7660,7661,7662,7663,6079,7664,7665,7666,7667,7668,31,156,7669,7670,7671,7672,7673,7674,7675,7676,6105,6431,7677,6018,7678,7679,7680,7681,7682,7683,7684,32,7685,7686,7687,7688,7689,7690,7691,7692,7693,135,136,137,139,140,141,142,143,144,145,0,146,147,148,149,150,151,152,153,154,155,7694,7695,7696,7697,7698,7699,7700,7701,7702,7703,6801,7704,7705,7706,7707,7708,7709,7710,7711,7712,7713,7714,7715,6428,7346,7716,7717,7718,6761,7719,7720,7721,7722,7723,7724,7725,7726,7727,7728,7729,7730,6103,7731,7732,276,35,7733,334,7734,7735,7736,7737,7738,7739,7740,7741,7742,7743,7744,7745,7746,7747,7748,7749,102,7750,7751,7752,7753,7754,7755,7756,7757,7758,7759,26,27,29,33,34,36,37,38,39,40,41,42,43,44,45,46,47,6106,7760,7761,317,7762,7763,7764,7765,7766,7767,7768,7769,7770,7771,7772,7773,7774,7775,7776,105,7777,301,7778,7779,7780,7781,7782,7783,7784,7785,7786,7787,7788,7789,7790,7791,7792,7793,7794,7795,7796,7797,7798,2379,7799,774,7800,7801,7802,7803,7804,7805,7806,7807,7808,2368,7809,767,7810,7811,7812,7813,7814,7815,2351,7816,7817,7818,7819,7820,7821,7822,7823,7824,7825,2364,7826,7827,7828,7829,7830,7831,7832,7833,7834,7835,2397,730,7836,7837,2390,7838,7839,7840,7841,2404,743,7842,7843,7844,2398,7845,7846,7847,7848,7849,7850,7851,7852,7853,7854,7855,7856,7857,7858
156,2420,2421,2422,2423,2424,2191,2425,538,7,598,2426,2427,2428,565,545,2429,2430,2431,2432,2433,2434,2435,2436,2437,31920,31921,31922,31923,31924,29125,31925,31926,31927,31928,31929,31930,8044,10023,31931,31932,31933,31934,31935,31936,31937,31938,31939,31940,31941,31942,31943,31944,31945,31946,31947,12863,31948,31949,31950,10024,7775,31951,31952,31953,31954,31955,31956,31957,31958,31959,31960,31961,17154,17153,31962,31963,7612,12793,8485,17280,31964,17300,7776,31965,31966,31967,31968,31969,31970,31971,31972,31973,31974,31975,17152,29128,31976,7882,157,31977,12274,31978,8046,22960,31979,31980,31981,31982,31983,31984,31985,31986,31987,31988,31989,31990,29168,31991,31992,31993,31994,31995,31996,31997,23070,31998,31999,32000,32001,32002,32003,32004,32005,32006,29126,29127,29129,28916,29130,7646,139,7697,29131,29132,29133,326,29134,29135,29136,29137,29138,29139,29140,29141,29142,32007,32008,32009,32010,7663,7951,7705,32011,32012,32013,7923,32014,32015,32016,32017,32018,32019,32020,32021,32022,7660,7592,7609,7661,7662,6079,7664,7665,7666,7667,7668,31,30,7669,7670,7671,7672,7673,7674,7675,7676,54,76,158,159,160,161,162,163,164,165,166,0,167,168,169,170,171,172,173,174,175,8435,8453,8486,8487,7704,8488,8489,7720,8490,8491,33,7778,8492,8493,8494,8495,8496,8497,8498,8499,8500,32023,32024,32025,12282,32026,32027,32028,32029,7779,32030,32031,32032,32033,32034,32035,32036,32037,32038,32039,32040,32041,32042,32043,32044,8050,21410,32045,32046,32047,32048,32049,32050,32051,32052,32053,32054,32055,32056,32057,32058,32059,32060,32061,32062,23152,32063,32064,32065,32066,32067,32068,32069,32070,32071,8045,6842,8047,8048,8049,8051,8035,39,8052,8053,8054,8055,8056,8057,8058,8059,8060,7774,105,7777,301,7780,7781,7765,7782,7783,7784,7785,7786,7787,7788,7789,7790,32072,32073,32074,32075,32076,9945,9962,32077,32078,32079,32080,32081,32082,32083,32084,32085,32086,32087,32088,32089,32090,32091,10162,32092,32093,32094,32095,2662,32096,32097,32098,32099,32100,32101,32102,10300,32103,32104,32105,2652,32106,32107,32108,32109,32110,32111,32112,32113,2633,32114,32115,32116,32117,32118,32119,32120,32121,32122,32123,2647,32124,32125,32126,32127,32128,32129,32130,32131,32132,32133,2680,32134,32135,32136,2672,32137,32138,32139,32140,2688,32141,32142,32143,32144,2681,32145,32146,32147,32148,23237,32149,32150,32151,32152,32153,32154,23247,32155,32156
176,2702,2703,2704,2705,2706,585,2707,2708,8,2709,2710,2711,2712,2713,2714,676,2715,2716,2717,2718,2719,2720,2721,2722,35387,35388,35389,35390,35391,8146,35392,8230,35393,35394,35395,35396,35397,35398,35399,35400,35401,35402,35403,35404,35405,35406,35407,35408,35409,35410,35411,35412,35413,35414,35415,35416,35417,35418,35419,35420,35421,35422,35423,35424,35425,35426,35427,35428,35429,35430,35431,35432,35433,35434,35435,35436,35437,35438,35439,35440,35441,18680,35442,35443,35444,35445,35446,35447,35448,35449,35450,35451,35452,35453,29386,7097,35454,29399,179,35455,35456,35457,21497,35458,35459,35460,35461,35462,35463,35464,35465,35466,35467,35468,35469,35470,29385,35471,35472,35473,35474,35475,35476,35477,35478,27133,35479,35480,35481,35482,35483,35484,35485,35486,8335,8336,8337,32,7940,8241,140,7972,8338,259,8339,310,37,8340,8341,8342,8343,8344,8345,8346,8347,35487,35488,35489,35490,35491,7952,35492,35493,32999,35494,32927,8034,35495,35496,35497,35498,35499,35500,35501,35502,35503,35504,35505,35506,35507,35508,8254,35509,35510,29471,35511,29396,29498,35512,35513,35514,35515,35516,35517,35518,35519,177,178,180,160,181,182,183,184,185,186,187,188,0,189,190,191,192,193,194,195,196,8442,35520,35521,8031,8616,35522,35523,35524,35525,35526,35527,9501,35528,35529,35530,35531,35532,35533,35534,35535,35536,35537,35538,35539,35540,35541,35542,35543,35544,35545,35546,35547,35548,35549,35550,35551,35552,35553,35554,35555,35556,35557,35558,25964,35559,35560,35561,263,35562,35563,35564,35565,35566,35567,35568,35569,35570,35571,35572,35573,35574,35575,35576,35577,21506,35578,35579,35580,35581,35582,35583,35584,35585,35586,35587,35588,35589,35590,35591,35592,35593,35594,35595,9550,35596,35597,35598,35599,35600,35601,35602,35603,35604,35605,35606,300,35607,35608,35609,9551,35610,35611,35612,35613,35614,35615,35616,35617,6196,9544,9545,7170,9546,299,9547,9548,9072,9549,6228,9552,9553,9554,9555,9556,9557,9558,9559,35618,35619,35620,35621,35622,35623,35624,35625,2966,35626,35627,35628,5889,35629,35630,35631,35632,35633,35634,35635,2956,35636,35637,35638,5808,35639,35640,35641,35642,2939,35643,35644,35645,35646,35647,35648,35649,35650,35651,35652,2952,35653,35654,35655,35656,35657,35658,35659,35660,35661,35662,2983,35663,35664,35665,2976,35666,35667,35668,35669,2990,35670,35671,35672,35673,2984,35674,35675,35676,35677,35678,35679,35680,35681,35682,35683,35684,35685,35686,35687
41,441,734,735,506,736,547,567,588,18,737,738,644,739,680,696,715,1,740,371,741,742,743,744,745,5961,6254,6255,6026,6256,6067,6087,6108,6257,6258,6164,6259,6200,6216,6235,25,6260,746,6261,6262,6263,6264,6265,10250,10251,10252,10253,10254,10255,8073,10256,6494,10257,10258,10259,10260,9794,10261,465,10262,5324,464,10263,10264,10265,10266,10267,10268,7226,10269,10270,8074,10271,10272,10273,9129,10274,6894,9795,10275,489,10276,5325,10277,10278,486,10279,10280,7225,7033,7227,7070,7090,7109,107,7228,7229,7230,7173,7188,7206,28,7231,1756,7232,7233,7234,7235,7236,10281,10282,10283,10284,10285,10286,10287,10288,10289,9130,10290,10291,7514,532,10292,10293,10294,10295,10296,10297,527,7802,7803,7804,7653,7670,7687,149,7805,7806,7735,7807,7767,7784,30,7808,2368,7809,767,7810,7811,7812,7870,7889,8075,7925,7942,7959,8076,8077,8004,8078,8037,8054,31,8079,5328,8080,8081,8082,8083,8084,8149,8373,8374,8203,8375,8244,8262,8376,8377,8312,8378,8341,8355,32,8379,5329,8380,8381,8382,782,8383,358,359,360,169,190,211,361,362,267,363,303,319,338,0,364,365,366,367,368,369,370,8446,10298,10299,10300,10301,10302,10303,10304,10305,10306,10307,9797,10308,611,10309,609,10310,10311,10312,10313,10314,10315,8762,10316,10317,10318,9132,10319,10320,9798,10321,631,10322,5330,10323,627,10324,10325,10326,9128,8995,9012,9131,9045,9133,9076,9092,9109,35,9134,4017,9135,9136,9137,9138,9139,10327,10328,10329,10330,9270,10331,10332,10333,10334,10335,10336,669,10337,10338,10339,10340,10341,663,10342,9600,9601,9602,9603,9604,9605,9553,9567,9582,37,9606,4498,9607,9608,776,9609,9610,9668,9680,9796,9714,9729,9799,9760,9775,38,9800,5333,9801,9802,9803,9804,9805,9867,10053,10054,9920,10055,9952,10056,10057,9998,10058,10035,39,10059,5334,10060,10061,10062,10063,792,26,27,29,33,34,36,40,42,43,44,45,46,47,10343,10344,10345,10346,10347,10348,10349,5275,10350,10351,10352,10353,10354,5323,5326,5327,19,5331,5332,5335,5336,5337,5338,5339,443,10355,10356,5270,10357,10358,10359,10360,10361,10362,10363,10364,10365,10366,5302,683,10367,10368,5295,10369,10370,551,10371,5309,10372,10373,10374,10375,5303,10376,10377,10378,10379,10380,720,10381,10382,10383,594,10384,10385,10386,10387
40,440,722,723,505,724,546,566,587,17,725,726,643,727,679,695,714,728,1,729,382,730,731,732,733,5960,6242,6243,6025,6244,6066,6086,6107,6245,6246,6163,6247,6199,6215,6234,6248,25,6249,756,6250,6251,6252,6253,10112,10113,10114,10115,10116,10117,8061,10118,6495,10119,10120,10121,10122,9782,10123,10124,466,463,5453,10125,10126,10127,10128,10129,10130,7214,10131,10132,8062,10133,10134,10135,9117,10136,6895,9783,10137,10138,490,10139,5454,485,10140,10141,10142,7213,7032,7215,7069,7089,7108,106,7216,7217,7218,7172,7187,7205,7219,28,7220,1765,7221,7222,7223,7224,10143,10144,10145,10146,10147,10148,10149,10150,10151,9118,10152,10153,7515,10154,533,10155,10156,10157,10158,526,10159,7791,7792,7793,7652,7669,7686,148,7794,7795,7734,7796,7766,7783,7797,30,7798,2379,7799,774,7800,7801,7869,7888,8063,7924,7941,7958,8064,8065,8003,8066,8036,8053,8067,31,8068,5457,8069,8070,8071,8072,8148,8362,8363,8202,8364,8243,8261,8365,8366,8311,8367,8340,8354,8368,32,8369,5458,8370,8371,8372,789,345,346,347,168,189,210,348,349,266,350,302,318,337,351,0,352,353,354,355,356,357,8445,10160,10161,10162,10163,10164,10165,10166,10167,10168,10169,9785,10170,10171,610,10172,608,10173,10174,10175,10176,10177,8761,10178,10179,10180,9120,10181,10182,9786,10183,10184,630,10185,5459,10186,626,10187,10188,9116,8994,9011,9119,9044,9121,9075,9091,9108,9122,35,9123,4026,9124,9125,9126,9127,10189,10190,10191,10192,9269,10193,10194,10195,10196,10197,10198,10199,668,10200,10201,10202,10203,10204,662,9589,9590,9591,9592,9593,9594,9552,9566,9581,9595,37,9596,4509,769,9597,9598,9599,9667,9679,9784,9713,9728,9787,9759,9774,9788,38,9789,5462,9790,9791,9792,9793,9866,10042,10043,9919,10044,9951,10045,10046,9997,10047,10034,10048,39,10049,5463,10050,10051,785,10052,10205,10206,10207,10208,10209,10210,10211,10212,5128,10213,10214,10215,10216,26,27,29,33,34,36,41,42,43,44,45,46,47,442,10217,10218,5112,10219,10220,10221,10222,10223,10224,10225,5452,5455,5456,20,5460,5461,5464,5465,5466,5467,5468,10226,550,10227,5145,10228,10229,10230,5138,10231,10232,10233,10234,5152,684,10235,10236,10237,5146,10238,10239,593,10240,10241,10242,10243,10244,10245,10246,10247,10248,721,10249
382,5452,5453,5454,5455,5456,2379,5457,5458,20,608,5459,5460,5461,4509,5462,5463,5128,43,40,5464,5465,5466,5467,5468,67968,67969,67970,67971,67972,31474,67973,67974,67975,67976,67977,67978,57606,67979,67980,64730,756,6248,10571,67981,67982,67983,67984,67985,67986,67987,67988,67989,67990,67991,67992,15326,67993,67994,67995,67996,67997,67998,10205,6643,722,67999,68000,68001,68002,68003,68004,68005,19649,19648,68006,68007,68008,15297,8658,19712,68009,18837,68010,68011,68012,6971,723,68013,6937,68014,68015,68016,68017,68018,19647,31477,68019,29545,383,68020,49109,68021,38763,68022,68023,64733,757,7223,68024,23761,68025,68026,1765,68027,68028,68029,31511,68030,68031,68032,68033,68034,68035,68036,68037,68038,68039,10543,10157,68040,68041,10156,10538,68042,31475,31476,31478,29086,31479,31480,151,7706,31481,31482,31483,31484,31485,31184,549,546,31486,31487,10590,31488,31489,68043,68044,68045,68046,68047,7961,7974,68048,35012,68049,33074,34287,64735,569,566,68050,68051,68052,10239,68053,68054,68055,68056,68057,68058,68059,8264,8279,68060,31536,68061,29544,30800,64736,590,587,68062,10227,68063,68064,10603,66,88,384,171,192,385,234,252,386,387,305,321,340,353,366,0,388,389,390,391,392,8443,8460,8659,8493,8512,8532,8660,8661,8585,8662,8618,8633,8650,8663,33,725,8664,8665,8666,8667,8668,68065,47056,68066,15339,68067,49085,49084,68068,68069,68070,68071,8935,726,68072,68073,8902,68074,68075,68076,68077,68078,68079,68080,49083,57611,68081,57189,64738,759,9127,68082,68083,51852,4026,68084,68085,68086,68087,68088,68089,68090,68091,68092,57626,68093,68094,68095,10569,10203,68096,10201,68097,68098,10565,57607,57608,57609,9504,57610,57612,38750,57613,57614,57327,682,679,57615,10586,57616,57617,57618,68099,59954,68100,9716,68101,68102,68103,68104,64740,698,695,68105,68106,68107,68108,10248,68109,68110,68111,57627,68112,9954,9968,68113,68114,68115,68116,64741,717,714,68117,68118,10235,10600,68119,64731,64732,64734,10171,64737,64739,64609,728,5542,64742,64743,64744,64745,466,488,758,611,629,760,741,1,761,762,763,764,765,440,505,724,17,643,727,729,730,731,732,733,68120,68121,68122,5290,68123,68124,68125,68126,68127,68128,68129,68130,7829,68131,5560,68132,10050,68133,5553,68134,68135,68136,8371,5567,9628,68137,68138,68139,5561,68140,68141,8402,10808,9792,68142,68143,68144,8072,68145,10889,68146,10083,68147
371,5323,5324,5325,5326,5327,2368,5328,5329,19,609,5330,5331,5332,4498,5333,5334,42,5275,5335,41,5336,5337,5338,5339,66659,66660,66661,66662,66663,31350,66664,66665,66666,66667,66668,66669,57489,66670,66671,746,66235,10461,6260,66672,66673,66674,66675,66676,66677,66678,66679,66680,66681,66682,66683,15201,66684,66685,66686,66687,66688,66689,6632,10343,66690,734,66691,66692,66693,66694,66695,66696,19524,19523,66697,66698,66699,15172,8669,19587,66700,18826,66701,66702,6959,66703,66704,735,66705,6947,66706,66707,66708,66709,19522,31353,66710,29535,372,66711,48991,66712,38654,66713,66714,747,66238,66715,7236,66716,23667,1756,66717,66718,66719,66720,31387,66721,66722,66723,66724,66725,66726,66727,66728,66729,10432,66730,66731,10296,10293,66732,66733,10429,31351,31352,31354,29075,31355,31356,150,7707,31357,31358,31359,31360,31361,548,31313,31362,547,10473,31363,31364,31365,66734,66735,66736,66737,66738,7960,7975,66739,34904,66740,33065,34277,568,66240,66741,567,66742,66743,66744,10383,66745,66746,66747,66748,66749,66750,8263,8280,66751,31412,66752,29534,30790,589,66241,66753,588,66754,10371,10487,66755,65,87,373,170,191,374,233,251,375,376,304,320,339,352,365,377,0,378,379,380,381,8444,8461,8670,8494,8513,8533,8671,8672,8586,8673,8619,8634,8651,33,8674,8675,737,8676,8677,8678,8679,66756,47045,66757,15214,66758,48967,48966,66759,66760,66761,8925,66762,66763,738,8912,66764,66765,66766,66767,66768,66769,66770,66771,48965,57494,66772,57180,749,66243,66773,9138,51744,66774,66775,4017,66776,66777,66778,66779,66780,66781,66782,66783,57509,66784,66785,10460,66786,66787,10340,66788,10338,10456,66789,57490,57491,57492,9505,57493,57495,38641,57496,57497,681,57452,57498,680,57499,10483,57500,57501,66790,59848,66791,9715,66792,66793,66794,66795,697,66245,66796,696,66797,66798,10380,66799,66800,66801,66802,57510,66803,9953,9969,66804,66805,66806,66807,716,66246,66808,715,10367,66809,66810,10496,465,487,748,610,628,750,729,751,1,752,753,754,755,66236,66237,66239,10309,66242,66244,66193,5413,740,66247,66248,66249,66250,66811,66812,66813,5123,66814,66815,66816,66817,66818,66819,66820,441,506,736,18,644,739,741,742,743,744,745,66821,66822,8381,5431,9617,66823,66824,5424,66825,66826,7820,66827,5438,66828,10062,66829,66830,5432,66831,8083,66832,10809,66833,10072,66834,66835,66836,8393,10890,9805,66837,66838
402,5682,5683,5684,1783,5685,5686,5687,5688,22,615,5689,4044,5690,5691,5692,5693,5146,5303,5694,5695,47,5696,45,5697,70314,70315,70316,23877,70317,70318,70319,70320,70321,70322,51956,70323,70324,70325,70326,64886,66479,70327,70328,6313,10744,773,70329,70330,70331,70332,70333,70334,70335,70336,70337,15534,70338,70339,70340,70341,70342,70343,70344,70345,70346,70347,787,70348,6662,10913,70349,70350,19873,18445,70351,70352,70353,6828,6850,18649,70354,19926,70355,70356,10142,70357,70358,70359,492,70360,490,70361,23878,20638,19872,23879,23880,23881,111,7134,23882,23883,23884,23885,23886,23410,23559,10415,23887,512,23888,510,23889,70362,70363,70364,51970,70365,70366,7416,7439,70367,51958,70368,70369,70370,10158,70371,10433,70372,533,70373,531,70374,70375,70376,70377,70378,35163,70379,403,70380,70381,51959,22666,60181,23946,64890,2398,70382,31579,7801,70383,774,70384,70385,70386,70387,70388,70389,15510,8724,70390,33890,70391,35183,35166,64891,66481,70392,8122,788,70393,8093,70394,70395,70396,70397,70398,70399,70400,70401,70402,70403,51972,70404,51982,60128,64892,10721,70405,10876,10494,70406,10234,70407,68,90,132,173,404,405,236,254,271,290,406,323,407,355,368,379,390,0,408,409,410,8450,8467,8484,8500,8725,8539,8726,8576,8592,8610,8625,8727,8728,8668,8679,8690,8701,790,8717,33,8729,70408,49311,70409,8796,70410,49296,22463,70411,70412,70413,70414,10326,70415,70416,633,70417,631,70418,51957,51960,51961,9035,50571,22665,51962,51963,51964,51501,51643,51965,10553,650,51966,648,51967,70419,70420,70421,70422,70423,9286,9306,70424,23933,70425,70426,70427,10341,70428,10570,669,70429,667,70430,70431,70432,26649,70433,70434,70435,70436,60134,70437,4528,66484,57587,70438,9610,70439,776,70440,70441,58375,70442,15546,70443,70444,70445,70446,64893,66485,9843,70447,791,70448,9824,70449,70450,70451,70452,23935,70453,70454,70455,70456,70457,70458,70459,10743,66486,10911,70460,10606,70461,10373,70462,64887,64888,64889,10176,8905,9385,64625,64894,5561,733,64895,731,64896,66480,6951,7536,10314,66482,66483,66218,5432,66487,745,66488,743,66489,70463,70464,70465,5125,9146,9406,70466,755,70467,753,70468,70469,7251,7555,5292,70470,70471,70472,765,70473,763,70474,447,553,789,24,686,792,772,1,793,70475,70476,70477,5769,70478,70479,70480,778,5762,468,571,775,613,700,777,779,70481,70482,70483,10891,70484,70485,70486
393,5581,5582,5583,1774,5584,5585,5586,5587,21,614,5588,4035,5589,5590,5591,5592,5138,5295,5593,5594,5595,46,5596,44,69277,69278,69279,23781,69280,69281,69282,69283,69284,69285,51865,69286,69287,69288,69289,64818,66411,69290,69291,10669,6306,69292,766,69293,69294,69295,69296,69297,69298,69299,69300,15444,69301,69302,69303,69304,69305,69306,69307,69308,69309,69310,69311,780,10832,6654,69312,69313,19773,18436,69314,69315,69316,6827,6849,18640,69317,19826,69318,69319,69320,10279,69321,69322,69323,491,69324,489,23782,20629,19772,23783,23784,23785,110,7133,23786,23787,23788,23789,23790,23402,23551,23791,10524,23792,511,23793,509,69325,69326,69327,51879,69328,69329,7415,7438,69330,51867,69331,69332,69333,69334,10295,69335,10542,69336,532,69337,530,69338,69339,69340,69341,35071,69342,394,69343,69344,51868,22657,60095,23850,2390,66415,31448,69345,69346,7811,69347,767,69348,69349,69350,69351,69352,15420,8718,69353,33881,69354,35091,35074,64820,66416,8112,69355,69356,781,69357,8102,69358,69359,69360,69361,69362,69363,69364,69365,69366,51881,69367,51891,60042,10645,66417,10794,69368,69369,10598,69370,10366,67,89,131,172,395,396,235,253,270,289,397,322,398,354,367,378,389,399,0,400,401,8449,8466,8483,8499,8719,8538,8720,8575,8591,8609,8624,8721,8722,8667,8678,8689,8700,8709,783,8723,33,69371,49216,69372,8795,69373,49201,22454,69374,69375,69376,10187,69377,69378,69379,69380,632,69381,630,51866,51869,51870,9034,50563,22656,51871,51872,51873,51493,51635,10442,51874,51875,649,51876,647,69382,69383,69384,69385,69386,9285,9305,69387,23837,69388,69389,10202,69390,10459,69391,69392,668,69393,666,69394,69395,26641,69396,69397,69398,69399,60048,69400,64823,4520,69401,57697,69402,9598,69403,769,69404,58366,69405,15456,69406,69407,69408,69409,64824,66418,69410,9833,69411,784,69412,9813,69413,69414,69415,23839,69416,69417,69418,69419,69420,69421,69422,64825,10667,69423,10829,69424,10490,69425,10229,64819,6939,7524,10175,64821,64822,64618,64826,5553,64827,732,64828,730,66412,66413,66414,10313,8915,9395,66211,5424,66419,66420,744,66421,742,69426,7242,7545,5124,69427,69428,69429,69430,754,69431,752,69432,69433,69434,5291,9153,9414,69435,69436,764,69437,762,69438,69439,69440,5669,69441,69442,69443,5661,771,446,552,782,23,685,785,779,786,1,69444,69445,69446,10810,69447,69448,69449,467,570,768,612,699,770,772
47,447,787,492,512,533,553,788,789,24,790,633,650,669,686,791,792,733,745,755,765,772,402,1,793,5967,6307,6012,6032,6053,6073,6308,6309,6310,6153,6170,6189,6206,6311,6312,6253,6265,6275,6285,6292,773,25,6313,10839,10840,6997,10841,10842,10843,10844,10845,6497,8962,10846,10847,10848,10849,10850,10851,10852,10492,10602,470,5683,468,10853,6694,6715,6733,6752,6773,6998,6999,6830,7000,6866,6882,6897,7001,7002,6940,6951,6962,6973,6981,5684,27,7003,7274,7039,7057,7076,7275,7276,113,7277,7149,7165,7179,7278,7279,7224,7236,747,7252,7259,1783,28,7280,7298,7579,7337,7357,7580,7581,7418,7582,7452,7465,7481,7583,7584,724,7537,7546,7555,7563,5685,29,7585,7852,7624,7641,7659,7853,7854,155,7855,7728,7741,7759,7856,7857,7801,7812,7822,7832,7838,2398,30,7858,10854,10855,10856,10857,10858,10859,10860,8963,8005,10861,9651,10862,10245,10383,10493,573,10677,5687,568,10863,10864,10865,10866,10867,10868,10869,10870,10871,10872,10873,8327,9652,10874,10246,594,10494,10603,10875,10876,587,10877,418,92,134,419,420,217,421,256,273,292,309,422,423,357,370,381,392,401,410,0,424,8447,10878,10879,10880,10881,10882,10883,8965,10884,10885,10886,10887,10888,10889,10890,10495,10604,10679,615,612,10891,8748,8764,8964,8798,8815,8830,8845,8862,8966,8967,8905,8916,8927,8938,8946,5689,34,8968,9177,9178,9179,9180,9051,9066,9082,9181,9182,9127,9139,9147,759,9162,4044,35,9183,9201,9439,9236,9440,9441,9288,9442,9325,9341,9443,9444,9386,739,9406,9415,9423,5690,36,9445,9650,9476,9493,9653,9527,9543,9559,9654,9655,9599,9610,9620,9630,9636,4528,37,9656,10892,9682,10893,10894,10895,10896,10897,10898,10248,10385,702,10605,10680,5692,698,10899,10900,10901,10902,10903,9935,10904,10905,10906,10907,10908,10909,721,10386,10496,10606,10910,10911,715,10912,10244,10142,10159,10247,10188,662,10216,10225,5468,10231,5146,40,10249,10382,10280,527,10384,10326,10342,10354,5339,10363,10369,5303,41,10387,10404,10416,10433,5127,645,10460,10471,10478,5694,42,10497,10514,508,10543,5294,10554,10570,10581,10588,5695,43,10607,444,10632,10678,5681,10655,10681,10676,44,10682,5682,5686,5688,22,5691,5693,5696,45,5697,26,31,32,33,38,39,46,10913,10914,10915,10916,10917,10918,10919
46,446,780,491,511,532,552,781,782,23,783,632,649,668,685,784,785,732,744,754,764,393,779,786,1,5966,6300,6011,6031,6052,6072,6301,6302,6303,6152,6169,6188,6205,6304,6305,6252,6264,6274,6284,766,6299,6306,25,10758,10759,6990,10760,10761,10762,10763,10764,6496,8955,10765,10766,10767,10768,10769,10770,10771,10486,10596,5582,469,10772,467,6693,6714,6732,6751,6772,6991,6992,6829,6993,6865,6881,6896,6994,6995,6939,6950,6961,6972,5583,6989,6996,27,7267,7038,7056,7075,7268,7269,112,7270,7148,7164,7178,7271,7272,7223,7235,7244,757,1774,7266,7273,28,7297,7572,7336,7356,7573,7574,7417,7575,7451,7464,7480,7576,7577,7526,736,7545,7554,5584,7571,7578,29,7845,7623,7640,7658,7846,7847,154,7848,7727,7740,7758,7849,7850,7800,7811,7821,7831,2390,7844,7851,30,10773,10774,10775,10776,10777,10778,10779,8956,8006,10780,9644,10781,10239,10377,572,10597,5586,10752,10782,569,10783,10784,10785,10786,10787,10788,10789,10790,10791,10792,8328,9645,10793,593,10378,10487,10598,10794,10795,10796,588,411,91,133,412,413,216,414,255,272,291,308,415,416,356,369,380,391,400,409,417,0,8448,10797,10798,10799,10800,10801,10802,8958,10803,10804,10805,10806,10807,10808,10809,10488,10599,614,10754,10810,613,8747,8763,8957,8797,8814,8829,8844,8861,8959,8960,8904,8915,8926,8937,5588,8954,8961,34,9170,9171,9172,9173,9050,9065,9081,9174,9175,9126,9138,749,9155,4035,9169,9176,35,9200,9432,9235,9433,9434,9287,9435,9324,9340,9436,9437,727,9397,9405,9414,5589,9431,9438,36,9643,9475,9492,9646,9526,9542,9558,9647,9648,9598,9609,9619,9629,4520,9642,9649,37,10811,9681,10812,10813,10814,10815,10816,10817,10241,10380,10489,701,5591,10755,10818,697,10819,10820,10821,10822,9934,10823,10824,10825,10826,10827,10828,10242,720,10490,10600,10829,10830,10831,714,10238,10141,526,10240,10187,10204,10215,10224,5467,5138,10237,10243,40,10376,10279,10297,10379,10325,663,10353,5338,10362,5295,10375,10381,41,10403,507,10432,5126,10444,10459,10470,5593,10485,10491,42,10513,10526,10542,5293,646,10569,10580,5594,10595,10601,43,5581,5585,5587,21,5590,5592,5595,5596,44,445,10707,10753,5776,10730,10756,10751,10757,45,10832,10833,10834,10835,10836,10837,10838,26,31,32,33,38,39,47
197,3004,3005,3006,1297,3007,2510,3008,3009,961,9,3010,3011,3012,3013,3014,3015,3016,3017,3018,3019,3020,3021,3022,3023,39140,39141,39142,17697,39143,33109,39144,39145,223,39146,39147,39148,39149,39150,39151,39152,39153,39154,39155,39156,39157,39158,39159,39160,39161,39162,39163,39164,39165,39166,39167,39168,39169,39170,39171,39172,39173,39174,39175,39176,39177,39178,39179,39180,39181,39182,39183,39184,17699,21799,39185,39186,33277,39187,198,20775,39188,39189,39190,39191,39192,39193,39194,39195,39196,39197,39198,39199,17698,16115,17700,17232,17701,17702,11751,78,17703,17704,17705,17706,17707,17708,17709,17710,17711,17712,17713,17714,17715,39200,39201,39202,39203,39204,39205,39206,22324,39207,39208,39209,39210,39211,39212,39213,39214,39215,39216,39217,39218,39219,33110,33111,33112,32703,29584,33113,12857,161,29670,33114,33115,21665,29588,33116,33117,33118,33119,33120,33121,33122,33123,39220,39221,39222,39223,39224,39225,200,39226,39227,17843,30906,29587,39228,39229,39230,39231,39232,39233,39234,39235,39236,39237,39238,39239,39240,39241,39242,32805,39243,39244,39245,34391,33276,39246,39247,39248,39249,39250,39251,39252,39253,13315,13316,13317,13318,13319,11424,56,13320,13321,13322,13323,13324,13325,13326,13327,13328,13329,13330,13331,13332,13333,0,99,199,141,201,202,203,204,205,206,207,208,209,210,211,212,213,214,215,216,217,39254,39255,39256,39257,39258,39259,17842,39260,39261,30693,39262,39263,39264,39265,39266,39267,39268,39269,39270,39271,39272,242,25803,16675,39273,39274,39275,39276,39277,39278,39279,39280,39281,39282,39283,39284,39285,39286,39287,39288,39289,16042,39290,39291,39292,39293,39294,39295,39296,39297,39298,39299,39300,39301,39302,39303,39304,313,39305,39306,39307,39308,39309,39310,39311,39312,39313,39314,39315,39316,39317,39318,39319,22326,39320,39321,39322,39323,39324,39325,39326,39327,39328,39329,39330,39331,39332,39333,39334,39335,39336,39337,39338,30696,39339,39340,39341,39342,39343,39344,39345,39346,39347,39348,39349,39350,39351,39352,39353,374,39354,39355,39356,39357,3233,39358,39359,39360,39361,39362,39363,39364,385,39365,39366,39367,3245,39368,39369,39370,39371,39372,39373,39374,39375,39376,39377,39378,39379,39380,39381,39382,39383,39384,39385,39386,39387,39388,39389,39390,39391,39392,39393,39394,39395,39396,39397,39398,39399,39400,39401,3291,39402,39403,39404,39405,39406,39407,39408,39409,39410,3298,39411,39412,39413,405,39414,39415,39416,39417,39418,39419,396,39420,39421,39422
257,3844,3845,1003,987,986,3846,3847,3848,967,12,3689,3849,3850,3851,3852,3853,3854,3855,3856,3857,3858,3859,3860,3861,49535,49536,14130,13680,49537,49538,49539,49540,9022,49541,49542,49543,49544,49545,49546,49547,49548,49549,49550,49551,49552,49553,49554,49555,49556,13877,14131,49557,49558,49559,49560,49561,47749,49562,49563,49564,49565,49566,49567,49568,49569,49570,49571,49572,49573,49574,13876,11775,59,58,12649,13878,13879,11758,80,7399,13880,13470,13881,13882,13883,13884,13885,13886,13887,13888,13889,13890,13681,12053,57,13682,12905,13683,12037,81,275,13684,13685,315,13686,13687,13688,13689,13690,13691,13692,13693,13694,13585,13665,11088,13603,13666,13667,12321,8787,13653,13668,13669,13670,13671,13672,13673,13674,13675,13676,13677,13678,13679,49575,49576,49577,49578,30251,49579,13419,8305,30115,49580,49581,8304,30254,49582,49583,49584,49585,49586,49587,49588,49589,49590,49591,49592,49593,49594,49595,258,47751,49596,18335,49597,18384,49598,49599,49600,49601,49602,49603,49604,49605,49606,49607,49608,49609,49610,49611,49612,49613,47768,49614,49615,49616,47781,49617,49618,49619,49620,49621,49622,49623,49624,13320,56,12051,13370,13420,13421,6486,13422,13423,13424,13425,13426,13427,13428,13429,13430,13431,13432,13433,13434,13435,35,0,123,144,259,205,260,244,261,262,263,264,265,266,267,268,269,270,271,272,273,47748,47750,47752,13636,47616,47753,18334,47754,47755,47756,47757,47758,47759,47760,47761,47762,47763,47764,49625,49626,49627,7406,49628,18318,49629,49630,49631,49632,49633,49634,49635,49636,49637,49638,49639,49640,49641,49642,49643,49644,14100,14117,49645,49646,18368,49647,49648,49649,49650,49651,49652,49653,49654,49655,49656,49657,13637,9086,49658,49659,49660,49661,49662,49663,49664,49665,49666,49667,49668,49669,49670,49671,49672,8789,49673,49674,49675,49676,49677,49678,49679,49680,49681,49682,49683,49684,49685,49686,49687,18370,49688,49689,49690,49691,49692,49693,49694,49695,49696,49697,49698,49699,49700,49701,49702,49703,49704,49705,49706,3998,49707,49708,49709,49710,3991,49711,49712,49713,49714,49715,49716,49717,4012,49718,49719,49720,4004,49721,49722,49723,49724,49725,49726,49727,49728,49729,49730,49731,49732,49733,49734,49735,49736,49737,49738,49739,49740,49741,49742,49743,49744,49745,49746,49747,49748,49749,49750,15445,49751,49752,49753,4053,49754,49755,49756,49757,15535,49758,49759,49760,49761,4060,49762,49763,49764,4051,49765,49766,49767,49768,49769,49770,4043,49771,49772,49773
275,4085,4086,987,4087,985,4088,4089,4090,4091,13,3705,3689,4092,4093,3740,4094,4095,4096,4097,4098,4099,4100,4101,4102,52438,52439,49543,52440,49541,52441,52442,52443,52304,52444,47748,52445,52446,52447,52448,52449,52450,52451,52452,52453,52454,52455,52456,52457,52458,13681,52459,52460,52461,52462,52463,52464,47945,49557,14131,52465,48383,52466,52467,52468,52469,52470,52471,52472,52473,52474,13680,59,12053,57,13682,12905,13683,12037,81,257,13684,13685,315,13686,13687,13688,13689,13690,13691,13692,13693,13694,52475,52476,12052,52477,52478,52479,52480,6819,22552,52481,52482,22590,52483,52484,52485,52486,52487,52488,52489,52490,52491,13648,11448,11350,13649,12879,13650,13651,243,13652,13653,13654,13655,13656,13657,13658,13659,13660,13661,13662,13663,13664,52492,52493,52494,52495,52496,52497,52498,52270,30070,47750,52499,48384,52500,52501,52502,52503,52504,52505,52506,52507,52508,52509,52510,52511,52512,52513,52514,277,33927,52515,18538,52516,18592,52517,52518,52519,52520,52521,52522,52523,52524,52525,52526,52527,52528,52529,52530,52531,52532,33931,52533,52534,52535,47975,52536,52537,52538,52539,52540,52541,52542,52543,13317,12051,52544,52545,52546,52547,52217,50613,13636,13422,52548,52549,52550,52551,52552,52553,52554,52555,52556,52557,52558,274,102,0,276,278,279,280,245,262,281,282,283,284,285,286,287,288,289,290,291,292,47944,47946,47947,47948,45073,47616,18536,47949,45543,47950,47951,47952,47953,47954,47955,47956,47957,47958,47749,47751,47752,244,47753,18334,47754,47755,47756,47757,47758,47759,47760,47761,47762,47763,47764,52559,52560,52561,52562,52563,52564,14118,52565,52566,18574,52567,52568,52569,52570,52571,52572,52573,52574,52575,52576,52577,52578,52337,52579,52580,52581,48387,52582,52583,52584,52585,52586,52587,52588,52589,52590,48382,48342,247,48385,45527,48386,45563,48388,48389,48390,48391,48392,48393,48394,48395,48396,52591,52592,18576,52593,52594,52595,52596,52597,52598,52599,52600,52601,52602,52603,52604,52605,52606,52607,52608,52609,52610,52611,4265,52612,52613,52614,52615,4259,52616,52617,52618,52619,52620,52621,52622,4277,52623,52624,52625,4270,52626,52627,52628,52629,52630,52631,52632,52633,52634,52635,52636,52637,5398,52638,52639,52640,52641,52642,52643,52644,52645,52646,52647,52648,5527,52649,52650,52651,52652,52653,52654,52655,52656,52657,4317,52658,52659,52660,52661,52662,52663,52664,52665,52666,4324,52667,52668,52669,4315,52670,52671,52672,52673,52674,52675,4307,52676,52677,52678
293,4331,4332,4333,4334,4335,952,951,4336,971,14,4337,4338,4339,4340,2734,1040,4341,4342,4343,4344,4345,4346,4347,4348,55481,55482,55483,55484,55485,13232,13115,35694,9496,55486,55487,55488,55489,35701,55490,55491,55492,55493,55494,55495,55496,55497,55498,55499,55500,55501,55502,55503,13116,13219,55504,55505,55506,55507,55508,55509,35885,35720,55510,55511,55512,55513,55514,55515,55516,55517,55518,55519,22696,22695,47231,13220,33028,55520,294,25979,55521,55522,35886,55523,55524,55525,55526,55527,55528,55529,55530,55531,55532,55533,22694,13233,55534,55535,13481,9327,9326,55536,55537,22786,55538,55539,55540,55541,55542,55543,55544,55545,55546,55547,55548,55549,47184,34166,55550,55551,55552,55553,55554,55555,55556,55557,55558,55559,55560,55561,55562,55563,55564,55565,13053,11733,13234,12596,55,13127,12611,160,241,13235,13236,177,61,13237,13238,13239,13240,13241,13242,13243,13244,13031,12011,13221,12848,13126,12020,166,13222,13193,13223,9942,60,13224,13225,13226,13227,13228,13229,13230,13231,55566,55567,55568,55569,55570,55571,13145,13162,34194,55572,55573,34223,33027,55574,55575,55576,55577,55578,55579,55580,55581,13324,13340,13482,56,13390,13483,6490,13426,13484,13485,13472,13486,12669,13487,13488,13489,13490,13491,13492,13493,13494,37,103,295,0,187,207,296,297,263,298,299,300,301,302,303,304,305,306,307,308,309,55582,46942,55583,55584,55585,50773,50772,55586,35888,9708,55587,55588,55589,55590,55591,55592,55593,55594,55595,49855,55596,9514,55597,50771,55598,55599,14514,55600,55601,55602,55603,55604,55605,55606,55607,55608,55609,47097,55610,55611,55612,55613,55614,55615,55616,55617,55618,55619,55620,55621,55622,55623,55624,55625,55626,55627,55628,9562,55629,55630,55631,35890,14354,55632,55633,55634,55635,55636,55637,55638,55639,35699,35757,35887,14516,35856,35889,35891,14368,35892,35893,35894,35895,35896,35897,35898,35899,13032,13052,14290,14363,14364,14365,9711,14322,14366,14367,11157,14369,14370,14371,14372,14373,14374,14375,14376,55640,55641,55642,4481,55643,55644,55645,55646,4474,55647,55648,55649,55650,55651,55652,55653,4494,55654,55655,55656,4486,55657,55658,55659,55660,55661,55662,55663,55664,15205,55665,55666,55667,55668,55669,55670,55671,55672,55673,55674,15330,55675,55676,55677,55678,55679,55680,55681,55682,47257,55683,55684,55685,55686,55687,4536,55688,55689,47245,55690,55691,55692,55693,55694,55695,4543,55696,55697,55698,4534,55699,55700,55701,55702,55703,55704,4527,55705,55706,55707
327,4769,4770,1267,4771,4772,2121,2609,924,4773,16,4774,4775,4776,4777,931,4778,4779,4780,4781,4782,4783,4784,4785,4786,60589,60590,60591,60592,60593,28191,60594,28090,60426,60595,60596,60597,60598,28095,60599,60600,60601,60602,60603,60604,60605,60606,60607,60608,60609,17312,60610,60611,28111,34343,60612,60613,60614,60615,19162,60616,12937,14821,60617,60618,60619,60620,60621,60622,60623,60624,17311,16146,17313,17314,16928,17207,76,17315,328,17316,17317,17302,84,17318,17319,17320,17321,17322,17323,17324,17325,17326,60625,60626,60627,28192,60628,60629,60630,60390,60631,60632,60633,22916,60634,60635,60636,60637,60638,60639,60640,60641,60642,60643,60644,60645,60646,34381,60647,60648,60649,60650,60651,60652,19052,60653,60654,60655,60656,60657,60658,60659,60660,60661,28110,28128,28193,28178,28194,12575,12860,139,28195,28196,28197,135,28198,28199,28200,28201,28202,28203,28204,28205,28206,34342,34344,34345,32802,12826,34346,167,34347,34348,34349,34350,30864,34351,34352,34353,34354,34355,34356,34357,34358,12823,11387,11717,12824,12825,11410,12827,159,12828,12829,12830,12831,54,12832,12833,12834,12835,12836,12837,12838,12839,13319,60662,60663,30860,60664,60665,60371,60666,60667,60668,60669,12867,13368,60670,60671,60672,60673,60674,60675,60676,60677,326,329,330,147,0,331,332,333,334,335,301,317,336,337,338,339,340,341,342,343,344,60678,60679,60680,60681,60682,60683,59448,60684,12941,59468,60685,60686,60687,60688,60689,60690,60691,60692,60693,49778,60694,60442,60695,60696,60697,60698,60699,60700,60701,60702,60703,60704,60705,60706,60707,60708,60709,60710,60711,53235,60712,60713,60714,60715,19137,60716,60717,60718,60719,60720,60721,60722,60723,60724,60725,57056,60726,9712,60727,60728,60729,12927,60730,60731,60732,60733,60734,60735,60736,60737,60738,12936,12938,12939,12940,12942,12943,62,12944,12945,12946,12947,12948,12949,12950,12951,12952,60739,60740,19138,60741,60742,60743,14764,60744,60745,60746,60747,60748,60749,60750,60751,60752,60753,60754,60755,60756,60757,60758,4944,60759,60760,60761,60762,4937,60763,60764,60765,60766,60767,60768,60769,4957,60770,60771,60772,4949,60773,60774,60775,60776,60777,60778,60779,60780,60781,60782,60783,60784,5649,60785,60786,60787,60788,60789,60790,60791,60792,60793,60794,60795,5750,60796,60797,60798,60799,60800,60801,60802,60803,60804,4997,60805,60806,60807,60808,60809,60810,60811,60812,60813,5003,60814,60815,60816,4995,60817,60818,60819,60820,60821,60822,4988,60823,60824,60825
26,448,449,450,451,452,453,454,455,456,1,457,458,459,460,461,462,463,464,465,466,467,468,469,470,6314,6315,6316,6317,6318,6319,6320,6321,6120,6322,6323,6324,6325,6326,6327,6328,6329,6330,6331,6332,6333,6334,6335,6336,6337,6338,6339,6340,6341,6342,6343,6344,6345,6346,6347,6348,6349,6350,6351,6352,6353,6354,6355,6356,6357,6358,6359,6360,6361,6362,6363,6364,6365,6366,27,6367,6368,6369,6370,6371,6372,6373,6374,6375,6376,6377,6378,6379,6380,6381,6382,6383,6384,6385,6386,5998,6387,6388,6389,6390,6391,6392,6393,6394,6395,6396,6397,6398,6399,6400,6401,6402,6403,6404,6405,6406,6407,6408,6409,6410,6411,6412,6413,6414,6415,6416,6417,6418,6419,6420,6421,6422,6423,6424,6425,6426,6427,6079,6428,6429,6430,6431,6432,6433,6434,6435,6436,6437,6438,6439,6440,6441,6442,6443,6444,6445,6446,31,6447,6448,6449,6450,6451,6452,6453,6454,6455,6456,6457,6458,6459,6460,6461,6462,6463,6464,6465,6466,6467,6468,6469,6470,6471,6472,6473,6474,6475,6476,6477,6478,6479,6480,56,6481,6482,6483,6484,6485,5976,6486,6487,6488,6489,6490,6491,6492,6493,6494,6495,6496,6497,6498,6499,25,28,29,30,32,0,33,34,35,36,37,38,39,40,41,42,43,44,45,46,47,6500,6501,6502,6503,6504,6505,6506,6507,6508,6509,6510,6511,6512,6513,6514,6515,6516,6517,6518,6519,6520,6139,6521,6522,6523,6524,6525,6526,6527,6528,6529,6530,6531,6532,6533,6534,6535,6536,6537,6538,6539,6540,6541,6542,6543,6544,6545,6546,6547,6548,6549,6550,6551,6552,6553,6554,6555,6210,6556,6557,6558,6559,6560,6561,6562,6563,6564,6565,6566,6567,6568,6569,6570,6571,6572,6573,6574,6575,6576,6577,6578,6579,6580,6581,6582,6583,6584,6585,6586,6587,6588,6589,6590,6591,6592,6593,6594,6595,6596,6597,6598,6599,6600,6601,6602,6603,6604,6605,6606,729,6607,6608,6609,6610,722,6611,6612,6613,6614,6615,6616,6617,741,6618,6619,6620,734,6621,6622,6623,6624,6625,6626,6627,6628,6629,6630,6631,6632,6633,6634,6635,6636,6637,6638,6639,6640,6641,6642,6643,6644,6645,6646,6647,6648,6649,6650,6651,6652,6653,6654,780,6655,6656,6657,6658,6659,6660,6661,6662,6663,787,6664,6665,6666,779,6667,6668,6669,6670,6671,6672,772,6673,6674,6675
49,816,817,818,819,820,821,822,823,824,2,825,826,827,828,829,830,831,832,833,834,835,836,837,838,11257,11258,11259,11260,11261,11262,11263,11264,8524,11265,11266,11267,11268,11269,11270,11271,11272,11273,11274,11275,11276,11277,11278,11279,11280,11281,11282,11283,11284,11285,11286,11287,11288,11289,11290,11291,11292,11293,11294,11295,11296,11297,11298,11299,11300,11301,11302,11303,11304,11305,11306,11307,11308,11309,50,11310,11311,11312,11313,11314,11315,11316,11317,11318,11319,11320,11321,11322,11323,11324,11325,11326,11327,11328,11329,10972,11330,11331,11332,11333,11334,11335,11336,11337,11338,11339,11340,11341,11342,11343,11344,11345,11346,11347,11348,11349,11350,11351,11352,11353,11354,11355,11356,11357,11358,11359,11360,11361,11362,11363,11364,11365,11366,11367,11368,11369,11370,11050,11371,11372,11373,11374,11375,11376,11377,11378,11379,11380,11381,11382,11383,11384,11385,11386,11387,11388,11389,54,11390,11391,11392,11393,11394,11395,11396,11397,11398,11399,11400,11401,11402,11403,11404,11405,11406,11407,11408,11409,11410,11411,11412,11413,11414,11415,11416,11417,11418,11419,11420,11421,11422,11423,11424,11425,11426,11427,11428,11429,10950,11430,11431,11432,11433,11434,11435,11436,11437,11438,11439,11440,11441,11442,11443,48,51,52,53,55,56,0,57,58,59,60,61,62,63,64,65,66,67,68,69,70,11444,11445,11446,11447,11448,11449,11450,11451,11452,11453,11454,11455,11456,11457,11458,11459,11460,11461,11462,11463,11464,11088,11465,11466,11467,11468,11469,11470,11471,11472,11473,11474,11475,11476,11477,11478,11479,11480,11481,11482,11483,11484,11485,11486,11487,11488,11489,11490,11491,11492,11493,11494,11495,11496,11497,11498,11499,11157,11500,11501,11502,11503,11504,11505,11506,11507,11508,11509,11510,11511,11512,11513,11514,11515,11516,11517,11518,11519,11520,11521,11522,11523,11524,11525,11526,11527,11528,11529,11530,11531,11532,11533,11534,11535,11536,11537,11538,11539,11540,11541,11542,11543,11544,11545,11546,11547,11548,11549,11550,1091,11551,11552,11553,11554,1085,11555,11556,11557,11558,11559,11560,11561,1102,11562,11563,11564,1096,11565,11566,11567,11568,11569,11570,11571,11572,11573,11574,11575,11576,11577,11578,11579,11580,11581,11582,11583,11584,11585,11586,11587,11588,11589,11590,11591,11592,11593,11594,11595,11596,11597,11598,1145,11599,11600,11601,11602,11603,11604,11605,11606,11607,1151,11608,11609,11610,1144,11611,11612,11613,11614,11615,11616,1136,11617,11618,11619
50,839,818,840,841,842,843,844,845,846,3,2,847,848,849,850,851,852,853,854,855,856,857,858,859,11620,11621,11622,11623,11624,11625,11626,11627,8456,10988,10968,10967,11628,11629,11630,11631,11632,11633,11634,11635,11636,11637,11638,11302,11281,11303,11304,11305,11306,11307,11308,11309,49,11310,11311,11312,11313,11314,11315,11316,11317,11318,11319,11320,11321,11322,11639,11640,11641,115,11642,11643,11644,11645,72,11646,11484,11647,11648,11649,11650,11651,11652,11653,11654,11655,11656,11657,11658,11659,93,11660,11661,11662,11663,6814,51,10972,11664,11665,11666,11667,11668,11669,11670,11671,11672,11673,11674,11675,11676,11677,11678,158,11679,11680,122,52,11681,11682,11683,11684,11685,11686,11687,11688,11689,11690,11691,11692,11693,11694,11695,11696,11697,11698,11699,11700,11701,11702,11703,11704,11705,11706,11707,11708,11709,11710,11711,11712,11713,11714,11715,11716,11717,11718,11719,76,54,11720,11721,11722,11723,11724,11725,11726,11727,11728,11729,11730,11731,11732,11733,11734,11735,11736,11737,11738,11739,160,11740,11741,11742,178,11743,11744,11745,11746,11747,11748,11749,11750,11751,11752,11753,11754,11755,11756,11757,11758,11759,11760,11761,11762,11763,11764,11765,11766,11767,11768,11769,11770,11771,71,73,74,75,77,78,79,0,80,81,82,83,84,85,86,87,88,89,90,91,92,48,53,55,56,57,58,59,60,61,62,63,64,65,66,67,68,69,70,11466,11772,11773,123,11774,11775,11776,11777,11778,11779,11780,11781,11782,11783,11784,11785,11786,10973,11450,11787,11392,11788,11789,11790,11791,11792,11793,11794,11795,11796,11797,11798,11799,11800,11801,11802,11803,11804,11805,11806,11807,10975,11808,11809,11810,11811,11812,11813,11814,11815,11816,11817,11818,11819,11820,125,11821,11822,11487,11823,11531,11824,11825,11826,11827,11828,11829,11830,11831,11832,11833,11834,11835,11836,11837,11838,11394,11839,11840,11841,11842,11843,11844,11845,11846,11847,11848,11849,11850,11851,11852,1424,1092,11853,11854,11855,1418,11856,1086,11857,11858,11859,11860,11861,1436,1104,11862,11863,1429,11864,1097,11865,11866,11867,11868,11869,11870,11871,11872,11873,11874,11875,11876,11877,11878,11879,11880,11881,11882,11883,11884,11885,11886,11887,11888,11889,11890,11891,11892,11893,11894,11895,11896,1480,11897,11898,11899,11900,11901,11902,11903,11904,11905,1487,11906,11907,11908,1478,11909,11910,11911,11912,11913,11914,1470,11915,11916,11917
93,1494,1495,1197,1496,1497,1498,1499,1500,962,4,862,842,841,1501,1502,1503,1504,1505,1506,1507,1508,1509,1510,1511,20125,20126,20127,20128,20129,20130,20131,20132,7120,12232,11675,20133,20134,20135,20136,20137,20138,20139,20140,20141,20142,20143,20144,20145,20146,16291,20147,20148,20149,20150,20151,20152,11955,12233,20153,20154,20155,20156,20157,20158,20159,20160,20161,20162,20163,20164,16290,16017,16292,16293,16294,16295,16296,11752,73,115,11641,16297,16298,16299,16300,16301,16302,16303,16304,16305,16306,16307,20165,20166,20167,20168,20169,20170,11753,6721,9271,11659,20171,20172,20173,20174,20175,20176,20177,20178,20179,20180,20181,20182,20183,20184,20185,20186,20187,12315,12335,11956,11677,20188,20189,20190,20191,20192,20193,20194,20195,20196,20197,20198,20199,20200,20201,20202,20203,20204,13336,7082,20205,11678,11699,20206,20207,20208,20209,20210,20211,20212,20213,20214,20215,20216,20217,20218,20219,20220,20221,97,11958,20222,6815,9910,16476,20223,20224,20225,20226,20227,20228,20229,20230,20231,20232,20233,20234,20235,20236,20237,20238,20239,20240,20241,20242,20243,20244,20245,20246,20247,20248,20249,20250,20251,13316,13334,13335,13337,13338,13339,6481,56,11680,11759,11805,13340,13341,13342,13343,13344,13345,13346,13347,13348,13349,28,94,95,96,98,99,100,101,0,102,103,104,105,106,107,108,109,110,111,112,113,11954,11957,11959,11960,11961,52,51,11962,11963,11964,11965,11966,11967,11968,11969,11970,11971,11972,11676,158,11679,122,11681,50,11682,11683,11684,11685,11686,11687,11688,11689,11690,11691,11692,11623,11658,11660,11661,11662,11663,6814,10972,11664,11665,11666,11667,11668,11669,11670,11671,11672,11673,11674,20252,20253,20254,7183,20255,20256,20257,20258,20259,20260,20261,20262,20263,20264,20265,20266,20267,20268,20269,20270,20271,20272,20273,20274,20275,20276,20277,20278,20279,20280,20281,20282,20283,20284,20285,16460,20286,20287,20288,20289,20290,20291,20292,20293,20294,20295,20296,20297,20298,20299,20300,20301,20302,20303,20304,1737,20305,20306,20307,20308,1730,20309,20310,20311,20312,20313,20314,20315,1751,20316,20317,20318,1743,20319,20320,20321,20322,20323,20324,20325,20326,20327,20328,20329,20330,20331,20332,20333,20334,20335,20336,20337,20338,20339,20340,20341,20342,20343,20344,20345,20346,20347,20348,15439,20349,20350,20351,1792,20352,20353,20354,20355,15529,20356,20357,20358,20359,1799,20360,20361,20362,1790,20363,20364,20365,20366,20367,20368,1782,20369,20370,20371
115,1824,1825,1217,1197,1826,1827,1259,1828,1829,5,842,1830,840,1831,1832,1833,1834,1835,1836,1837,1838,1839,1840,1841,24376,24377,24378,16290,24379,24380,24381,24382,24225,20129,24383,20127,24384,24385,24386,24387,24388,24389,24390,24391,24392,24393,24394,24395,24396,16578,20153,12233,24397,17182,24398,24399,11676,24400,24401,24402,24403,24404,24405,24406,24407,24408,24409,24410,24411,24412,16577,16037,16017,16579,16580,16078,16581,16582,74,16583,11640,16584,16585,16586,16587,16588,16589,16590,16591,16592,16593,16594,16291,16292,16293,16294,16295,16296,11752,73,93,11641,16297,16298,16299,16300,16301,16302,16303,16304,16305,16306,16307,24413,24414,24415,24416,24417,24418,24419,12336,11677,24420,24421,24422,24423,24424,24425,24426,24427,24428,24429,24430,24431,24432,24433,24434,24435,17184,24436,24437,24187,24438,24439,24440,24441,24442,24443,24444,24445,24446,24447,24448,24449,24450,17181,17166,17183,17185,17186,17187,118,158,17188,76,17189,16763,17190,17191,17192,17193,17194,17195,17196,17197,24451,24452,24453,24454,24455,24456,24457,24458,24459,24460,24461,24462,24463,24464,24465,24466,24467,24468,24469,24470,24471,13322,20683,13334,24472,24473,24474,24150,11759,24475,24476,24477,24478,24479,24480,24481,24482,24483,24484,24485,24486,24487,114,95,116,117,119,120,121,122,123,0,124,125,126,127,128,129,130,131,132,133,134,11675,11678,11679,11680,52,11681,50,11682,11683,11684,11685,11686,11687,11688,11689,11690,11691,11692,24488,24489,24490,8782,24491,11646,24492,24493,24494,24495,24496,24497,24498,24499,24500,24501,24502,11639,11303,11642,11643,11644,11645,72,11484,11647,11648,11649,11650,11651,11652,11653,11654,11655,11656,11657,24503,24504,24505,24275,24506,24507,24508,24509,24510,24511,24512,24513,24514,24515,24516,24517,24518,24519,24520,24521,24522,24523,24524,24525,24526,24527,24528,24529,24530,24531,24532,24533,24534,24535,24536,16747,24537,24538,24539,24540,24541,24542,24543,24544,24545,24546,24547,24548,24549,24550,24551,24552,24553,24554,24555,2049,24556,24557,24558,24559,2043,24560,24561,24562,24563,24564,24565,24566,2061,24567,24568,24569,2054,24570,24571,24572,24573,24574,24575,24576,24577,24578,24579,24580,24581,24582,5354,24583,24584,24585,24586,24587,24588,24589,24590,24591,5483,24592,24593,24594,24595,24596,24597,24598,24599,24600,24601,2101,24602,24603,24604,24605,24606,24607,24608,24609,24610,2108,24611,24612,24613,2099,24614,24615,24616,24617,24618,24619,2091,24620,24621,24622
135,2115,2116,2117,2118,2119,2120,2121,905,964,6,2122,2123,2124,931,912,2125,2126,2127,2128,2129,2130,2131,2132,2133,28084,28085,28086,28087,28088,28089,28090,28091,7699,28092,28093,28094,12936,14820,28095,28096,28097,28098,28099,28100,28101,28102,28103,28104,28105,28106,28107,28108,28109,28110,28111,28112,28113,28114,28115,14821,12683,28116,28117,28118,28119,28120,28121,28122,28123,28124,28125,28126,20950,20949,28127,28128,7949,28129,136,7338,28130,18786,12684,28131,28132,28133,28134,28135,28136,28137,28138,28139,28140,28141,20948,28142,28143,12792,13366,7611,21098,28144,12938,21118,28145,28146,28147,28148,28149,28150,28151,28152,28153,28154,28155,28156,28157,28158,28159,28160,28161,28162,28163,19036,28164,28165,28166,28167,28168,28169,28170,28171,28172,28173,28174,28175,28176,28177,28178,12558,12607,7664,28179,28180,28181,8251,28182,28183,28184,28185,28186,28187,28188,28189,28190,28191,28192,28193,28194,12575,12860,139,28195,28196,28197,327,28198,28199,28200,28201,28202,28203,28204,28205,28206,12572,12505,12522,12573,12574,11050,12576,7951,12577,12578,12579,54,53,12580,12581,12582,12583,12584,12585,12586,12587,13318,13337,13367,13368,12867,13369,6483,13370,12895,13371,12940,56,13372,13373,13374,13375,13376,13377,13378,13379,13380,30,96,137,138,140,141,142,143,144,145,0,146,147,148,149,150,151,152,153,154,155,28207,28208,28209,28210,28211,28212,28213,17058,12687,28214,28215,28216,28217,28218,28219,28220,28221,28222,28223,28224,28225,7346,28226,28227,12942,28228,28229,28230,28231,28232,28233,28234,28235,28236,28237,28238,28239,28240,28241,28242,28243,28244,28245,19119,28246,28247,28248,28249,28250,28251,28252,28253,28254,28255,12937,84,12939,317,12941,12943,12927,62,12944,12945,12946,12947,12948,12949,12950,12951,12952,12682,12040,12685,12686,12688,12689,12673,12690,12691,12692,12693,12694,12695,12696,12697,12698,28256,28257,28258,28259,28260,14743,14759,28261,28262,28263,28264,28265,28266,28267,28268,28269,28270,28271,28272,28273,28274,28275,2351,28276,28277,28278,28279,2344,28280,28281,28282,28283,28284,28285,28286,2364,28287,28288,28289,2356,28290,28291,28292,28293,28294,28295,28296,28297,15198,28298,28299,28300,28301,28302,28303,28304,28305,28306,28307,15323,28308,28309,28310,28311,28312,28313,28314,28315,28316,28317,28318,19197,28319,28320,2406,28321,28322,28323,28324,28325,19209,28326,28327,28328,2413,28329,28330,28331,2404,28332,28333,28334,28335,28336,28337,2397,28338,28339,28340
54,921,822,844,922,923,905,924,925,926,7,927,928,929,930,2,931,932,933,934,935,936,937,938,939,12769,12770,12771,12772,12773,12572,12774,11030,8488,12775,12776,12777,11055,11036,12778,12779,12780,12781,12782,12783,12784,12785,12786,11384,11285,11307,11385,11386,11368,11387,11388,11389,11390,11391,11392,11393,49,11394,11395,11396,11397,11398,11399,11400,11401,11402,11714,11643,11715,11716,11697,11717,11718,11719,76,11720,11721,11722,50,11723,11724,11725,11726,11727,11728,11729,11730,11731,12787,12788,12789,12573,12790,12791,12792,12793,12794,12795,12796,12098,12797,12798,12799,12800,12801,12802,12803,12804,12805,12806,12807,12808,12809,12810,12811,12812,12281,11347,12813,12814,11305,12417,12815,12816,12817,12818,12819,12820,12821,12822,12505,12522,12574,12558,12575,11050,12576,7951,12577,12578,12579,53,135,12580,12581,12582,12583,12584,12585,12586,12587,12823,12824,12825,12826,11410,12827,159,12828,12829,12830,12831,327,12832,12833,12834,12835,12836,12837,12838,12839,11054,11415,11308,12840,12841,12842,12843,12844,12845,12846,12847,12848,55,12849,12850,12851,12852,12853,12854,12855,12856,12857,12858,12859,12860,12861,12862,12863,12864,12865,12866,12867,12020,12607,12868,12869,12870,12871,12872,12873,12874,12875,156,157,158,139,160,161,162,163,164,165,166,0,167,168,169,170,171,172,173,174,175,12876,12877,11411,12878,12879,12880,277,12881,57,333,12882,12883,12884,12885,12886,12887,12888,12889,12890,12891,11052,12282,12892,12893,12894,11999,12895,12896,12897,12898,12899,12900,12901,12902,12903,12904,12905,12906,12907,12908,12909,12910,12911,12912,81,12913,12914,12915,12916,12917,12918,12919,12920,12921,11414,12922,12923,301,12924,12925,12926,60,12927,12928,12929,12930,12931,12932,12933,12934,12935,48,51,52,56,58,59,61,62,63,64,65,66,67,68,69,70,12936,12937,84,12938,12939,12940,317,12941,12942,12943,12944,12945,12946,12947,12948,12949,12950,12951,12952,12953,12954,12955,2633,12956,12957,12958,12959,2626,12960,12961,12962,12963,12964,12965,12966,2647,12967,12968,12969,2639,12970,12971,12972,12973,12974,12975,12976,12977,12978,12979,12980,12981,12982,12983,12984,1152,12985,12986,12987,12988,12989,12990,12991,12992,12993,1146,12994,12995,12996,12997,12998,12999,13000,13001,2690,13002,13003,13004,13005,13006,13007,13008,13009,13010,2696,13011,13012,13013,2688,1116,13014,13015,13016,13017,13018,2680,1128,13019,13020
177,2723,2724,2725,2726,2727,2728,952,2729,2730,8,2731,2732,2733,2734,2735,1056,2736,2737,2738,2739,2740,2741,2742,2743,35688,35689,35690,35691,35692,35693,35694,35695,35522,35696,35697,35698,35699,35700,35701,35702,35703,35704,35705,35706,35707,35708,35709,35710,35711,35712,35713,35714,35715,13053,13116,35716,35717,35718,35719,35720,35721,35722,35723,35724,35725,35726,35727,35728,35729,35730,35731,35732,35733,32918,35734,11733,32929,35735,178,35736,35737,35738,17421,35739,35740,35741,35742,35743,35744,35745,35746,35747,35748,35749,35750,35751,35752,35753,35754,35438,35755,35756,35757,22872,35758,35759,35760,35761,35762,35763,35764,35765,35766,35767,35768,35769,35770,32915,35771,35772,35773,35774,35775,35776,35777,27150,35778,35779,35780,35781,35782,35783,35784,35785,35786,35787,35788,35789,12596,35790,35791,7952,29454,35792,35793,29397,12672,35794,35795,35796,35797,35798,35799,35800,35801,13232,13233,13234,55,13127,12611,160,241,13235,13236,293,61,13237,13238,13239,13240,13241,13242,13243,13244,35802,35803,35804,35805,35806,35807,35808,13156,32983,35809,35810,33027,32928,35811,35812,35813,35814,35815,35816,35817,35818,13325,35819,35820,12669,13486,35821,35416,35822,35823,35824,14516,35825,35826,35827,35828,35829,35830,35831,35832,35833,35834,176,179,180,140,181,182,183,184,185,186,187,188,0,189,190,191,192,193,194,195,196,35835,35836,35837,35838,26255,35839,35840,35841,35842,247,35843,35844,35845,35846,35847,35848,35849,35850,35851,35852,35853,35540,35854,35855,35856,35857,35858,35859,35860,35861,35862,35863,35864,35865,35866,35867,35868,35869,35870,35871,35872,35873,35874,35875,17429,35876,35877,35878,35879,35880,35881,35882,35883,35884,35885,35886,35887,300,35888,35889,35890,35891,14368,35892,35893,35894,35895,35896,35897,35898,35899,35900,35901,35902,35903,35904,35905,35906,14563,35907,35908,35909,35910,35911,35912,35913,35914,14557,11519,11823,14558,14559,14560,316,13717,14561,14562,11535,14564,14565,14566,14567,14568,14569,14570,14571,35915,35916,35917,2939,35918,35919,35920,35921,2932,35922,35923,35924,35925,35926,35927,35928,2952,35929,35930,35931,2944,35932,35933,35934,35935,35936,35937,35938,35939,35940,35941,35942,35943,35944,5711,35945,35946,35947,35948,35949,35950,35951,35952,35953,5610,35954,35955,35956,35957,35958,35959,35960,35961,35962,35963,2992,35964,35965,35966,35967,35968,35969,35970,35971,35972,2998,35973,35974,35975,2990,35976,35977,35978,35979,35980,35981,2983,35982,35983,35984
358,5166,5167,5168,5169,5170,5171,2639,5172,975,18,5173,5174,5175,5176,4688,5177,65,5178,5179,64,5180,5181,5182,5183,65066,65067,65068,65069,65070,65071,65072,65073,10302,65074,65075,65076,65077,65078,65079,1107,65080,15239,11205,65081,65082,65083,65084,65085,65086,65087,65088,65089,65090,34704,65091,65092,65093,65094,65095,65096,59686,65097,11576,15104,65098,1096,65099,65100,65101,65102,65103,65104,23439,23438,65105,34705,33054,65106,359,51552,65107,65108,38522,65109,11875,65110,65111,1097,65112,1429,19503,65113,65114,65115,23437,65116,65117,65118,13533,10272,23508,65119,65120,22989,65121,1108,65122,65123,12150,65124,65125,12145,65126,65127,65128,65129,65130,34741,65131,65132,65133,65134,65135,65136,65137,65138,15194,65139,65140,15074,15071,65141,65142,15191,65143,65144,65145,65146,31218,65147,12615,7959,31275,65148,65149,29523,30778,915,65150,65151,914,15251,65152,65153,65154,34703,34706,34707,32831,34708,12870,169,34709,34710,34711,34712,31222,934,34713,34714,933,34715,34716,34717,15145,65155,65156,65157,65158,65159,65160,13148,13164,34765,65161,65162,34265,33053,955,65163,65164,954,65165,15133,15265,65166,13328,13344,13534,13375,13393,13535,6494,13430,13536,13537,13475,13489,13505,1110,13528,13538,56,13539,13540,13541,13542,41,107,360,149,190,211,361,362,267,363,303,319,338,0,364,365,366,367,368,369,370,65167,65168,65169,65170,65171,51525,51524,65172,59689,59494,13770,65173,65174,1099,3779,65175,65176,48957,65177,49899,65178,10317,65179,51523,65180,65181,65182,1111,65183,65184,13961,65185,65186,65187,13957,65188,65189,65190,65191,65192,65193,65194,65195,65196,59705,65197,15238,65198,65199,15101,65200,15099,15234,65201,65202,57379,65203,9714,65204,65205,65206,57365,65207,1044,65208,65209,1043,65210,15261,65211,65212,59685,59687,59688,14520,59690,59691,38508,59692,1060,59693,59694,1059,59695,59696,15142,59697,65213,65214,59706,65215,65216,14751,14766,65217,65218,65219,65220,1079,65221,65222,1078,15129,65223,65224,15272,833,854,1109,19,993,1112,1091,1113,2,1114,1115,1116,1117,65225,65226,65227,5270,65228,65229,65230,5262,1101,65231,65232,65233,65234,65235,65236,65237,15207,65238,65239,65240,65241,65242,65243,65244,809,873,1098,974,1008,1100,1102,1103,1104,1105,1106,65245,65246,13264,15450,14419,65247,65248,5311,65249,65250,12727,65251,15540,65252,14859,65253,65254,5317,65255,12973,65256,5309,65257,14869,65258,65259,65260,13276,5302,14608,65261,65262
345,5009,5010,5011,5012,5013,5014,2626,5015,976,17,5016,5017,5018,5019,4675,5020,5021,66,63,5022,5023,5024,5025,5026,63473,63474,63475,63476,63477,63478,63479,63480,10164,63481,63482,63483,63484,63485,63486,63487,1118,11194,15364,63488,63489,63490,63491,63492,63493,63494,63495,63496,63497,34558,63498,63499,63500,63501,63502,63503,59545,63504,14984,11587,1085,63505,63506,63507,63508,63509,63510,63511,23290,23289,63512,34559,33042,63513,346,51410,63514,63515,38389,63516,63517,11887,1086,63518,1418,63519,63520,19384,63521,63522,23288,63523,63524,63525,13543,10134,23359,63526,63527,22976,63528,63529,1119,12137,63530,63531,63532,63533,12134,63534,63535,63536,63537,34595,63538,63539,63540,63541,63542,63543,63544,63545,63546,15320,14953,63547,63548,14952,15315,63549,63550,63551,63552,63553,31080,63554,12616,7958,31137,63555,63556,29512,30766,63557,916,913,63558,63559,15383,63560,63561,34557,34560,34561,32818,34562,12871,168,34563,34564,34565,34566,31084,34567,935,932,34568,34569,34570,15020,34571,63562,63563,63564,63565,63566,63567,13149,13163,34619,63568,63569,34253,33041,63570,956,953,63571,15006,63572,63573,15395,13329,13345,13544,13376,13394,13545,6495,13431,13546,13547,13476,13490,13506,13517,1121,56,13548,13549,13550,13551,13552,40,106,347,148,189,210,348,349,266,350,302,318,337,351,0,352,353,354,355,356,357,63574,63575,63576,63577,63578,51383,51382,63579,59548,59483,63580,13780,1088,63581,63582,3768,48826,63583,63584,49886,63585,10179,63586,51381,63587,63588,63589,63590,1122,13950,63591,63592,63593,13946,63594,63595,63596,63597,63598,63599,63600,63601,63602,63603,59564,63604,63605,15362,14982,63606,14980,63607,63608,15358,63609,57245,63610,9713,63611,63612,63613,57231,63614,63615,1045,1042,63616,15379,63617,63618,63619,59544,59546,59547,14521,59549,59550,38375,59551,59552,1061,1058,59553,59554,59555,59556,15027,63620,63621,59565,63622,63623,14752,14765,63624,63625,63626,63627,63628,1080,1077,63629,63630,15016,15392,63631,63632,63633,63634,5112,63635,63636,63637,1090,5105,63638,63639,63640,63641,834,855,1120,20,994,1123,1102,2,1124,1125,1126,1127,1128,808,872,1087,973,1007,1089,1091,1092,1093,1094,1095,63642,63643,63644,15332,63645,63646,63647,63648,63649,63650,63651,63652,12737,63653,15451,63654,14847,63655,5154,63656,63657,63658,13254,15541,14431,63659,63660,63661,5160,63662,63663,13285,5152,14596,63664,63665,63666,12963,63667,5145,63668,14880,63669
66,1118,834,855,1119,1120,916,935,956,1121,20,994,1122,1123,1045,1061,1080,345,1102,2,1124,1125,1126,1127,1128,15274,15275,15276,15277,15278,12730,15279,15280,8532,15281,15282,15283,14423,15284,15285,5009,811,808,15286,15287,15288,15289,15290,11581,11297,11318,11582,11583,11379,11398,11419,11584,11457,11585,11586,11508,11524,11543,1085,11565,49,11587,11588,11589,11590,11591,11879,11653,11880,11881,11709,11727,11746,11882,88,11883,11884,11814,11827,11845,1418,11864,50,11885,11886,11887,11888,11889,15291,15292,15293,12731,15294,15295,15296,15297,13774,15298,14424,12107,15299,5012,15115,878,15300,15301,15302,15303,875,15304,15305,15306,15307,15308,15309,15310,15311,13775,15312,15313,15314,12425,15315,15316,897,15317,15318,896,15319,15320,12513,12532,12732,12567,12583,12600,12733,7961,12630,12734,12735,12677,12694,5014,12715,53,12736,12737,12738,12739,12740,12985,12986,12987,12835,12852,12988,171,12885,12989,12990,12931,12948,2626,12970,54,12991,12992,12993,1146,12994,13277,13057,13074,13278,13279,13131,13280,13166,13182,13281,13282,13227,13240,5015,13263,55,13283,1131,13284,13285,13286,13327,15321,15322,15323,15324,15325,15326,15327,15328,15329,14426,15330,15331,976,15117,974,15332,15333,15334,15335,15336,382,383,384,151,192,385,234,252,386,387,305,321,340,353,366,0,388,389,390,391,392,13773,13609,13626,13776,13660,13777,13778,13707,13722,13739,3768,13758,57,13779,13780,13781,13782,13783,15337,13843,15338,15339,15340,15341,14427,15342,15343,5017,15118,1014,15344,15345,15346,1010,15347,15348,15349,15350,15351,14092,15352,15353,15354,15355,15356,15357,15358,15359,1031,15360,1029,15361,15362,15363,14282,14294,14425,9716,14327,14428,14358,14372,14387,5019,14408,60,14429,14430,14431,14432,14433,14619,14620,14621,14622,14623,14624,14567,14582,4675,14604,61,14625,14626,14627,14628,1154,14871,14685,14703,14872,14873,14874,14768,14783,14875,14876,14834,5020,14857,62,14877,14878,1142,14879,14880,5010,5011,5013,17,5016,5018,5021,63,5022,5023,5024,5025,5026,832,15055,15116,5290,15084,15119,15110,64,15120,15121,15122,15123,15124,48,51,52,56,58,59,65,67,68,69,70,15364,15365,15366,15367,15368,15369,15370,15371,15372,15373,15374,15375,15376,15377,15378,15379,1081,15380,5569,15381,15382,15383,958,15384,15385,15386,15387,15388,5575,15389,15390,15391,5567,1064,15392,15393,15394,939,15395,5560,15396,15397,15398
65,1107,833,854,1108,1109,915,934,955,1110,19,993,1111,1112,1044,1060,1079,1091,358,1113,2,1114,1115,1116,1117,15149,15150,15151,15152,15153,12719,15154,15155,8533,15156,15157,15158,14412,15159,15160,810,5166,15161,809,15162,15163,15164,15165,11570,11296,11317,11571,11572,11378,11397,11418,11573,11456,11574,11575,11507,11523,11542,11554,1096,11576,49,11577,11578,11579,11580,11868,11652,11869,11870,11708,11726,11745,11871,87,11872,11873,11813,11826,11844,11855,1429,11874,50,11875,11876,11877,11878,15166,15167,15168,12720,15169,15170,15171,15172,13763,15173,14413,12108,15174,14995,5169,15175,879,15176,15177,874,15178,15179,15180,15181,15182,15183,15184,15185,15186,13764,15187,15188,15189,12426,15190,15191,15192,898,895,15193,15194,15195,12512,12531,12721,12566,12582,12599,12722,7960,12629,12723,12724,12676,12693,12705,5171,12725,53,12726,12727,12728,12729,12975,12976,12977,12834,12851,12978,170,12884,12979,12980,12930,12947,12959,2639,12981,54,12982,12983,12984,1152,13267,13056,13073,13268,13269,13130,13270,13165,13181,13271,13272,13226,13239,13252,5172,13273,55,13274,1139,13275,13276,13326,15196,15197,15198,15199,15200,15201,15202,15203,15204,14415,15205,15206,14997,975,15207,973,15208,15209,15210,15211,371,372,373,150,191,374,233,251,375,376,304,320,339,352,365,377,0,378,379,380,381,13762,13608,13625,13765,13659,13766,13767,13706,13721,13738,13749,3779,13768,57,13769,13770,13771,13772,15212,13842,15213,15214,15215,15216,14416,15217,15218,14998,5174,15219,1013,15220,15221,15222,1009,15223,15224,15225,15226,14091,15227,15228,15229,15230,15231,15232,15233,15234,15235,1030,15236,1028,15237,15238,14281,14293,14414,9715,14326,14417,14357,14371,14386,14398,5176,14418,60,14419,14420,14421,14422,14609,14610,14611,14612,14613,14614,14566,14581,14593,4688,14615,61,14616,14617,1148,14618,14861,14684,14702,14862,14863,14864,14767,14782,14865,14866,14833,14846,5177,14867,62,1134,14868,14869,14870,831,14935,14996,5123,14964,14999,14990,15000,63,15001,15002,15003,15004,5167,5168,5170,18,5173,5175,5178,5179,64,5180,5181,5182,5183,15239,15240,15241,15242,15243,15244,15245,15246,15247,15248,15249,48,51,52,56,58,59,66,67,68,69,70,15250,15251,957,15252,15253,15254,15255,5440,15256,15257,15258,15259,15260,15261,1082,15262,15263,5446,15264,938,15265,5438,15266,15267,15268,15269,15270,15271,5431,1065,15272,15273
68,1137,836,857,877,898,1138,937,1139,1140,22,996,1012,1031,1141,1063,1142,1093,1104,1115,1126,2,1143,1144,418,15489,15490,15491,12177,15492,15493,15494,15495,8539,15496,13989,15497,15498,15499,15500,15012,15132,15501,15502,815,15503,813,5864,11600,11299,11320,11340,11361,11601,11400,11602,11603,11459,11475,11494,11604,11526,11605,11556,11567,11578,11589,49,11606,11607,1151,11898,11655,11672,11690,11899,11729,11900,11901,90,11784,11800,11902,11829,11903,1086,11865,11876,11887,50,11904,11905,1487,11933,11951,11970,12178,12008,12179,12180,6828,12062,12078,12181,12106,12182,12136,12148,12158,12167,51,12183,12184,5866,12477,12229,12250,12478,12290,12479,12480,12350,12363,12376,12481,12407,12482,12438,12449,1109,12466,52,12483,12484,5867,15504,15505,15506,15507,13004,15508,15509,15510,12627,13990,15511,14638,15512,15013,918,15258,15383,913,15513,15514,5868,13003,12803,12820,12837,13005,13006,173,12887,12901,12919,13007,13008,12961,12972,12983,12993,54,13009,13010,2696,15515,15516,15517,15518,15519,15520,15521,15522,15523,15524,13213,15525,14639,15014,15133,15259,958,955,15526,15527,15528,13332,15529,15530,15531,15532,15533,15534,15535,13992,15536,15537,15538,15539,15015,15134,15540,15541,979,15542,15543,978,402,111,132,403,404,405,236,254,271,290,406,323,407,355,368,379,390,0,408,409,410,13792,13793,13794,13795,13662,13677,13692,13796,13724,13797,13750,1099,13770,13781,57,13798,13799,3837,13827,13841,13991,8796,13873,13888,13993,13919,13994,13948,13960,13970,13979,58,13995,13996,5871,14247,14041,14248,14074,14249,14250,14127,14146,14251,14177,14252,14208,14219,14227,1123,59,14253,14254,5872,15544,14292,15545,15546,15547,15548,15549,14641,15550,1047,15135,15261,15385,1043,15551,15552,5873,14637,14489,14506,14640,14538,14554,14569,14642,14595,14606,14617,14627,61,14643,14644,4745,15553,15554,15555,15556,14735,15557,15558,15559,15560,15561,15562,15016,15136,1082,15386,1080,15563,15564,15565,14923,14936,14954,5125,991,14982,14992,15002,5024,63,15017,15018,5876,15043,853,15074,5292,15085,15102,15112,5181,15122,64,15137,15138,5877,15257,15177,15193,15260,15221,1028,15247,65,15262,15263,5446,15382,15302,896,15384,15346,15361,15372,66,15387,15388,5575,48,53,55,56,60,62,67,69,70,15566,15567,15568,15569,15570,15571,15572,15573,5777,837,15574,15575,5769,15576,15577,15578,5865,5869,5870,24,5874,5875,5878
67,1129,835,856,876,897,1130,936,1131,1132,21,995,1011,1030,1133,1062,1134,1092,1103,1114,1125,1135,2,411,1136,15399,15400,15401,12169,15402,15403,15404,15405,8538,15406,13981,15407,15408,15409,15410,15005,15125,15411,15412,15413,814,5783,812,11592,11298,11319,11339,11360,11593,11399,11594,11595,11458,11474,11493,11596,11525,11597,11555,11566,11577,11588,11598,49,1145,11599,11890,11654,11671,11689,11891,11728,11892,11893,89,11783,11799,11894,11828,11895,11856,1097,11875,11886,11896,50,1480,11897,11932,11950,11969,12170,12007,12171,12172,6827,12061,12077,12173,12105,12174,12135,12147,12157,12166,12175,51,5785,12176,12469,12228,12249,12470,12289,12471,12472,12349,12362,12375,12473,12406,12474,12437,12448,12457,1120,12475,52,5786,12476,15414,15415,15416,15417,12996,15418,15419,15420,12628,13982,15421,14630,15422,917,15126,15251,15376,15423,914,5787,15424,12995,12802,12819,12836,12997,12998,172,12886,12900,12918,12999,13000,12960,12971,12982,12992,13001,54,2690,13002,15425,15426,15427,15428,15429,15430,15431,15432,15433,15434,13214,15435,14631,15006,15127,957,15377,15436,956,15437,15438,13333,15439,15440,15441,15442,15443,15444,15445,13984,15446,15447,15448,15449,15007,15128,15450,15451,15452,980,977,15453,393,110,131,394,395,396,235,253,270,289,397,322,398,354,367,378,389,399,0,400,401,13784,13785,13786,13787,13661,13676,13691,13788,13723,13789,1088,13759,13769,13780,13790,57,3830,13791,13826,13840,13983,8795,13872,13887,13985,13918,13986,13947,13959,13969,13978,13987,58,5790,13988,14239,14040,14240,14073,14241,14242,14126,14145,14243,14176,14244,14207,14218,1112,14236,14245,59,5791,14246,15454,14291,15455,15456,15457,15458,15459,14633,15460,15008,1046,15253,15379,15461,1042,5792,15462,14629,14488,14505,14632,14537,14553,14568,14634,14594,14605,14616,14626,14635,61,4739,14636,15463,15464,15465,15466,14734,15467,15468,15469,15470,15471,15472,15009,15129,15254,1081,15473,1079,15474,15475,14922,852,14953,5124,14965,14981,14991,15001,5023,15010,63,5795,15011,15042,15056,15073,5291,992,15101,15111,5180,15121,15130,64,5796,15131,15250,15176,895,15252,15220,15236,15246,15255,65,5440,15256,15375,15301,15318,15378,15345,1029,15371,15380,66,5569,15381,15476,15477,15478,15479,15480,15481,15482,5670,15483,48,53,55,56,60,62,68,69,70,5784,5788,5789,23,5793,5794,5797,838,15484,15485,5669,15486,15487,15488
418,5864,5865,1487,5866,5867,5868,5869,5870,978,24,3837,5871,5872,5873,5874,5875,5876,5877,5446,5575,70,5777,68,5878,72192,72193,72194,72195,72196,72197,72198,72199,10882,72200,72201,72202,72203,72204,72205,72206,72207,72208,72209,11256,15566,1137,72210,72211,72212,20046,72213,72214,72215,72216,72217,72218,49463,72219,72220,72221,72222,72223,72224,72225,67917,69226,1151,71296,11606,15703,20045,16283,20047,20048,20049,20050,20051,11769,92,20052,20053,20054,20055,20056,14938,20057,19634,19759,859,19959,857,20058,72226,72227,22479,72228,72229,72230,12046,6830,22681,72231,72232,24102,72233,72234,72235,15177,72236,879,71297,877,72237,72238,72239,72240,72241,49476,72242,12332,12352,49464,72243,72244,72245,72246,14954,72247,15195,72248,900,71298,898,72249,72250,72251,72252,72253,31852,72254,13560,10859,30242,72255,72256,31869,31855,72257,12756,67920,69227,12708,72258,1138,72259,72260,72261,72262,72263,72264,72265,419,49466,72266,18666,58016,20111,72267,34844,67921,2696,1152,71300,12983,72268,72269,72270,72271,72272,72273,72274,72275,72276,49478,72277,72278,57969,49485,72279,15528,67922,15680,15271,72280,15014,72281,13331,13347,13363,13378,13561,13562,6497,13433,13447,13463,13563,13492,13564,13519,13530,13540,13550,56,13565,1140,13566,47,113,134,155,420,217,421,256,273,292,309,422,423,357,370,381,392,401,410,0,424,49462,49465,49467,13645,47742,49468,18665,49469,49470,49471,49472,15087,49075,49193,998,49383,996,49473,72282,52135,72283,8798,72284,18461,72285,72286,72287,72288,72289,72290,15346,1014,71302,1012,72291,72292,72293,72294,72295,72296,14110,14129,72297,72298,20101,72299,72300,15102,72301,15363,1033,71303,1031,72302,72303,55856,72304,10894,72305,72306,72307,57975,72308,14449,72309,67923,69230,14411,72310,1141,72311,72312,72313,26522,72314,72315,72316,72317,72318,59680,72319,4745,69231,1154,71305,14627,72320,72321,72322,20103,72323,72324,72325,72326,72327,72328,72329,72330,15565,72331,15701,69232,15397,72332,15136,72333,72334,72335,72336,5127,13752,14208,72337,67924,5160,1095,71307,1093,72338,72339,11867,12449,5294,72340,72341,72342,5317,69233,1106,71308,1104,72343,67916,67918,67919,15209,13970,14229,67715,1117,67860,1115,67925,69225,12167,12468,15334,69228,69229,69024,1128,69169,1126,69234,815,920,1153,980,1049,1155,1136,2,1156,71295,71299,71301,15542,71304,71306,71234,1143,5938,836,937,1139,22,1063,1142,1144,72344,72345,72346,5681,72347,72348,72349
411,5783,5784,1480,5785,5786,5787,5788,5789,977,23,3830,5790,5791,5792,5793,5794,5795,5796,5440,5569,5670,69,5797,67,71351,71352,71353,71354,71355,71356,71357,71358,10801,71359,71360,71361,71362,71363,71364,71365,71366,71367,71368,15476,11250,71369,1129,71370,71371,19966,71372,71373,71374,71375,71376,71377,49390,71378,71379,71380,71381,71382,71383,71384,67865,69174,70203,1145,15638,11598,19965,16276,19967,19968,19969,19970,19971,11768,91,19972,19973,19974,19975,19976,19977,15057,19628,19753,19853,858,19978,856,71385,71386,22472,71387,71388,71389,12045,6829,22674,71390,71391,24026,71392,71393,71394,71395,15301,70204,878,71396,876,71397,71398,71399,71400,49403,71401,12331,12351,49391,71402,71403,71404,71405,71406,15073,71407,15319,70205,899,71408,897,71409,71410,71411,71412,31778,71413,13553,10778,30235,71414,71415,31795,31781,12747,71416,67866,69177,71417,12717,71418,1130,71419,71420,71421,71422,71423,71424,412,49393,71425,18659,57948,20031,34693,71426,2690,69178,70207,1146,71427,12992,71428,71429,71430,71431,71432,71433,71434,71435,49405,71436,71437,57901,49412,15437,71438,15614,69179,71439,15391,71440,15127,13330,13346,13362,13377,13554,13555,6496,13432,13446,13462,13556,13491,13557,13518,13529,13539,13549,13558,56,13559,1132,46,112,133,154,413,216,414,255,272,291,308,415,416,356,369,380,391,400,409,417,0,49389,49392,49394,13644,47736,49395,18658,49396,49397,49398,14966,49399,49069,49187,49282,997,49400,995,71441,52062,71442,8797,71443,18454,71444,71445,71446,71447,71448,15220,71449,70209,1013,71450,1011,71451,71452,71453,71454,71455,14109,14128,71456,71457,20021,71458,14981,71459,15237,71460,70210,1032,71461,1030,71462,55849,71463,10813,71464,71465,71466,57907,71467,71468,14440,67869,69180,71469,14400,71470,1133,71471,71472,26516,71473,71474,71475,71476,71477,71478,59816,67870,4739,70212,1148,71479,14616,71480,71481,20023,71482,71483,71484,71485,71486,71487,71488,71489,71490,15474,67871,15635,71491,15267,71492,15009,71493,11857,12437,5126,71494,71495,71496,67872,5154,70214,1094,71497,1092,71498,71499,71500,5293,13760,14218,71501,5311,69181,70215,1105,71502,1103,67864,12157,12458,15208,67867,67868,67710,67784,1116,67873,1114,69173,69175,69176,15333,13978,14237,69019,69093,1127,69182,1125,70202,70206,70208,15452,70211,70213,70192,5857,1135,814,919,1147,979,1048,1149,1144,1150,2,71503,71504,71505,5776,71506,71507,71508,835,936,1131,21,1062,1134,1136
198,1199,3006,3024,1299,3025,3026,3027,3028,3029,3030,9,1222,1305,1372,3031,3032,3033,3034,3035,3036,3037,3038,3039,3040,16327,16328,16019,16310,16329,16330,16331,16332,219,95,74,73,16333,16334,16335,16336,16337,16338,16339,16340,16341,16342,16343,39183,39162,39184,17699,21799,39185,39186,33277,39187,197,20775,39188,39189,39190,39191,39192,39193,39194,39195,39196,39197,39198,39199,39423,39424,17717,39425,39426,39427,39428,39429,39430,16676,16042,39431,39432,39433,39434,39435,39436,39437,39438,39439,39440,39441,17733,16405,17734,17735,17736,17737,17738,17739,99,78,16441,17740,17741,17742,17743,17744,17745,17746,17747,17748,17749,39442,39443,39444,39445,39446,39447,39448,39449,199,16677,39450,39451,39452,39453,39454,39455,39456,39457,39458,39459,39460,39461,39462,39463,39464,39465,39466,39467,39468,29674,16621,39469,39470,39471,39472,39473,39474,39475,39476,39477,39478,39479,39480,39481,39482,39483,39484,39485,39486,200,33819,39487,18704,39488,39489,39490,39491,39492,39493,39494,39495,39496,39497,39498,39499,39500,39501,39502,39503,39504,29657,39505,39506,18705,39507,39508,39509,39510,39511,39512,39513,39514,39515,39516,39517,21864,39518,39519,39520,39521,21871,16680,39522,18706,39523,39524,39525,39526,39527,39528,39529,39530,39531,39532,39533,21885,39534,39535,39536,39537,39538,203,39539,21891,39540,39541,39542,39543,39544,39545,39546,39547,39548,39549,39550,0,141,201,202,204,205,206,207,208,209,210,211,212,213,214,215,216,217,16675,16678,16679,16681,16682,16683,16684,16685,16686,16687,16688,16689,16690,16691,16692,16693,16694,80,17842,16625,17843,17571,17793,17844,17845,17846,17847,17848,17849,17850,17851,17852,17853,17854,17855,17856,18702,18691,18703,18707,18708,82,18709,18710,16759,18711,18712,18713,18714,18715,18716,18717,18718,39551,39552,39553,39554,39555,39292,39556,39335,39557,39558,39559,39560,39561,39562,39563,39564,39565,39566,39567,39568,39569,39570,30689,29587,16627,39571,39572,39573,39574,39575,39576,39577,39578,39579,39580,39581,39582,39583,39584,3241,39585,39586,39587,39588,39589,3234,39590,39591,39592,39593,39594,39595,3254,39596,39597,39598,39599,3246,39600,39601,39602,39603,39604,39605,39606,39607,39608,39609,39610,39611,39612,39613,39614,39615,39616,39617,39618,39619,39620,39621,39622,39623,39624,39625,39626,39627,39628,39629,39630,39631,39632,5623,39633,39634,39635,39636,39637,39638,39639,5724,39640,39641,39642,39643,39644,39645,39646,39647,39648,39649,39650,39651,39652,39653,39654
