285,4077,4259,4260,1674,357,4112,4128,4146,4164,4261,4262,3934,4263,4217,4232,4251,4264,13,4265,4266,4267,4268,350,4269,52203,52368,52369,9059,52370,52257,52274,52293,52371,52372,50600,52373,50839,52342,52360,52374,274,52375,4290,52376,52377,5089,52378,54717,54718,54719,54720,54721,54722,53036,54723,52554,54724,54725,54726,54727,54385,54728,54729,4098,4095,54730,54731,54732,54733,54734,54735,54736,22621,5041,54737,53037,54738,54739,54740,50706,54741,18567,54386,54742,54743,1367,54744,19720,1362,54745,5034,54746,22620,9281,1742,7752,22493,22509,22526,22622,22623,22624,22578,22593,22612,22625,102,22626,22627,22628,22629,1735,22630,733,5160,5058,2355,5161,5162,3244,5163,5088,4003,4485,5164,344,5117,24,5127,5137,5145,5153,17,5165,52830,52831,52832,52725,52741,52757,21106,52833,52834,30432,52835,52806,52822,52836,276,52837,52838,52839,4309,5091,52840,52913,52930,53038,52947,52963,52980,53039,53040,33754,53041,53012,53028,53042,277,53043,53044,53045,53046,53047,53048,53122,53279,53280,53169,53281,53208,53225,53282,53283,30497,53284,53257,53271,53285,278,53286,53287,53288,53289,53290,4326,53516,53517,53518,53376,53394,53411,53519,53520,17834,53521,53477,53491,53508,53522,279,4283,53523,53524,53525,5093,53526,53596,54747,54748,54749,54750,54751,54752,54753,54754,54755,54756,54388,54757,54758,4184,54759,4182,54760,54761,54762,54763,54764,47969,54765,54766,54767,50708,54768,54769,54389,54770,54771,3715,49036,54772,54773,3711,5080,54774,50705,50631,50646,50707,41360,50709,41675,50678,50697,50710,262,50711,50712,50713,50714,3996,50715,54775,54776,54777,54778,53904,54779,54780,54781,54782,54783,54784,54785,4207,54786,54787,54788,54789,5095,4201,54206,54207,54208,54209,54210,54211,54169,54183,54198,54212,282,54213,54214,4303,54215,5096,54216,54288,54299,54387,54316,54331,54390,54362,54377,54391,283,54392,54393,54394,54395,54396,54397,54469,54645,54646,54522,54647,54554,54648,54649,54600,54650,54637,54651,284,54652,54653,54654,54655,4322,54656,54790,54791,54792,54793,54794,54795,54796,54797,54798,54799,54800,5099,54801,275,81,0,280,245,281,286,287,288,289,290,291,292,4079,54802,54803,54804,51459,54805,54806,5407,54807,5100,54808,54809,23369,54810,4167,54811,54812,54813,54814,5536,5101,54815,54816,4116,54817,54818,54819,54820,54821,5102,54822,54823,54824,54825,54826,4222,54827,54828,5103,54829,5090,5092,4152,5094,5097,5098,5104,54830,54831,54832,54833,54834,4258,54835
63,808,1085,1086,872,1087,913,932,953,973,352,1088,1007,1089,1042,1058,1077,1090,2,1091,345,1092,1093,1094,1095,10934,11189,11190,10997,11191,11037,11056,11077,8683,11192,11111,11193,11146,11162,11181,11194,48,11195,1118,11196,11197,11198,11199,14909,14910,14911,14912,14913,14914,12953,14915,11439,14916,14917,14918,14919,14587,14920,14921,834,831,5010,14922,14923,14924,14925,14926,14927,12128,14928,14929,12954,14930,14931,5037,13940,14932,11816,14588,14933,14934,857,14935,5011,852,14936,14937,14938,12127,11946,12129,11984,12003,12024,12041,6955,12130,12131,12087,12101,12119,12132,51,12133,12134,12135,12136,12137,12138,14939,14940,14941,14942,14943,14944,14945,14946,14947,13941,14948,14949,12428,14950,900,14951,14952,14953,14954,893,14955,12699,12700,12701,12564,12580,12597,12613,8088,12702,12641,12703,12674,12691,12704,53,12705,5014,12706,1138,12707,12708,12779,12798,12955,12832,12849,12868,2633,12956,12896,12957,12928,12945,12958,54,12959,2626,12960,12961,12962,12963,13033,13245,13246,13087,13247,13128,13146,13248,13249,13195,13250,13224,13237,13251,55,13252,5015,13253,13254,13255,1153,13511,13512,13513,13373,13391,13411,6629,13514,13442,13515,13473,13487,13503,13516,56,1110,13517,13518,13519,13520,13521,42,5118,5119,2351,2939,5120,5071,5084,5121,5122,4481,4682,4944,5112,19,5123,17,5124,5125,5126,5127,14956,13610,14957,14958,14959,13942,14960,14961,14590,14962,14963,995,14964,5016,14965,991,14966,14967,13939,13836,13853,8920,13868,13943,13898,13914,13931,13944,58,13945,13946,13947,13948,13949,13950,14968,14969,14970,14971,14093,14972,14973,14974,14975,14976,14977,14978,1032,14979,14980,14981,14982,14983,1026,14392,14393,14394,9809,14395,14396,14355,14369,14384,14397,60,14398,5019,1133,14399,14400,14401,14472,14484,14589,14518,14533,14591,14564,14579,14592,61,14593,4675,14594,14595,14596,14597,14664,14839,14840,14717,14841,14749,14842,14843,14794,14844,14831,14845,62,14846,5020,14847,14848,1149,14849,14984,14985,14986,10464,14987,14988,14989,14990,5021,14991,14992,14993,14994,49,50,52,0,57,59,64,65,66,67,68,69,70,810,14995,14996,14997,14998,14999,15000,15001,15002,15003,15004,5009,5012,5013,976,5017,5018,5022,5023,5024,5025,5026,15005,917,15006,15007,15008,15009,15010,5795,15011,15012,15013,15014,15015,1047,15016,15017,15018,5876,15019,15020,959,10482,15021,15022,15023,15024,15025,15026,10474,15027,1084,15028
85,1168,1418,1419,1208,1420,1249,1268,1289,1310,1421,354,1346,1422,1378,1392,1410,1423,3,1424,1425,1426,346,1427,1428,15722,15907,15908,15777,15909,15811,15827,15848,15910,15911,6745,15912,15865,15880,15899,15913,71,15914,1451,15915,15916,15917,15918,19265,19266,19267,19268,19269,19270,17327,19271,11767,5023,19272,19273,19274,18963,19275,19276,855,852,19277,19278,5011,19279,19280,19281,19282,16488,19283,19284,17328,19285,19286,19287,18397,19288,16183,18964,19289,19290,1194,19291,19292,1189,5028,19293,19294,16487,16319,16489,16356,16375,16396,16413,16490,1739,16491,16446,16461,16479,16492,73,16493,16494,16495,1731,16496,16497,19295,19296,19297,19298,19299,19300,19301,19302,5056,18398,19303,19304,16774,19305,1235,19306,19307,19308,5029,1228,19309,17070,17071,17072,16911,16929,16946,16963,17073,17074,17012,17075,17044,17062,17076,75,17077,17078,17079,1472,17080,17081,17156,17173,17329,17208,17224,17243,17330,2635,17272,17331,17303,17319,17332,76,17333,17334,17335,2627,17336,17337,17412,17625,17626,17465,17627,17506,17524,17628,17629,17573,17630,17603,17617,17631,77,17632,17633,17634,17635,17636,1489,17922,17923,17924,17758,17777,17798,17925,17926,17849,17927,17883,17897,17914,17928,78,1443,17929,17930,17931,17932,17933,18007,19310,19311,19312,19313,19314,19315,5072,19316,19317,19318,18966,19319,19320,1332,19321,1330,19322,5033,19323,19324,5138,152,5139,5140,5086,4000,5102,5141,4684,5142,5114,21,5124,5134,5143,17,5144,5145,18396,18276,18293,18399,18326,18400,18355,18371,18388,18401,80,18402,18403,18404,3992,18405,18406,19325,19326,19327,19328,18497,19329,19330,19331,19332,19333,19334,19335,1368,19336,19337,19338,5034,19339,1362,18797,18798,18799,18800,18801,18802,18760,18774,18789,18803,82,18804,18805,1466,18806,18807,18808,18883,18894,18965,18928,18941,18967,18955,14700,18968,83,18969,18970,18971,4676,18972,18973,19041,19193,19194,19092,19195,19122,19196,19197,19152,19198,19185,19199,84,19200,19201,19202,19203,1485,19204,19340,19341,19342,19343,19344,19345,19346,19347,19348,19349,5036,19350,19351,50,72,74,79,0,81,86,87,88,89,90,91,92,1170,19352,19353,19354,19355,19356,19357,19358,5037,19359,19360,19361,19362,19363,1313,19364,19365,19366,19367,5038,19368,19369,19370,1253,19371,19372,19373,19374,19375,19376,19377,5027,5030,5031,5032,1383,5035,5039,5040,5041,19378,19379,1295,19380,19381,19382,19383,19384,19385,19386,19387,19388,1417,19389
127,1816,2043,2044,1544,2045,1876,1896,1917,1938,2046,2047,1985,356,2001,2016,2035,2048,5,2049,2050,2051,2052,2053,347,24135,24306,24307,20670,24308,20987,24194,24215,24309,24310,7050,24311,24264,24280,24298,24312,114,24313,2074,24314,24315,24316,5042,27296,27297,27298,27299,27300,27301,25427,27302,24483,27303,27304,27305,27306,26968,27307,27308,1837,1834,27309,27310,27311,27312,27313,27314,27315,20874,27316,27317,25428,27318,27319,27320,26603,5040,16738,26969,27321,27322,1233,19555,27323,1228,27324,27325,5029,20873,20421,20875,20726,20746,20767,20783,20876,20877,1741,20831,20846,20865,20878,95,20879,20880,20881,20882,20883,1732,27326,27327,27328,27329,27330,27331,27332,27333,27334,26604,27335,27336,24853,27337,1862,27338,27339,27340,27341,1855,5044,25151,25152,25153,24994,25012,25029,25046,25154,25155,25094,25156,25125,25143,25157,117,25158,25159,25160,2093,25161,5045,25235,25254,25429,25290,25307,25326,25430,25431,25370,25432,25401,25419,25433,118,25434,25435,25436,25437,25438,25439,25513,25728,25729,25566,25730,25607,25625,25731,25732,25676,25733,25706,25720,25734,119,25735,25736,25737,25738,25739,2110,26023,26024,26025,25862,25881,25902,26026,26027,25954,26028,25984,25998,26015,26029,120,2068,26030,26031,26032,26033,5048,26106,27342,27343,27344,27345,27346,27347,27348,27349,27350,27351,26971,27352,27353,1961,27354,1959,27355,27356,27357,27358,27359,26394,27360,27361,27362,26606,5087,27363,26972,27364,27365,1976,27366,27367,27368,1972,27369,5050,26602,26531,26548,26605,7411,4002,9486,26579,26594,26607,123,26608,26609,26610,26611,26612,3993,732,5154,2354,5155,195,3243,5156,5104,4484,5157,5158,5116,23,5126,5136,5144,5152,5159,17,26789,26790,26791,26792,26793,26794,26752,26766,26781,26795,124,26796,26797,2087,26798,26799,5051,26873,26883,26970,26916,26930,26973,26945,26960,26974,125,26975,26976,26977,26978,26979,26980,27052,27224,27225,27105,27226,27135,27227,27228,27179,27229,27216,27230,126,27231,27232,27233,27234,2106,27235,27370,27371,27372,27373,27374,27375,27376,27377,27378,27379,27380,27381,5053,115,74,116,121,122,0,128,129,130,131,132,133,134,1818,23325,27382,27383,27384,27385,27386,27387,5364,27388,5054,27389,27390,27391,1941,27392,27393,27394,5493,27395,27396,5055,27397,1880,27398,27399,27400,27401,27402,27403,5056,27404,27405,27406,27407,2006,27408,27409,27410,5057,27411,27412,1923,27413,27414,27415,27416,5043,5046,5047,5049,5052,2042,5058
351,728,5105,5106,1736,5107,2350,2632,2938,3239,5108,5109,3997,5110,4480,4681,4943,5111,17,5112,5113,5114,5115,5116,5117,6248,10205,10206,7219,10207,7797,8067,8368,10208,10209,9122,10210,9595,9788,10048,10211,40,10212,5128,10213,10214,10215,10216,64491,64492,64493,64494,64495,64496,34646,64497,13548,64498,64499,64500,64501,59628,64502,64503,5022,5021,64504,64505,64506,64507,64508,64509,64510,23374,64511,64512,34647,64513,64514,64515,51465,64516,18856,59629,64517,64518,5039,64519,64520,5036,64521,64522,64523,23373,20592,23375,21151,21427,21729,21970,23376,23377,23378,22801,22977,23215,23379,106,23380,23381,23382,23383,23384,23385,64524,64525,64526,64527,64528,64529,64530,64531,64532,51466,64533,64534,27295,64535,5058,64536,64537,64538,64539,5053,64540,31163,31164,31165,29057,29295,29518,29737,31166,31167,30359,31168,30772,31012,31169,148,31170,31171,31172,5147,31173,31174,32094,32349,34648,32824,33047,33297,34649,34650,33841,34651,34259,34495,34652,168,34653,34654,34655,34656,34657,34658,35624,38452,38453,36341,38454,36914,37152,38455,38456,37788,38457,38153,38305,38458,189,38459,38460,38461,38462,38463,5162,42251,42252,42253,40026,40283,40581,42254,42255,41292,42256,41719,41875,42100,42257,210,5120,42258,42259,42260,42261,42262,43153,64541,64542,64543,64544,64545,64546,64547,64548,64549,64550,59631,64551,64552,5071,64553,5070,64554,64555,64556,64557,64558,47070,64559,64560,64561,51468,64562,64563,59632,64564,64565,5086,64566,64567,64568,5083,64569,64570,51464,49890,50112,51467,50527,51469,50898,51095,51313,51470,266,51471,51472,51473,51474,51475,51476,64571,64572,64573,64574,53344,64575,64576,64577,64578,64579,64580,64581,5104,64582,64583,64584,64585,64586,5099,57306,57307,57308,57309,57310,57311,56831,56987,57162,57312,302,57313,57314,5141,57315,57316,57317,58196,58323,59630,58749,58930,59633,59308,59485,59634,318,59635,59636,59637,59638,59639,59640,60525,62804,62805,61208,62806,61606,62807,62808,62162,62809,62655,62810,337,62811,62812,62813,62814,5158,62815,64587,64588,64589,64590,64591,64592,64593,64594,64595,64596,64597,64598,64599,345,346,347,348,349,350,0,352,353,354,355,356,357,729,64600,64601,64602,64603,64604,10464,64605,64606,64607,64608,64609,64610,64611,3240,64612,64613,42608,64614,64615,64616,64617,64618,2353,64619,64620,64621,64622,19344,64623,64624,64625,64626,64627,64628,4483,64629,48789,64630,64631,64632,64633,2943,64634,64635,64636,27375,64637,64638,64639,64640,64641,4948,54792
353,5128,5022,5038,5129,5130,2352,2634,2940,213,231,5085,5131,5132,4482,4683,4945,5113,20,17,5133,5134,5135,5136,5137,64730,64731,64732,64733,64734,31184,64735,64736,10171,64737,64738,64739,57327,64740,64741,64609,382,728,5542,64742,64743,64744,64745,63642,63505,63518,63643,63644,63558,34568,63571,15332,63581,63645,63646,63616,59553,63629,5105,1124,345,63647,63648,63649,63650,63651,63798,63693,63799,19307,63719,34583,17635,19919,3531,63800,63801,18840,59568,63777,63787,1459,346,63802,1425,63803,63804,63805,64746,64747,23717,31185,64748,21765,3267,24019,64295,64749,57328,22982,64750,64610,383,1741,64751,64752,64753,64754,1738,64755,64756,64757,64758,64759,64760,64761,64762,64296,64763,64764,64765,27275,64766,5498,5056,64767,64768,5055,5493,64769,31087,31102,31186,29059,29297,29520,2238,2255,31145,31187,31188,30774,31014,31171,151,148,31189,31190,5562,31191,31192,34668,34669,34670,32826,33049,2524,2537,34627,34671,34672,34261,34497,34654,171,168,34673,34674,34675,5155,34676,38472,38377,38392,38473,38474,36916,2831,2846,38434,38475,38476,38155,38307,38460,192,189,38477,5139,38478,38479,5576,3019,3036,3268,3069,3088,3269,3130,3148,3270,3271,3197,3211,3228,3240,385,9,3272,3273,3274,3275,3276,3316,3333,3532,3366,3385,3405,3533,3534,3458,3535,3491,3506,3523,3536,10,348,3537,3538,3539,3540,3541,64294,47061,64213,49249,64237,64297,48785,64261,59609,48650,64283,3808,349,64298,64299,3775,64300,64301,64770,49896,64771,52164,64772,51830,57330,64773,51350,64612,386,4003,64774,64775,64776,3999,64777,64778,64779,64780,64781,53337,64782,64783,64784,64785,64786,64787,64788,5540,5103,64789,5101,64790,64791,5536,57233,57248,57329,4389,57290,57331,56833,56989,57164,57314,305,302,57332,5557,57333,57334,57335,59650,59651,59652,4609,59653,59654,59310,59487,59636,321,318,59655,59656,59657,59658,5164,62824,62731,62746,62825,62826,4849,4863,62786,62827,62828,62657,62812,340,337,62829,62830,5150,5573,62831,64504,64520,64611,5070,64567,64613,64595,351,42608,64614,64615,64616,64617,66,88,384,234,252,387,366,0,388,389,390,391,392,40,106,347,210,266,350,352,354,355,356,357,64792,64793,64794,5510,64795,64796,64797,64798,64799,64800,64801,64802,2386,64803,5635,64804,4946,64805,42619,54810,64806,64807,2942,5736,4517,64808,64809,27393,42625,64810,64811,2974,5833,4686,64812,64813,64814,2638,64815,5914,64816,4980,64817
352,42,63,5037,5118,5119,2351,2633,2939,5120,5071,5084,5121,5122,4481,4682,4944,5112,19,5123,17,5124,5125,5126,5127,746,465,487,747,748,548,568,589,610,628,749,750,681,697,716,729,371,751,1,752,753,754,755,808,1085,1086,872,1087,913,932,953,973,1088,1007,1089,1042,1058,1077,1090,2,1091,345,1092,1093,1094,1095,19877,63692,63790,63791,63718,34582,63731,63792,63754,63793,19336,18829,59567,19203,63786,1448,63794,346,1424,63795,63796,63797,24059,64642,64643,31175,64644,64645,64646,64647,64286,23645,57318,22983,23242,64600,372,64648,1742,64649,64650,1737,64651,64652,64653,64654,64655,64656,64657,64658,64659,48741,51689,64660,64661,27283,64662,5369,64663,5057,5054,64664,5364,64665,2126,31101,31176,29058,29296,29519,31177,31132,31144,31178,31179,30773,31013,31170,150,31180,148,31181,5433,31182,31183,2432,34659,34660,32825,33048,34661,34613,34626,34662,34663,34260,34496,34653,170,34664,168,34665,34666,34667,5161,2717,2736,38391,38464,38465,36915,38466,38421,38433,38467,38468,38154,38306,38459,191,38469,189,38470,5148,38471,5448,42175,64666,64667,64668,64669,64670,64671,64672,64673,64674,57320,64675,64676,64602,374,5416,3239,64677,64678,64679,64680,46106,64162,64163,64043,64057,64164,64089,64101,64165,64166,64136,59597,64149,5108,3559,64167,348,64168,64169,64170,64171,49210,47050,47253,64287,64236,64288,64289,64260,59608,64273,64282,3797,64290,349,64291,3774,64292,64293,52057,49895,50137,64681,64682,64683,57321,64684,64685,64603,375,64686,4002,64687,64688,64689,3998,64690,64691,64692,64693,53329,64694,64695,64696,64697,64698,64699,64700,5411,64701,5102,64702,5100,64703,5407,4341,57247,57319,57277,57289,57322,56832,56988,57163,57313,304,57323,302,5427,57324,57325,57326,4562,59641,59642,59643,59644,59645,59309,59486,59635,320,59646,318,59647,59648,5157,59649,4763,4779,62745,62816,62817,62818,62773,62785,62819,62820,62656,62811,339,62821,337,5142,62822,5444,62823,5021,64519,64601,64553,64566,64604,64594,10464,351,64605,64606,64607,64608,65,87,373,233,251,376,365,377,0,378,379,380,381,5335,64704,64705,64706,64707,64708,64709,64710,64711,64712,64713,40,106,347,210,266,350,353,354,355,356,357,5593,2375,2941,64714,64715,64716,64717,27385,10474,5694,64718,64719,64720,4506,4947,64721,10482,54803,5795,2637,2964,64722,64723,64724,64725,5876,64726,64727,64728,4687,4970,64729
355,5146,5024,5039,1740,5057,5147,2636,5148,5149,5073,249,4001,5103,307,4685,5150,5115,22,5125,5135,17,5151,5152,5153,64886,64887,64888,23410,64889,64890,64891,64892,10176,8905,51501,9385,4528,64893,10743,64625,402,64894,5561,733,64895,731,64896,63657,63507,63519,63532,14952,63658,34570,13254,15541,3768,63593,63607,14431,59555,63659,63639,1126,1093,63649,345,63660,63661,5160,63806,63694,23310,63706,63807,34584,63808,63809,63755,51407,63766,19929,59569,63810,5106,1477,63795,63803,346,63811,63812,63813,23296,20596,23328,23411,21431,23412,23413,23344,1658,23371,1694,22981,23414,23383,111,23392,23400,106,23415,23416,23417,63996,63849,63866,63997,63893,63998,26032,27358,3769,51420,26848,63967,27908,63978,2100,5119,63989,347,63999,2052,64000,64897,64898,64899,64900,34686,64901,64902,64903,31143,51502,64904,59668,64905,64626,403,64718,64807,2350,5763,64906,64907,34685,32353,34601,32828,34687,34688,34615,2553,33845,34644,2605,34689,34656,173,34666,34675,168,34690,34691,34692,38941,35923,64908,64909,64910,64911,64912,64913,37595,64914,38447,4529,59669,64627,404,64719,2942,2939,64915,64916,5779,42179,64917,39824,64918,42742,64919,64920,41117,51504,64921,4530,64922,64923,64628,405,5435,64924,3243,64925,64926,3242,46428,64019,64032,64177,64178,64179,64091,3770,64114,45928,45423,59599,45798,64159,3561,64169,3539,348,64180,5156,64181,3614,3630,3647,3664,3771,3696,3772,3728,3743,3760,3773,11,3774,3775,349,3776,3777,3778,51394,49894,51503,51436,50531,51462,3955,51099,51505,51474,271,51483,51491,266,51506,51507,51508,52377,54733,64480,64370,55279,64481,64397,64413,54264,64436,64482,64462,4315,64467,5132,350,64483,64484,4268,4346,4359,4376,4394,4410,4426,4531,4456,4532,4483,406,4506,4517,14,4533,4534,4535,59667,58327,59586,59670,58934,59626,59312,59671,59638,323,59648,59657,318,59672,59673,59674,64927,64928,64929,64930,62760,63302,61823,62000,64931,64932,64933,64629,407,4947,64808,4945,64934,5775,64935,64506,64521,64539,64555,5083,64585,64597,64606,64615,351,48789,64630,64631,68,90,132,236,254,290,368,379,390,0,408,409,410,5694,64650,64664,64720,64688,5100,64711,352,64721,10482,54803,64806,64753,5055,5736,64776,64790,64799,353,64809,27393,42625,40,148,189,210,302,337,354,356,357,64936,64937,64938,64939,5746,64940,64941,64942,64943,5025,64944,5722,64945,64946,64947,64948,64949,64950,64951,5075,64952,5761,64953
354,5138,5023,85,1739,5056,152,2635,5139,5140,5072,5086,4000,5102,5141,4684,5142,5114,21,5124,5134,5143,17,5144,5145,64818,64819,6939,23402,7524,2390,64820,10645,10175,64821,51493,64822,64823,64824,64825,64618,393,64826,5553,64827,732,64828,730,63652,63506,1418,63531,63548,12737,34569,63653,15451,63582,63592,14980,63654,59554,14847,63638,1125,1092,63648,63655,345,5154,63656,1168,1419,1208,1420,1249,1268,1289,1310,1421,1346,1422,1378,1392,1410,1423,3,1424,1425,1426,346,1427,1428,23295,20595,23327,1568,21430,23403,23404,23343,23356,23370,23405,22980,23406,23382,110,23391,23399,23407,106,23408,23409,24314,27313,63865,25202,63892,63991,63992,63937,63946,51419,63993,63966,27811,63977,2091,63983,5130,63994,347,2051,63995,2130,2150,2167,2391,2205,2392,2393,2259,2274,2289,2307,2322,2394,2353,394,2375,2386,2395,6,2396,2397,34677,32352,34600,32827,34678,34679,34614,34628,33844,34643,34680,34681,34655,172,34665,34674,34682,168,34683,34684,64829,64830,36141,64831,64832,64833,38900,37386,64834,64835,38448,64836,59660,64619,395,2941,64803,64837,2940,64838,5677,42180,39591,64839,64840,64841,64842,64843,64844,51495,41525,64845,64846,42704,64620,396,5426,64847,64848,3244,3241,64849,46344,64018,45884,43806,44039,64172,64090,64102,64113,64128,64173,59598,64174,64158,3560,64168,3538,64175,348,64176,5163,64302,49223,64303,64304,64238,51448,64250,64305,59610,64306,5109,3818,64291,64299,64307,349,64308,64309,51393,49893,51494,51435,50530,51461,51496,51098,51497,51473,270,51482,51490,51498,266,51499,51500,64475,64345,52880,64369,55187,53524,54762,64412,64476,64435,64477,64461,4306,5122,64473,64478,350,64479,4267,64850,57246,64851,64852,64853,64854,64855,59662,64856,64621,397,64715,64804,5665,4480,64857,64858,59659,58326,59585,59661,58933,59625,59311,59663,59637,322,59647,59656,59664,318,59665,59666,63197,60763,60995,64859,62759,64860,64861,64862,64863,64864,64865,64622,398,64716,4946,64866,4944,5674,64867,64505,5036,64538,64554,64568,64584,64596,64605,64614,19344,351,64623,64624,67,89,131,235,253,289,367,378,389,399,0,400,401,5593,64649,5054,64714,64687,64702,64710,64717,352,27385,10474,64802,64752,64768,5635,64775,5101,64798,64805,353,42619,54810,64868,5606,64869,64870,64871,64872,64873,64874,64875,40,148,189,210,302,337,355,356,357,64876,64877,5621,5074,64878,64879,64880,5026,64881,64882,64883,64884,5660,64885
357,733,5160,5041,1742,5058,2355,5161,5162,3244,5163,5088,4003,285,4485,5164,344,5117,24,5127,5137,5145,5153,17,5165,6253,10244,10142,7224,10159,7801,10245,10246,10247,10188,9127,662,9599,10248,721,10216,47,10225,5468,10231,5146,40,10249,65010,65011,63819,65012,65013,65014,35329,65015,13550,48728,65016,65017,65018,65019,65020,65021,5575,5876,64814,5026,64949,5024,65022,63682,63696,23312,63707,63721,63820,63821,17931,19324,51409,4260,18858,63822,19943,63789,1479,63797,63805,1428,63813,346,63823,23424,20598,23329,21156,23425,23426,21975,23427,23358,1674,22806,23428,1729,23385,113,5118,23401,23409,23417,106,23429,63836,64001,63867,63881,64002,64003,63923,64004,63947,51421,63958,64005,28076,5107,2114,63984,63990,63995,64000,347,64006,31206,31104,31119,29062,31207,31208,29741,31209,31148,30364,2303,31210,2343,31174,155,31183,31192,31199,5709,148,31211,32120,65023,65024,65025,65026,65027,65028,64315,33842,34923,57350,5004,64638,419,64726,2638,64881,64950,2633,65029,65030,65031,65032,65033,65034,65035,65036,65037,65038,65039,38446,57351,65040,64639,420,64727,64815,65041,65042,2938,5940,42290,42193,42207,42291,42292,40586,42293,42235,41297,3178,41723,42294,3232,42262,217,5385,42271,5140,42283,210,42295,43154,65043,65044,65045,65046,65047,65048,64317,65049,65050,65051,60318,65052,65053,5449,64728,5914,64883,5075,5072,65054,46828,47072,64316,64228,64240,51450,4262,64263,64318,49272,64285,3820,64293,64301,64309,3778,349,64319,51515,51516,51517,51518,50533,3934,50903,51519,3990,51476,273,51484,5131,51500,51508,266,51520,4077,4259,4112,4128,4146,4164,4261,4263,4217,4232,4251,4264,13,4265,4266,4267,4268,350,4269,57349,57251,57265,57352,57292,4421,56836,57353,4473,57317,309,57326,57335,5647,57342,302,57354,65055,58325,65056,58785,65057,60004,65058,5006,64641,422,4687,64816,64884,64952,4683,65059,4768,5003,4804,4821,4836,4853,5005,4885,4899,4917,5007,4948,423,4970,4980,4988,4996,16,5008,64637,64523,64540,64640,64570,5099,64599,64608,64617,64624,64631,351,54792,418,92,134,421,256,292,370,381,392,401,410,0,424,755,64651,64665,64680,3998,5407,64713,10474,54803,352,64729,64745,1738,64769,3276,64777,5536,64801,54810,42625,353,64817,730,2397,64882,64849,64858,5660,64875,354,64885,64896,64907,64951,3242,4535,5761,64943,355,64953,345,168,189,348,318,337,356,65060,65061,65062,65063,65064,5937,65065
356,732,5154,5040,1741,127,2354,5155,195,3243,5156,5087,4002,5104,4484,5157,5158,5116,23,5126,5136,5144,5152,5159,17,6252,10238,10141,7223,526,7800,10239,593,10240,10187,9126,10204,9598,10241,10242,10215,46,10224,5467,5138,10237,10243,40,64954,64955,19279,64956,64957,64958,64959,64960,13549,64310,64961,64962,64963,60221,64964,64965,5569,5795,64810,64876,5025,64966,5023,15916,63695,23311,2044,63720,63814,19905,63745,63815,51408,63767,18857,63816,63817,63788,1478,63796,63804,1427,63812,63818,346,23418,20597,1544,21155,23419,1611,21974,23420,23357,23372,22805,23421,23422,23384,112,23393,5129,23408,23416,23423,106,1816,2043,2045,1876,1896,1917,1938,2046,2047,1985,2001,2016,2035,2048,5,2049,2050,2051,2052,2053,347,31200,31103,2163,29061,31201,2224,29740,31202,31147,30363,31162,31203,31204,31173,154,31182,31191,31198,5708,31205,148,64967,64968,34993,64969,2993,33333,35296,64311,33843,64970,57344,64971,64633,412,2637,64811,64877,64944,64972,2634,2721,2992,2759,2775,2795,2994,2834,2995,2869,2885,2901,2916,2996,2943,413,2964,2974,2982,2990,2997,8,42284,42192,3050,42285,3091,40585,42286,42234,41296,42250,41722,42287,42288,42261,216,5384,42270,42277,5149,42289,210,43155,64973,64974,64975,64976,64977,64978,48759,64979,64980,64981,64982,64983,64984,5442,64722,5833,5074,64945,64985,5073,64202,47071,49236,47468,64239,51449,64251,64262,64312,64313,64284,3819,64292,64300,64308,3777,64314,349,51509,51510,3892,51511,50532,51463,50902,51512,51513,51475,272,5121,51492,51499,51507,51514,266,64332,64485,64359,64486,55369,64384,64487,64414,64426,64488,64489,5110,4323,64468,64474,64479,64484,64490,350,57343,57250,4371,57345,57291,57305,56835,57346,57347,57316,308,57325,57334,5646,57341,57348,302,58221,58324,59862,64986,64987,64988,64989,64990,64635,415,64723,4686,64878,64946,64991,4682,64992,64993,64994,64995,62758,64996,64997,64998,64999,65000,65001,64636,416,64724,64812,65002,65003,5862,4943,64632,64522,5053,64634,64569,64586,64598,64607,64616,64623,64630,27375,351,411,91,133,414,255,291,369,380,391,400,409,417,0,754,1737,5364,64679,64689,64703,64712,27385,10482,64725,352,64744,64754,5493,3275,3999,64791,64800,42619,27393,64813,353,64828,2396,5621,3241,64857,64879,64874,64880,354,731,64906,5722,64926,4534,64947,64942,64948,355,65004,65005,5821,65006,65007,65008,65009,345,168,189,348,318,337,357
213,353,3019,3036,3267,3268,2238,3069,3088,3269,3130,3148,3270,3271,3197,3211,3228,3240,385,9,3272,3273,3274,3275,3276,5128,5022,5038,5129,5130,2352,2634,2940,231,5085,5131,5132,4482,4683,4945,5113,20,17,5133,5134,5135,5136,5137,39384,39178,39195,39385,39386,33119,39231,39249,39387,39265,39388,39389,39313,39328,39346,3233,39368,197,39390,39391,39392,39393,39394,39614,39437,39615,39616,39475,39492,39511,39617,39546,39618,39619,18714,39560,39576,39588,39599,198,39620,39621,39622,39623,39624,42536,42537,42538,29762,42539,42540,42541,42542,41142,42543,41745,21945,42544,42263,5474,1629,42545,42546,23926,42547,1626,42548,42549,42550,42551,42552,42553,42554,42555,41143,42556,42557,42558,39811,42559,42560,3054,42561,42562,3053,42563,42564,29593,29609,29763,28946,29625,21674,29764,29663,29680,29765,29766,29711,29727,29738,2382,141,29767,29768,29769,29770,29771,40054,40055,40056,39931,33286,40057,39964,39979,40058,40059,34402,40015,40027,5501,200,40060,40061,40062,3292,40063,40309,40109,40125,40310,40311,40161,40312,40197,40214,40313,40314,40258,40272,40284,5502,201,40315,3278,40316,40317,40318,40360,42565,42566,42567,42568,42569,42570,42571,42572,42573,41747,42574,42575,3109,5503,3107,42576,42577,42578,42579,42580,40906,40907,40908,40711,40730,40909,40771,40787,40910,40911,40836,40851,40868,40879,3248,203,40912,40913,40914,40915,40916,41141,40975,40991,41144,41025,41145,41146,41071,41086,41103,41115,41126,204,41147,41148,41149,41150,41151,42581,41209,42582,42583,42584,42585,41748,42586,42587,42265,5506,3167,42588,42589,42590,3163,42591,42592,42593,42594,42595,41414,42596,42597,42598,42599,42600,42601,42602,42603,3183,42604,3181,42605,42606,42607,41600,41613,41746,41646,41662,41749,41694,41708,30918,41720,4512,207,41750,41751,41752,41753,41754,41903,41904,41905,41906,41907,41908,41864,30701,41876,5508,208,41909,41910,41911,41912,3302,42126,41956,41973,42127,42128,42129,42038,42052,42130,42131,42089,42101,5509,209,42132,42133,3288,42134,42135,42176,42190,42264,3127,42232,42266,42258,210,42267,42268,42269,42270,42271,3017,5499,5500,5504,5505,5507,5287,211,5510,5511,5512,5513,5514,0,99,199,202,205,206,212,214,215,216,217,42608,42609,42610,42611,42612,42613,42614,42615,42616,42617,42618,42619,31531,42620,42621,42622,3229,42623,42624,5635,42625,42626,3090,42627,42628,42629,42630,5736,42631,42632,42633,42634,42635,3214,42636,42637,42638,3073,42639,42640,42641,42642,42643
269,4026,3857,1349,391,4027,2288,3872,3889,4028,3906,3699,4029,4030,3953,3969,3986,3999,4012,12,4031,4032,4033,4034,386,51764,51765,51766,5467,51767,30385,51768,51769,9028,51770,51771,51772,50925,51773,51774,51485,646,643,51775,51776,51777,51778,5460,49737,49570,13886,49738,49739,49585,49601,49620,49740,47760,49741,49742,49666,49681,49699,3991,49721,257,49743,49744,49745,49746,49747,18427,16165,1460,18428,17015,18279,18296,18429,18313,18430,18431,18358,18374,18391,18403,18414,80,18432,18433,18434,18435,1455,5569,5481,5497,2388,5570,5571,5513,5572,3810,5540,4518,324,5573,5136,5293,23,5551,5559,5567,5574,20,51779,51780,51781,51782,51783,51784,51785,51786,47891,51787,51788,51789,26598,51790,51791,1989,51792,51793,1988,51794,5490,30259,28498,30386,28996,30272,8314,30387,30288,30122,30388,30389,30332,30349,30361,30372,144,30390,30391,30392,30393,2383,49920,49921,49922,49819,49834,49923,49849,47774,49924,49925,49864,49879,49892,49905,258,49926,49927,49928,4054,49929,50139,49993,50007,50140,50141,50042,50142,50060,50074,50143,50144,35565,50102,50114,50125,259,50145,4037,50146,50147,50148,41190,51795,51796,51797,51798,51799,51800,51801,51802,51803,50927,51804,51805,3163,51628,3161,51806,51807,51808,51809,5506,50356,50357,50358,50204,50223,50359,50258,26248,50360,50361,50287,50301,50318,50329,4007,260,50362,50363,50364,50365,50366,47890,46982,47791,47892,47626,47893,47894,47822,47837,47854,47866,47877,244,47895,47896,47897,47898,3805,51810,50425,51811,51812,51813,51814,50928,51815,51816,51487,51629,3926,51817,51818,51819,3922,5518,51820,51821,51822,51823,50651,51824,51825,51826,51827,51828,51829,51830,51831,3939,51832,3937,51833,51834,5519,50782,50794,50926,50812,50827,50929,50858,50872,50887,50900,50912,263,50930,50931,50932,50933,4513,51125,51126,51127,51128,51129,51130,51069,51084,51097,51110,264,51131,51132,51133,51134,4064,51341,51178,51194,51342,51343,51344,51240,51255,51345,51346,51302,51315,51327,265,51347,51348,4049,51349,51350,51392,51406,51486,3903,51447,51488,51472,266,51489,51490,51491,51492,5131,3855,51548,51627,51576,51589,51630,51614,267,51631,51632,51633,51634,5288,35,0,123,205,261,262,268,270,271,272,273,51835,51836,51837,51838,51839,51840,51841,51842,51843,51844,5522,51845,51846,51847,51848,51849,3987,51850,51851,5523,51852,51853,3891,51854,51855,51856,51857,51858,5524,51859,51860,51861,51862,3972,51863,51864,5515,3876,5516,5517,5520,5521,5525
288,4290,4098,1365,4291,389,4115,4131,4149,4292,4185,3714,4293,4294,4220,4235,4254,4266,4277,13,4295,4296,387,4297,4298,55054,55055,55056,55057,55058,52863,55059,55060,52309,55061,55062,55063,54239,55064,55065,54809,4080,4077,55066,55067,55068,55069,55070,52641,52470,13690,52642,52643,52504,52520,52539,52644,47954,52645,52646,52586,48392,52604,4259,52626,275,52647,52648,5527,52649,52650,18631,14125,18632,1458,18478,12917,18494,18633,18530,18634,18635,18565,18580,18599,18610,18619,81,18636,18637,1456,18638,18639,55071,55072,5479,52864,55073,55074,55075,55076,48067,55077,54240,22599,55078,23369,54928,1680,55079,55080,5476,55081,1677,5553,1125,5496,5554,2669,5555,5556,3571,3808,5523,5557,4718,341,5134,5291,21,5549,5558,20,5559,5560,52692,52710,52865,52728,52744,52760,52866,52777,30079,52867,52868,52809,52825,52838,52849,276,52869,52870,52871,52872,52873,53071,53072,53073,52950,52966,53074,17291,33939,53075,53076,53015,53031,53044,53057,277,53077,53078,5529,4318,53079,53313,53145,53159,53314,53315,53211,53316,53245,33987,53317,53318,53260,53274,53287,53299,278,53319,4301,53320,53321,53322,53361,55082,55083,55084,55085,55086,55087,55088,55089,55090,54242,55091,55092,4167,54930,4165,55093,55094,55095,55096,55097,53781,53782,53783,53613,53631,53784,53666,18150,53785,53786,53713,53727,53744,53755,4272,280,53787,53788,5531,53789,53790,48066,47968,47983,48068,45082,48069,48070,48015,45553,48034,48045,48054,245,48071,48072,3806,48073,48074,55098,50638,55099,55100,55101,55102,54243,55103,55104,54811,51602,3941,55105,55106,5519,3937,55107,55108,55109,55110,55111,53903,55112,55113,55114,55115,55116,55117,55118,55119,4206,55120,4204,5532,55121,55122,54094,54106,54241,54124,54140,54244,54172,54186,54201,54214,54225,282,54245,54246,54247,54248,54249,54420,54421,54422,54423,54424,54425,54365,54380,54393,54406,283,54426,54427,5534,54428,4328,54679,54490,54508,54680,54681,54682,54574,54589,54683,54684,54640,54653,54665,284,54685,54686,4313,54687,54688,54730,19720,54810,4182,54772,54812,54798,285,54813,54814,5536,5101,54815,4096,54863,54929,54878,49155,54931,54917,286,54932,54933,5537,54934,5258,274,102,0,279,262,281,287,289,290,291,292,55123,55124,55125,55126,55127,55128,55129,55130,5538,55131,55132,55133,55134,55135,55136,55137,4255,55138,55139,55140,5526,5528,4151,5530,5533,5535,5539,5540,5541,55141,55142,55143,55144,4238,55145,55146,55147,4135,55148,55149,55150,55151,55152
43,756,466,488,757,758,549,569,590,366,611,629,759,760,682,698,717,382,741,1,761,762,763,764,765,10498,10499,10500,10501,10502,7823,10503,10504,6128,10505,10506,10507,9621,10508,10509,5452,443,440,10510,10511,10512,10513,10514,6637,6354,6375,6638,6639,6436,6455,6476,6640,6513,6641,6642,6564,6580,6599,722,6621,26,6643,6644,6645,6646,6647,6963,6711,6964,6965,6769,6788,6809,6966,6846,6967,6968,6893,6907,6925,6937,6948,27,6969,6970,6971,6972,6973,10515,10516,10517,7824,10518,10519,5285,10520,8929,10521,9622,7193,10522,5455,10355,511,10523,10524,10525,10526,508,10527,10528,10529,10530,10531,10532,10533,10534,8930,10535,10536,10537,7512,10538,10539,530,10540,10541,529,10542,10543,7600,7620,7825,7655,7672,7689,2364,7709,7724,7826,7827,7769,7786,2379,7809,30,7828,7829,7830,7831,7832,8095,8096,8097,7927,7944,8098,7977,7993,8099,8100,8039,8056,5457,8080,31,8101,8102,8103,781,8104,8394,8172,8189,8395,8396,8246,8397,8282,8299,8398,8399,8343,8357,5458,8380,32,8400,768,8401,8402,8403,64,5195,5286,2647,2952,5287,5228,5242,5288,5289,4494,4696,4957,20,5270,18,5290,5291,5292,5293,5294,8691,8692,8693,8496,8515,8694,8556,8572,8695,8696,8621,8636,8653,8664,737,33,8697,8698,8699,8700,8701,8928,8760,8777,8931,8811,8932,8933,8858,8873,8890,8902,8913,34,8934,8935,8936,8937,8938,10544,9001,10545,10546,10547,10548,9624,10549,10550,5460,10357,650,10551,10552,10553,646,10554,10555,10556,10557,10558,9268,10559,10560,10561,10562,10563,10564,10565,10566,667,10567,665,10568,10569,10570,9459,9472,9623,9507,9523,9625,9555,9569,9584,4509,9607,37,9626,9627,9628,9629,9630,9816,9817,9818,9819,9820,9821,9762,9777,5462,9801,38,9822,9823,9824,9825,791,10074,9887,9905,10075,10076,10077,9971,9986,10078,10079,10037,5463,10060,39,10080,10081,777,10082,10083,5453,5454,5456,608,5459,5461,5128,40,5464,5465,5466,5467,5468,464,10277,10356,10310,10323,10358,10350,41,10359,10360,10361,10362,10363,25,28,29,0,35,36,42,44,45,46,47,10571,10572,10573,10574,10575,10576,10577,10578,10579,10580,10581,10582,10583,10584,10585,10586,718,10587,5594,10588,10589,10590,592,10591,10592,10593,10594,10595,5695,10596,10597,10598,10599,701,10600,10601,10602,573,10603,10604,10605,10606,10607
109,1765,1507,1211,1766,1767,1567,1587,1608,1768,1645,1661,392,1769,1692,1707,1725,1738,1751,4,1770,1771,1772,383,1773,23680,23681,23682,23683,23684,21178,23685,23686,7127,23687,5468,23688,22827,23689,23690,23394,508,505,23691,23692,23693,5455,23694,20335,20160,16303,20336,20337,20211,20226,20247,20338,11968,20339,20340,20263,20279,20297,1730,20319,93,20341,20342,20343,20344,20345,16518,16031,16519,16520,16359,16378,16399,16521,16434,1461,16522,16449,16464,16482,16494,16505,73,16523,16524,16525,1452,16526,23695,23696,23697,21179,23698,23699,23700,23701,22446,23702,22828,20569,23703,23395,23543,1530,23704,23705,23706,5470,1527,23707,23708,23709,23710,23711,23712,23713,23714,22447,5498,23715,23716,20869,23717,23718,1548,23719,23720,1547,5471,23721,20955,20973,21180,21009,21027,21043,21181,21080,21093,2389,21182,21124,21140,21153,21165,96,21183,21184,21185,2380,21186,21457,21458,21459,21285,21302,21460,21337,21353,21461,21462,21398,21416,21429,21442,97,21463,21464,21465,1793,21466,21757,21533,21550,21758,21759,21607,21760,21643,21660,21761,21762,21704,21718,21731,21743,98,21763,1776,21764,21765,21766,21804,23722,23723,23724,23725,23726,23727,23728,5514,23729,22830,23730,23731,1626,23545,1624,23732,23733,23734,5474,23735,22248,22249,22250,22071,22090,22251,22130,22145,22252,22253,22178,22193,22210,22221,1746,100,22254,22255,22256,22257,22258,22445,22297,22314,22448,22347,3811,22449,22378,22392,22409,22421,22432,101,22450,22451,22452,3802,22453,5575,175,5576,5577,5525,5541,4519,5578,5579,5137,5294,24,5552,5560,5568,20,5580,23736,23737,23738,23739,22514,23740,23741,23742,23743,23744,23745,23746,23747,1679,23748,1677,23749,5476,23750,22701,22713,22829,22748,22762,22831,22777,22791,9922,22803,22814,103,22832,22833,22834,4510,22835,23007,23008,23009,23010,23011,23012,22951,22966,22979,22992,104,23013,23014,23015,23016,1803,23243,23077,23094,23244,23245,23246,23158,23171,23247,23248,23204,23217,23229,105,23249,23250,1788,23251,23252,23294,23309,23396,1642,23355,23397,23381,106,23398,23399,23400,5129,23401,1505,23458,23544,23491,23504,23546,23530,107,23547,23548,23549,5285,23550,28,94,95,99,0,102,108,110,111,112,113,23751,23752,23753,23754,23755,23756,23757,23758,23759,5478,23760,23761,23762,23763,23764,23765,1726,23766,5479,23767,23768,23769,1610,23770,23771,23772,23773,5480,23774,5469,5472,5473,5475,1710,5477,5481,23775,1591,23776,23777,23778,23779,23780
130,2074,1837,1231,2075,2076,1879,1899,1920,2077,1962,1975,2078,390,2004,2019,2038,2050,2061,5,2079,384,2080,2081,2082,27637,27638,27639,27640,27641,25184,27642,27643,24232,27644,27645,27646,26822,27647,27648,27389,1819,1816,27649,27650,27651,27652,27653,24585,24408,16590,24586,24587,24446,17193,24467,24588,11688,24589,24590,24514,24530,24548,2043,24570,115,24591,5483,24592,24593,24594,16802,16050,16803,16804,16631,16649,16670,16805,16707,16806,1459,16736,16751,16770,16781,16790,74,16807,1453,16808,16809,16810,27654,27655,27656,25185,27657,27658,27659,27660,26489,5480,26823,20852,27661,27390,23475,1550,27662,5471,27663,27664,1547,27665,27666,27667,27668,27669,27670,27671,27672,26490,27673,27674,27675,24850,27676,27677,1859,27678,5484,1858,27679,27680,24940,24960,25186,24997,25015,25032,25187,25069,25083,25188,25189,25128,25146,25159,25170,117,25190,25191,25192,25193,25194,25462,25463,25464,25293,25310,25465,25345,25360,25466,25467,25404,25422,25435,25448,118,25468,5486,25469,2102,25470,25762,25536,25553,25763,25764,25610,25765,25646,25663,25766,25767,25709,25723,25736,25748,119,25768,2085,25769,25770,25771,25813,27681,27682,27683,27684,27685,27686,27687,27688,27689,26825,27690,27691,1941,27512,1939,27692,27693,27694,27695,27696,26346,26347,26348,26157,26176,26349,26217,26232,26350,26351,26280,26292,26309,26320,2057,121,26352,5489,26353,26354,26355,26488,26393,26410,26491,12348,26492,3809,26441,14504,26456,26467,26476,122,26493,3803,26494,26495,26496,27697,26538,27698,27699,27700,5524,26826,27701,27702,27392,27513,1992,27703,5490,27704,1988,27705,5561,1126,5562,2670,194,5563,3572,5539,5564,4719,5565,5135,5292,22,5550,20,5566,5567,5568,26679,26690,26824,26724,26739,26827,26755,26769,26784,26797,26808,124,26828,26829,26830,26831,26832,27003,27004,27005,27006,27007,27008,26948,26963,26976,26989,125,27009,5492,27010,27011,2112,27258,27073,27091,27259,27260,27261,27155,27169,27262,27263,27219,27232,27244,126,27264,27265,2097,27266,27267,27309,27323,27391,1959,27367,27393,27378,127,27394,5493,27395,27396,5055,1835,19681,27511,27475,27488,27514,27499,128,27515,5494,27516,5212,27517,114,95,116,120,123,0,129,131,132,133,134,27706,27707,27708,27709,27710,27711,27712,5495,27713,27714,27715,5482,5485,5487,5488,5491,2039,5496,5497,5498,27716,27717,1922,27718,27719,27720,27721,27722,27723,27724,27725,27726,27727,2022,27728,27729,27730,1903,27731,27732,27733,27734,27735
388,5542,1124,1457,5543,5544,2385,2668,2972,5545,3570,3807,5546,5547,4515,4717,4977,5133,5290,20,5548,5549,5550,5551,5552,68904,68905,68906,68907,68908,31561,68909,68910,8663,68911,68912,68913,57686,68914,68915,64792,5464,5128,68916,68917,68918,68919,68920,15364,11587,11885,15365,15366,12736,12991,13283,15367,13779,15368,15369,14429,14625,14877,5022,15120,66,15370,15371,15372,15373,15374,19726,16253,19727,19728,17111,17365,17665,19729,18236,19730,19731,18838,18999,19233,19366,19491,88,19732,19733,19734,19735,19736,68921,68922,68923,31562,68924,68925,68926,68927,49161,68928,57687,23040,68929,64793,66385,5481,68930,68931,68932,68933,5478,68934,68935,68936,68937,68938,68939,68940,68941,49162,68942,68943,68944,27273,68945,68946,5496,68947,68948,5495,68949,68950,28310,28589,31563,29092,29329,29550,31564,30035,30212,31565,31566,30806,31044,31189,31327,151,31567,31568,31569,31570,31571,35036,35037,35038,32860,33080,35039,33525,33713,35040,35041,34293,34528,34673,34819,171,35042,35043,35044,5570,35045,38821,35953,36172,38822,38823,36948,38824,37417,37627,38825,38826,38182,38335,38477,38610,192,38827,5555,38828,38829,38830,39367,68951,68952,68953,68954,68955,68956,68957,68958,68959,57689,68960,68961,5510,66387,5287,68962,68963,68964,68965,68966,46298,46299,46300,43816,44069,46301,44639,44826,46302,46303,45432,45611,45827,45949,5228,234,46304,46305,46306,46307,46308,49160,47060,47282,49163,47713,49164,49165,48287,48465,48681,48814,48939,252,49166,49167,49168,49169,49170,68967,49959,68968,68969,68970,68971,57690,68972,68973,64795,66388,5525,68974,68975,68976,5522,68977,68978,68979,68980,68981,53336,68982,68983,68984,68985,68986,68987,68988,68989,5539,68990,5538,68991,68992,68993,55677,55823,57688,56267,56466,57691,56864,57018,57191,57332,57466,305,57692,57693,57694,57695,57696,60009,60010,60011,60012,60013,60014,59343,59515,59655,59796,321,60015,60016,60017,60018,5578,63158,60794,61027,63159,63160,63161,61853,62031,63162,63163,62689,62829,62957,340,63164,63165,5565,63166,63167,63647,63802,64794,3537,64298,64796,42608,353,64797,64798,64799,64800,64801,1102,65395,66386,65760,65891,66389,10574,366,66390,66391,66392,66393,66394,382,383,384,385,386,387,0,389,390,391,392,68994,68995,68996,68997,68998,68999,69000,69001,69002,69003,69004,69005,69006,69007,69008,69009,4978,55125,69010,69011,69012,69013,2973,69014,69015,69016,27711,69017,69018,69019,69020,69021,69022,4720,69023,51836,69024,2671,69025,69026,69027,69028,23755
390,5561,1126,1459,5480,130,5562,2670,194,5563,3572,3809,5524,5539,5564,4719,5565,5135,5292,22,5550,20,5566,5567,5568,69101,69102,69103,23693,69104,69105,69106,69107,8668,69108,68721,69109,57822,69110,69111,64806,5695,5146,69112,5468,69113,5466,69114,15382,11589,11887,15302,896,15383,12993,958,15384,13781,15346,15361,15385,14627,15386,5024,15122,68,15372,66,15387,15388,5575,19745,16255,19667,1231,19746,17367,1294,19747,18238,19710,19723,19748,19001,19749,5038,19492,90,19734,88,19750,19751,19752,20344,68171,2075,68265,68195,24008,68266,68227,49107,68238,68267,23033,68268,64753,66331,1790,68258,383,68269,68270,1772,2074,1837,2076,1879,1899,1920,2077,1962,1975,2078,2004,2019,2038,2050,2061,5,2079,384,2080,2081,2082,69115,69116,31117,69117,35054,2985,31736,30004,30180,68722,69118,60027,69119,64807,2387,403,69013,2352,69120,69121,69122,35053,34982,2469,32862,2507,35055,33527,33715,35020,35034,35056,35057,34675,34821,173,35044,171,35058,5771,35059,2984,2741,2758,2774,2794,2986,2987,2851,2868,2884,2900,2988,2929,2942,2954,404,2973,8,2989,2990,2991,39371,69123,69124,69125,69126,69127,69128,69129,51808,69130,69131,69132,69133,5736,66399,5305,69134,5513,69135,69136,5512,46316,46240,3353,46317,3390,46318,44641,44828,46281,46295,46319,45613,46320,45951,5230,236,46306,234,46321,5572,46322,49179,49180,3652,49181,47715,49145,49157,49182,48467,49183,48815,5242,254,49168,252,49184,49185,49186,68638,49947,52153,50366,68673,68684,68723,68695,68724,64776,66369,4052,68714,386,68725,4033,68726,68888,68758,68889,68783,55278,68890,68810,68825,68891,68849,68892,68871,68878,4314,5547,387,68893,68894,68895,55659,55802,57397,69137,69138,69139,69140,60029,69141,4517,66400,406,69015,4494,69142,69143,69144,60026,59957,4592,60028,59995,60007,59345,60030,59657,59798,323,60017,321,60031,60032,5780,69145,69146,69147,69148,63117,69149,69150,69151,69152,69153,69154,64808,66401,407,69016,4977,5767,69155,69156,63649,63803,5055,3539,3775,64790,64615,355,64799,353,64809,27393,42625,1104,1436,5212,65762,65892,66383,66208,368,66392,366,66402,10591,27514,402,111,132,405,271,290,379,0,408,409,410,69012,68932,5495,69014,68976,68991,69002,388,27711,69017,69018,382,151,192,385,305,340,389,391,392,69157,69158,5721,69159,69160,69161,69162,69163,69164,1127,69165,5820,69166,4737,69167,69168,69169,2689,5901,3574,69170,69171,69172
389,5553,1125,1458,5479,5496,5554,2669,5555,5556,3571,3808,5523,288,5557,4718,341,5134,5291,21,5549,5558,20,5559,5560,69029,69030,69031,68259,69032,31610,69033,69034,8667,69035,51776,69036,69037,69038,69039,64802,5594,5138,69040,69041,5467,69042,5465,15375,11588,11886,15301,15318,15376,12992,15377,15378,13780,15345,1029,15379,14626,1081,5023,15121,67,15371,15380,66,5569,15381,19737,16254,19666,19683,19738,17366,19739,19740,18237,19709,1365,19741,19000,1414,19367,5195,89,19733,19742,88,19743,19744,68159,68170,68182,68260,68194,68261,23733,22257,49106,4291,68262,23024,24039,64752,66330,1781,68257,68263,383,68264,1771,68444,68302,68318,68445,68346,68446,68447,68390,49118,68399,68448,68420,27809,68427,68434,2089,5544,68449,384,68450,68451,28291,69043,69044,69045,35047,69046,69047,69048,30191,68715,31298,60020,4982,2386,66395,394,69006,69049,2364,69050,69051,35046,34981,34996,32861,35048,35049,33526,33714,35019,2588,35050,2622,34674,34820,172,35043,35051,171,5671,35052,69052,69053,69054,69055,69056,69057,69058,69059,69060,69061,38817,69062,60021,64803,66396,395,69007,5663,2972,69063,69064,39372,69065,69066,69067,69068,69069,69070,69071,68717,69072,57764,69073,69074,5635,66397,5298,69075,69076,5514,5511,69077,46309,46239,46253,46310,46311,46312,44640,44827,46280,3479,46313,45612,3527,45950,5229,235,46305,46314,234,46315,5577,49171,49172,49173,49174,47714,49144,3714,49175,48466,3764,5085,48940,253,49167,49176,252,49177,49178,49747,49938,68716,68663,68672,4293,68718,68694,52183,64775,66368,4043,68713,68719,386,4032,68720,4290,4098,4115,4131,4149,4292,4185,4294,4220,4235,4254,4266,4277,13,4295,4296,387,4297,4298,69078,55791,69079,56237,69080,57303,69081,60023,4984,64804,4516,397,69009,69082,4482,69083,69084,60019,59956,59971,60022,59994,4640,59344,4671,59656,59797,322,60016,60024,321,60025,5679,4981,4783,4801,4818,4833,4983,4867,4882,4896,4914,4985,4946,4958,398,4978,4986,16,4987,4988,63648,1425,64768,3538,64299,5101,64614,354,64798,64805,353,42619,54810,1103,65396,66345,65761,3786,5258,66207,367,66391,66398,366,54929,10585,393,110,131,396,270,289,378,399,0,400,401,69005,68931,68948,69008,68975,5538,69001,55125,388,69010,69011,69085,69086,69087,69088,69089,5658,69090,69091,69092,382,151,192,385,305,340,390,391,392,69093,69094,69095,3573,4728,5854,69096,1128,2680,69097,69098,69099,5935,69100
392,5468,5575,1461,109,5498,2389,175,5576,5514,5577,3811,5525,5541,4519,5578,5579,5137,5294,24,5552,5560,5568,20,5580,67984,68144,68016,1765,68042,31489,8072,68145,10889,68075,68084,10565,57618,68146,10083,64745,765,733,68129,68134,5561,382,68147,69225,69226,19759,12167,12468,69227,2696,15680,15334,49193,69228,69229,69230,69231,69232,5160,69233,418,69024,1128,69169,1126,69234,19656,16257,1211,19685,17115,1275,19760,19701,19761,19711,19725,18842,19762,19763,19369,19494,92,19736,19744,19752,88,19764,1507,1766,1767,1567,1587,1608,1768,1645,1661,1769,1692,1707,1725,1738,1751,4,1770,1771,1772,383,1773,27650,24594,68320,68334,25479,68456,68379,68457,49120,68400,68411,68458,28074,5130,68435,2091,68443,68451,2082,384,68459,31592,28593,31518,29096,2208,31593,31534,31594,30216,31545,31560,31595,31596,31192,31330,155,31571,31578,31585,151,31597,2437,2456,2473,2697,2698,2528,2699,2560,2574,2592,2607,2700,2638,2651,419,2671,2680,2689,7,2701,69235,69236,69237,36343,69238,69239,37187,39124,69240,69241,38815,57718,69242,64815,2975,420,69025,5677,69243,2940,69244,42881,68473,42560,40043,40318,68526,68623,68555,68564,68578,57660,68624,68625,3276,66361,3256,68608,5556,68618,385,68626,46226,43387,69245,69246,69247,69248,69249,49195,69250,45257,69251,69252,46622,69253,5319,421,69026,69098,3574,3571,69254,49097,47064,49194,49136,47717,49146,49159,48291,49196,49197,48817,48942,256,49170,49178,49186,252,49198,68727,52142,68728,68729,68674,68685,57670,68730,68731,64777,66370,4066,5546,68720,68726,386,68732,68746,68900,68772,53097,55440,55095,53790,68827,68839,68901,68902,68872,5289,4316,68887,4298,68895,387,68903,57717,55827,57647,57719,56470,57685,56868,57720,57721,57335,57469,309,57696,57703,57710,305,57722,69255,59955,69256,69257,69258,69259,69260,69261,64816,66408,422,69027,69099,69170,4717,5942,60560,63421,69262,61222,63116,69263,69264,69265,69266,69267,69268,4980,66409,423,69028,69269,5781,4957,69270,64814,63805,64769,5914,64301,5536,64617,357,64801,54810,42625,353,64817,5877,65398,5494,66407,65894,66384,66210,370,66394,10585,27514,366,66410,47,113,134,217,273,292,381,401,410,0,424,68920,5478,68950,68966,68977,68993,69004,69011,69018,388,23755,5465,69051,69097,69077,69084,5935,69092,389,69100,69114,69122,5901,5512,69144,69171,69164,390,69172,66,171,192,234,321,340,391,69271,5888,69272,69273,69274,69275,69276
391,5467,5569,1460,5481,5497,2388,5570,5571,5513,5572,3810,269,5540,4518,324,5573,5136,5293,23,5551,5559,5567,5574,20,67983,68140,68015,68026,10538,31488,68141,8402,10808,68074,4026,68098,57617,9792,68142,64744,764,732,68128,5553,68139,68143,382,69173,69174,19753,69175,69176,69177,69178,69179,15333,49187,13978,14237,69180,4739,15635,5154,69181,411,69019,69093,1127,69182,1125,19655,16256,19668,19684,17114,19754,19755,19700,19756,1349,19724,18841,1398,19757,19368,19493,91,19735,19743,19751,19758,88,68271,68172,68183,31502,68272,68273,68216,68274,49108,68239,57631,24029,68275,64754,66332,1798,5543,68264,68270,68276,383,68290,68452,68319,68333,68453,68454,27693,26354,49119,4027,68410,27019,27997,68428,5286,2090,68442,68450,2081,68455,384,31586,28592,31517,29095,31587,31588,31533,31589,30215,2288,31559,2324,31590,31191,31329,154,31570,31577,31584,31591,151,69183,69184,69185,69186,69187,69188,69189,49188,35018,69190,57712,69191,64811,66403,412,69020,69094,69165,5858,2668,35658,39023,69192,69193,69194,69195,69196,69197,69198,37802,38816,57713,4740,2974,66404,413,69021,5672,69199,69200,2952,42806,68472,68486,68619,68620,68525,68621,68554,4028,42603,57659,41891,42134,3275,66360,3255,68607,68613,5563,68622,385,46227,69201,43615,69202,46523,69203,69204,49190,45025,69205,69206,4741,69207,69208,5314,414,69022,3573,69166,69209,3572,49096,47063,49189,49135,47716,3699,49158,48290,3749,49191,48816,48941,255,49169,49177,49185,49192,252,3857,3872,3889,3906,4029,4030,3953,3969,3986,3999,4012,12,4031,4032,4033,4034,386,55068,52649,68771,68896,55368,68798,68897,68826,68838,54445,68898,5132,68879,4315,68886,4297,68894,68899,387,57711,55826,57646,57714,56469,57684,56867,4457,57715,57334,57468,308,57695,57702,57709,57716,305,4566,4578,4595,4612,4627,4643,4742,4743,4686,4699,415,4720,4728,4737,4744,15,69210,69211,69212,69213,63115,61640,63378,69214,62164,69215,69216,64812,4979,416,69023,69217,5775,69218,4945,64810,63804,5493,5833,64300,64791,64616,356,64800,42619,27393,64813,353,5796,65397,66346,66405,65893,5537,66209,369,66393,54929,10591,66406,366,46,112,133,216,272,291,380,400,409,417,0,68919,68933,68949,68965,5522,68992,69003,69010,69017,51836,388,69042,69050,69095,5511,69083,5854,69091,69096,389,5466,69121,5820,69136,69143,69167,69163,69168,390,69219,69220,69221,69222,5843,69223,69224,66,171,192,234,321,340,392
212,365,3018,3035,3257,3258,2237,3068,3087,3259,3129,3147,3260,3261,3196,3210,3227,374,3252,3262,9,3263,3264,3265,3266,5275,5179,5194,5276,5277,2363,2646,2951,232,5241,5278,5279,4493,4695,4956,19,5269,5280,18,5281,5282,5283,5284,39373,39177,39194,39374,39375,33118,39230,39248,39376,39264,39377,39378,39312,39327,39345,39357,3245,39379,197,39380,39381,39382,39383,39603,39436,39604,39605,39474,39491,39510,39606,39545,39607,39608,18713,39559,39575,39587,39598,39609,198,39610,39611,39612,39613,42428,42429,42430,29752,42431,42432,42433,42434,41131,42435,41735,21946,42436,5345,42395,42437,1630,23829,42438,1625,42439,42440,42441,42442,42443,42444,42445,42446,42447,41132,42448,42449,42450,39812,42451,42452,42453,3055,3052,42454,42455,42456,29592,29608,29753,28945,29624,21673,29754,29662,29679,29755,29756,29710,29726,2371,29748,29757,141,29758,29759,29760,29761,40044,40045,40046,39930,33285,40047,39963,39978,40048,40049,34401,40014,5372,40039,40050,200,40051,40052,40053,3299,40299,40108,40124,40300,40301,40160,40302,40196,40213,40303,40304,40257,40271,5373,40295,40305,201,40306,3285,40307,40308,40359,42457,42458,42459,42460,42461,42462,42463,42464,42465,41737,42466,42467,5374,3108,42468,3106,42469,42470,42471,42472,40895,40896,40897,40710,40729,40898,40770,40786,40899,40900,40835,40850,40867,3236,40890,40901,203,40902,40903,40904,40905,41130,40974,40990,41133,41024,41134,41135,41070,41085,41102,41114,41125,41136,204,41137,41138,41139,41140,42473,41208,42474,42475,42476,42477,41738,42478,42479,5377,42397,42480,3166,42481,42482,42483,3162,42484,42485,42486,42487,41413,42488,42489,42490,42491,42492,42493,42494,42495,42496,3182,42497,3180,42498,42499,41599,41612,41736,41645,41661,41739,41693,41707,30917,4501,41731,41740,207,41741,41742,41743,41744,41893,41894,41895,41896,41897,41898,41863,30700,5379,41888,41899,208,41900,41901,3295,41902,42116,41955,41972,42117,42118,42119,42037,42051,42120,42121,42088,5380,42112,42122,209,3281,42123,42124,42125,3016,5370,5371,5375,5376,5378,5120,5381,210,5382,5383,5384,5385,42308,42322,42396,3128,42364,42398,42390,42399,211,42400,42401,42402,42403,42500,42501,42502,42503,42504,42505,42506,42507,42508,42509,42510,0,99,199,202,205,206,213,214,215,216,217,42511,42512,3089,42513,42514,42515,42516,42517,5634,42518,31408,42519,42520,42521,3230,42522,5735,42523,42524,3072,42525,42526,42527,42528,42529,42530,42531,42532,42533,3215,42534,42535
268,4017,3856,1348,381,4018,2287,3871,3888,4019,3905,3698,4020,4021,3952,3968,3985,3998,4011,4022,12,4023,4024,375,4025,51663,51664,51665,5339,51666,30376,51667,51668,9029,51669,51670,51671,50916,51672,51673,645,51619,51674,644,51675,51676,5331,51677,49726,49569,13885,49727,49728,49584,49600,49619,49729,47759,49730,49731,49665,49680,49698,49710,4004,49732,257,49733,49734,49735,49736,18418,16164,1450,18419,17014,18278,18295,18420,18312,18421,18422,18357,18373,18390,18402,18413,18423,80,18424,18425,1444,18426,5446,5352,5369,2378,5447,5448,5385,5449,3800,5412,4508,325,5450,5127,5284,5423,24,5431,5439,19,5451,51678,51679,51680,51681,51682,51683,51684,51685,47882,51686,51687,51688,26599,51689,51690,51691,1990,1987,51692,5361,51693,30258,28497,30377,28995,30271,8313,30378,30287,30121,30379,30380,30331,30348,30360,30371,30381,144,30382,30383,2372,30384,49910,49911,49912,49818,49833,49913,49848,47773,49914,49915,49863,49878,49891,49904,49916,258,49917,49918,49919,4061,50129,49992,50006,50130,50131,50041,50132,50059,50073,50133,50134,35564,50101,50113,50124,50135,259,50136,4046,50137,50138,41189,51694,51695,51696,51697,51698,51699,51700,51701,51702,50918,51703,51704,51478,3162,51705,3160,51706,51707,5377,51708,50345,50346,50347,50203,50222,50348,50257,26247,50349,50350,50286,50300,50317,3994,50340,50351,260,50352,50353,50354,50355,47881,46981,47790,47883,47625,47884,47885,47821,47836,47853,47865,47876,47886,244,47887,47888,3794,47889,51709,50424,51710,51711,51712,51713,50919,51714,51715,51479,51621,51716,3925,51717,51718,5389,3921,51719,51720,51721,51722,50650,51723,51724,51725,51726,51727,51728,51729,51730,51731,3938,51732,3936,5390,51733,50781,50793,50917,50811,50826,50920,50857,50871,50886,50899,50911,50921,263,50922,50923,4502,50924,51115,51116,51117,51118,51119,51120,51068,51083,51096,51109,51121,264,51122,51123,4057,51124,51331,51177,51193,51332,51333,51334,51239,51254,51335,51336,51301,51314,51326,51337,265,4040,51338,51339,51340,3854,51405,51477,51434,51446,51480,51471,51481,266,51482,51483,5121,51484,51534,51547,51620,3904,51588,51622,51613,51623,267,51624,51625,5278,51626,51734,51735,51736,51737,51738,51739,51740,51741,51742,5393,51743,35,0,123,205,261,262,269,270,271,272,273,51744,51745,3890,51746,51747,51748,51749,5394,51750,51751,51752,51753,51754,51755,3988,51756,5395,51757,5386,3875,5387,5388,5391,5392,5396,51758,51759,51760,51761,3973,51762,51763
287,4281,4097,1364,4282,379,4114,4130,4148,4283,4184,3713,4284,4285,4219,4234,4253,4265,4276,4286,13,376,4287,4288,4289,54955,54956,54957,54958,54959,52852,54960,54961,52310,54962,54963,54964,54228,54965,54966,4079,54921,54967,4078,54968,54969,54970,54971,52631,52469,13689,52632,52633,52503,52519,52538,52634,47953,52635,52636,52585,48391,52603,52615,4270,52637,275,5398,52638,52639,52640,18622,14124,18623,1448,18477,12916,18493,18624,18529,18625,18626,18564,18579,18598,18609,18618,18627,81,1445,18628,18629,18630,54972,54973,5351,52853,54974,54975,54976,54977,48058,54978,54229,22600,54979,54802,23517,54980,1681,5347,54981,1676,54982,5432,1115,5367,5433,2660,5434,5435,3561,3798,5395,5436,4709,342,5125,5282,5421,22,19,5437,5438,5439,52691,52709,52854,52727,52743,52759,52855,52776,30078,52856,52857,52808,52824,52837,52848,52858,276,52859,52860,52861,52862,53062,53063,53064,52949,52965,53065,17290,33938,53066,53067,53014,53030,53043,53056,53068,277,5400,53069,53070,4325,53303,53144,53158,53304,53305,53210,53306,53244,33986,53307,53308,53259,53273,53286,53298,53309,278,53310,4310,53311,53312,53360,54983,54984,54985,54986,54987,54988,54989,54990,54991,54231,54992,54993,54804,4166,54994,4164,54995,54996,54997,54998,53771,53772,53773,53612,53630,53774,53665,18149,53775,53776,53712,53726,53743,4261,53766,53777,280,5402,53778,53779,53780,48057,47967,47982,48059,45081,48060,48061,48014,45552,48033,48044,48053,48062,245,3795,48063,48064,48065,54999,50637,55000,55001,55002,55003,54232,55004,55005,51459,54923,55006,3940,5390,55007,55008,3936,55009,55010,55011,55012,53902,55013,55014,55015,55016,55017,55018,55019,55020,55021,4205,5403,4203,55022,55023,54093,54105,54230,54123,54139,54233,54171,54185,54200,54213,54224,54234,282,54235,54236,54237,54238,54411,54412,54413,54414,54415,54416,54364,54379,54392,54405,54417,283,5405,54418,4321,54419,54669,54489,54507,54670,54671,54672,54573,54588,54673,54674,54639,54652,54664,54675,284,4304,54676,54677,54678,4095,54744,54803,54759,49036,54805,54797,54806,285,5407,54807,5100,54808,54849,19596,54922,4183,54891,54924,54916,54925,286,5408,54926,54927,5257,55024,55025,55026,55027,55028,55029,55030,5409,55031,55032,55033,274,102,0,279,262,281,288,289,290,291,292,5397,5399,4150,5401,5404,5406,5410,5411,5412,55034,55035,55036,55037,55038,4256,55039,55040,55041,55042,4134,55043,55044,55045,55046,55047,55048,55049,55050,55051,4239,55052,55053
42,746,465,487,747,748,548,568,589,352,610,628,749,750,681,697,716,729,371,751,1,752,753,754,755,10388,10389,10390,10391,10392,7813,10393,10394,6129,10395,10396,10397,9611,10398,10399,442,5323,10400,441,10401,10402,10403,10404,6626,6353,6374,6627,6628,6435,6454,6475,6629,6512,6630,6631,6563,6579,6598,6610,734,6632,26,6633,6634,6635,6636,6952,6710,6953,6954,6768,6787,6808,6955,6845,6956,6957,6892,6906,6924,6936,6947,6958,27,6959,6960,6961,6962,10405,10406,10407,7814,10408,10409,5118,10410,8918,10411,9612,7194,10412,10217,5326,10413,512,10414,10415,507,10416,10417,10418,10419,10420,10421,10422,10423,10424,8919,10425,10426,10427,7513,10428,10429,10430,531,528,10431,10432,10433,7599,7619,7815,7654,7671,7688,2351,7708,7723,7816,7817,7768,7785,7798,2368,7818,30,7819,7820,7821,7822,8085,8086,8087,7926,7943,8088,7976,7992,8089,8090,8038,8055,8068,5328,8091,31,8092,8093,8094,788,8384,8171,8188,8385,8386,8245,8387,8281,8298,8388,8389,8342,8356,8369,5329,8390,32,8391,775,8392,8393,63,5037,5119,2633,2939,5120,5071,5084,5121,5122,4481,4682,4944,5112,19,5123,17,5124,5125,5126,5127,8680,8681,8682,8495,8514,8683,8555,8571,8684,8685,8620,8635,8652,725,8675,8686,33,8687,8688,8689,8690,8917,8759,8776,8920,8810,8921,8922,8857,8872,8889,8901,8912,8923,34,8924,8925,8926,8927,10434,9000,10435,10436,10437,10438,9614,10439,10440,10219,5331,10441,649,10442,10443,10444,645,10445,10446,10447,10448,9267,10449,10450,10451,10452,10453,10454,10455,10456,10457,666,10458,664,10459,10460,9458,9471,9613,9506,9522,9615,9554,9568,9583,9596,4498,9616,37,9617,9618,9619,9620,9806,9807,9808,9809,9810,9811,9761,9776,9789,5333,9812,38,9813,9814,784,9815,10064,9886,9904,10065,10066,10067,9970,9985,10068,10069,10036,10049,5334,10070,39,770,10071,10072,10073,463,10139,10218,10172,10185,10220,10212,10221,40,10222,10223,10224,10225,5324,5325,5327,609,5330,5332,5275,5335,41,5336,5337,5338,5339,10461,10462,10463,10464,10465,10466,10467,10468,10469,10470,10471,25,28,29,0,35,36,43,44,45,46,47,10472,10473,591,10474,10475,10476,10477,5593,10478,10479,10480,10481,10482,10483,719,10484,10485,5694,10486,572,10487,10488,10489,10490,10491,10492,10493,10494,10495,702,10496,10497
108,1756,1506,1210,1757,1758,1566,1586,1607,1759,1644,1660,380,1760,1691,1706,1724,1737,1750,1761,4,1762,1763,1764,372,23579,23580,23581,23582,23583,21169,23584,23585,7128,23586,5338,23587,22818,23588,23589,507,23535,23590,506,23591,23592,23593,5326,20324,20159,16302,20325,20326,20210,20225,20246,20327,11967,20328,20329,20262,20278,20296,20308,1743,20330,93,20331,20332,20333,20334,16509,16030,16510,16511,16358,16377,16398,16512,16433,1449,16513,16448,16463,16481,16493,16504,16514,73,16515,16516,16517,1441,23594,23595,23596,21170,23597,23598,23599,23600,22437,23601,22819,20570,23602,23386,23536,23603,1531,23604,23605,1526,5341,23606,23607,23608,23609,23610,23611,23612,23613,22438,5368,23614,23615,20870,23616,23617,23618,1549,1546,23619,23620,5342,20954,20972,21171,21008,21026,21042,21172,21079,21092,2377,21173,21123,21139,21152,21164,21174,96,21175,21176,21177,2369,21447,21448,21449,21284,21301,21450,21336,21352,21451,21452,21397,21415,21428,21441,21453,97,21454,21455,21456,1800,21747,21532,21549,21748,21749,21606,21750,21642,21659,21751,21752,21703,21717,21730,21742,21753,98,21754,1785,21755,21756,21803,23621,23622,23623,23624,23625,23626,23627,5384,23628,22821,23629,23630,23388,1625,23631,1623,23632,23633,23634,5345,22237,22238,22239,22070,22089,22240,22129,22144,22241,22242,22177,22192,22209,1733,22232,22243,100,22244,22245,22246,22247,22436,22296,22313,22439,22346,3799,22440,22377,22391,22408,22420,22431,22441,101,22442,22443,22444,3791,5440,174,5441,5442,5396,5411,4507,5443,5444,5126,5283,5422,23,5430,5438,5445,19,23635,23636,23637,23638,22513,23639,23640,23641,23642,23643,23644,23645,23646,23647,1678,23648,1676,23649,5347,22700,22712,22820,22747,22761,22822,22776,22790,9921,22802,22813,22823,103,22824,22825,22826,4499,22997,22998,22999,23000,23001,23002,22950,22965,22978,22991,23003,104,23004,23005,1796,23006,23233,23076,23093,23234,23235,23236,23157,23170,23237,23238,23203,23216,23228,23239,105,1779,23240,23241,23242,1504,23308,23387,23342,23354,23389,23380,23390,106,23391,23392,23393,5118,23443,23457,23537,1643,23503,23538,23529,23539,107,23540,23541,23542,5276,23650,23651,23652,23653,23654,23655,23656,23657,23658,23659,5349,28,94,95,99,0,102,109,110,111,112,113,23660,23661,1609,23662,23663,23664,23665,23666,5350,23667,23668,23669,23670,23671,1727,23672,23673,5351,23674,1590,23675,23676,23677,23678,23679,5340,5343,5344,5346,1711,5348,5352
129,2065,1836,1230,2066,2067,1878,1898,1919,2068,1961,1974,2069,378,2003,2018,2037,2049,2060,2070,5,2071,373,2072,2073,27538,27539,27540,27541,27542,25173,27543,27544,24233,27545,27546,27547,26811,27548,27549,1818,27503,27550,1817,27551,27552,27553,27554,24575,24407,16589,24576,24577,24445,17192,24466,24578,11687,24579,24580,24513,24529,24547,24559,2054,24581,115,24582,5354,24583,24584,16793,16049,16794,16795,16630,16648,16669,16796,16706,16797,1447,16735,16750,16769,16780,16789,16798,74,16799,1442,16800,16801,27555,27556,27557,25174,27558,27559,27560,27561,26480,5350,26812,20853,27562,23325,27504,27563,1551,27564,5342,1546,27565,27566,27567,27568,27569,27570,27571,27572,27573,26481,27574,27575,27576,24851,27577,27578,27579,1860,1857,5355,27580,27581,24939,24959,25175,24996,25014,25031,25176,25068,25082,25177,25178,25127,25145,25158,25169,25179,117,25180,25181,25182,25183,25453,25454,25455,25292,25309,25456,25344,25359,25457,25458,25403,25421,25434,25447,25459,118,25460,5357,25461,2109,25752,25535,25552,25753,25754,25609,25755,25645,25662,25756,25757,25708,25722,25735,25747,25758,119,25759,2094,25760,25761,25812,27582,27583,27584,27585,27586,27587,27588,27589,27590,26814,27591,27592,27383,1940,27593,1938,27594,27595,27596,27597,26336,26337,26338,26156,26175,26339,26216,26231,26340,26341,26279,26291,26308,2046,26331,26342,121,26343,5360,26344,26345,26479,26392,26409,26482,12347,26483,3797,26440,14503,26455,26466,26475,26484,122,26485,3792,26486,26487,27598,26537,27599,27600,27601,5394,26815,27602,27603,27384,27506,27604,1991,27605,5361,27606,1987,5424,1114,5425,2659,193,5426,3560,5410,5427,4708,5428,5124,5281,5420,21,5429,19,5430,5431,26678,26689,26813,26723,26738,26816,26754,26768,26783,26796,26807,26817,124,26818,26819,26820,26821,26994,26995,26996,26997,26998,26999,26947,26962,26975,26988,27000,125,27001,5363,2105,27002,27248,27072,27090,27249,27250,27251,27154,27168,27252,27253,27218,27231,27243,27254,126,2088,27255,27256,27257,1834,19555,27382,27354,27366,27385,27377,27386,127,27387,5364,27388,5054,27430,27444,27505,1960,27487,27507,27498,27508,128,27509,5365,5211,27510,27607,27608,27609,27610,27611,27612,27613,27614,5366,27615,27616,114,95,116,120,123,0,130,131,132,133,134,27617,27618,1921,27619,27620,27621,27622,27623,27624,5353,5356,5358,5359,5362,2040,5367,5368,5369,27625,1902,27626,27627,27628,27629,27630,27631,27632,27633,27634,2023,27635,27636
377,5413,1113,1446,5414,5415,2374,2658,2962,5416,3559,3796,5417,5418,4504,4707,4967,5123,5280,5419,19,5420,5421,5422,5423,67595,67596,67597,67598,67599,31437,67600,67601,8674,67602,67603,67604,57569,67605,67606,5335,66297,67607,5275,67608,67609,67610,67611,15239,11576,11874,15240,15241,12725,12981,13273,15242,13768,15243,15244,14418,14615,14867,15000,5179,15245,65,15246,15247,15248,15249,19601,16243,19602,19603,17100,17355,17655,19604,18225,19605,19606,18827,18990,19223,19357,19482,19607,87,19608,19609,19610,19611,67612,67613,67614,31438,67615,67616,67617,67618,49043,67619,57570,23046,67620,64704,66298,67621,5352,67622,67623,5349,67624,67625,67626,67627,67628,67629,67630,67631,67632,49044,67633,67634,67635,27281,67636,67637,67638,5367,5366,67639,67640,67641,28300,28578,31439,29081,29319,29540,31440,30024,30201,31441,31442,30796,31034,31180,31318,31443,150,31444,31445,31446,31447,34928,34929,34930,32850,33071,34931,33516,33704,34932,34933,34283,34519,34664,34810,34934,170,34935,34936,34937,5447,38712,35943,36162,38713,38714,36938,38715,37407,37617,38716,38717,38173,38327,38469,38602,38718,191,38719,5434,38720,38721,39356,67642,67643,67644,67645,67646,67647,67648,67649,67650,57572,67651,67652,64706,5381,67653,5120,67654,67655,67656,67657,46179,46180,46181,43805,44059,46182,44628,44816,46183,46184,45421,45601,45817,5071,46067,46185,233,46186,46187,46188,46189,49042,47049,47273,49045,47704,49046,49047,48276,48455,48671,48805,48930,49048,251,49049,49050,49051,49052,67658,49953,67659,67660,67661,67662,57573,67663,67664,64707,66300,67665,5396,67666,67667,67668,5393,67669,67670,67671,67672,53328,67673,67674,67675,67676,67677,67678,67679,67680,67681,5410,67682,5409,67683,67684,55667,55812,57571,56257,56455,57574,56854,57009,57182,57323,57457,57575,304,57576,57577,57578,57579,59903,59904,59905,59906,59907,59908,59333,59507,59646,59787,59909,320,59910,59911,5443,59912,63054,60784,61017,63055,63056,63057,61843,62021,63058,63059,62679,62821,62949,63060,339,5428,63061,63062,63063,1091,63794,64705,64167,64290,64708,10464,64709,352,64710,64711,64712,64713,65240,65387,66299,3548,65883,66301,42500,66302,365,66303,66304,66305,66306,67685,67686,67687,67688,67689,67690,67691,67692,67693,67694,67695,371,372,373,374,375,376,0,378,379,380,381,67696,67697,2963,67698,67699,67700,27612,67701,67702,67703,67704,67705,67706,67707,4968,55026,67708,67709,67710,2661,67711,67712,67713,67714,23654,67715,67716,67717,67718,4710,67719,51735
379,5432,1115,1448,5351,5367,5433,2660,5434,5435,3561,3798,5395,287,5436,4709,342,5125,5282,5421,22,19,5437,5438,5439,67792,67793,67794,66956,67795,31696,67796,67797,8679,67798,51676,67799,67800,67801,67802,5694,66311,67803,5303,5339,67804,5337,67805,15257,11578,11876,15177,15193,15258,12983,15259,15260,13770,15221,1028,15261,14617,1082,15002,5181,15247,68,65,15262,15263,5446,19620,16245,19542,19558,19621,17357,19622,19623,18227,19585,1364,19624,18992,1415,5037,19483,19609,90,87,19625,19626,19627,66850,66862,66873,66957,66886,66958,23633,22247,48989,4282,66959,23034,24116,64650,66258,66949,1791,372,66960,1763,66961,67135,66993,67009,67136,67037,67137,67138,67081,49000,67090,67139,67111,27906,67118,67125,5415,2098,373,67140,67141,67142,28281,67806,67807,67808,34946,67809,67810,67811,30179,67412,31159,59921,4990,64718,2376,67704,403,2351,67812,67813,67814,34945,34874,34888,32852,34947,34948,33518,33706,34912,2587,34949,2623,34666,34812,34936,173,170,34950,34951,5778,67815,67816,67817,67818,67819,67820,67821,67822,67823,67824,38708,67825,59922,64719,66312,67705,404,2962,5764,67826,67827,39360,67828,67829,67830,67831,67832,67833,67834,67414,67835,57850,67836,67837,64720,5735,67838,5149,5384,67839,67840,5383,46197,46121,46134,46198,46199,46200,44630,44818,46162,3478,46201,45603,3528,5073,46069,46187,236,233,46202,5442,46203,49061,49062,49063,49064,47706,49027,3713,49065,48457,3765,48806,5241,49050,254,251,49066,49067,49068,49735,49946,67413,67354,67364,4284,67415,67386,52111,64688,66281,67405,4051,375,67416,67417,4024,4281,4097,4114,4130,4148,4283,4184,4285,4219,4234,4253,4265,4276,4286,13,376,4287,4288,4289,67841,55801,67842,56249,67843,57436,67844,59924,4992,4506,66313,67707,406,4493,67845,67846,67847,59920,59851,59865,59923,59889,4639,59335,4672,59648,59789,59911,323,320,59925,5774,59926,4989,4784,4802,4819,4834,4991,4868,4883,4897,4915,4993,4947,4959,4968,407,16,4994,4995,4996,1093,63795,64664,64169,3774,5100,64606,64711,355,352,64721,10482,54803,65242,1435,66273,3550,65884,5257,66199,66304,368,365,66314,54922,42518,67703,67623,67639,67706,67667,5409,67693,377,55026,67708,67709,402,111,132,405,271,290,390,0,408,409,410,371,150,191,374,304,339,378,380,381,67848,67849,67850,67851,67852,5759,67853,67854,67855,1116,2688,67856,67857,67858,5855,67859,67860,67861,67862,3563,4738,5936,67863
378,5424,1114,1447,5350,129,5425,2659,193,5426,3560,3797,5394,5410,5427,4708,5428,5124,5281,5420,21,5429,19,5430,5431,67720,67721,67722,23591,67723,67724,67725,67726,8678,67727,67406,67728,57734,67729,67730,5593,66307,67731,5295,67732,5338,67733,5336,15250,11577,11875,15176,895,15251,12982,957,15252,13769,15220,15236,15253,14616,15254,15001,5180,15246,67,15255,65,5440,15256,19612,16244,19541,1230,19613,17356,1293,19614,18226,19584,19598,19615,18991,19616,19358,5194,19608,89,19617,87,19618,19619,20334,66861,2066,66950,66885,24083,66951,66918,48988,66929,66952,23025,66953,64649,66257,66948,1782,66954,372,1762,66955,2065,1836,2067,1878,1898,1919,2068,1961,1974,2069,2003,2018,2037,2049,2060,2070,5,2071,373,2072,2073,67734,67735,31254,67736,34939,2977,31648,30014,30190,67407,67737,59914,67738,2375,66308,67697,394,67739,2363,67740,67741,34938,34873,2468,32851,2506,34940,33517,33705,34911,34926,34941,34942,34665,34811,34935,172,34943,170,34944,5676,2976,2740,2757,2773,2793,2978,2979,2850,2867,2883,2899,2980,2928,2941,2953,2963,395,2981,8,2982,2983,39361,67742,67743,67744,67745,67746,67747,67748,51706,67749,67750,67751,67752,64714,5634,67753,5140,67754,5385,5382,67755,46190,46120,3352,46191,3389,46192,44629,44817,46161,46176,46193,45602,46194,5072,46068,46186,235,46195,233,46196,5449,49053,49054,3651,49055,47705,49026,49039,49056,48456,49057,5084,48931,49049,253,49058,251,49059,49060,67329,49937,52079,50354,67363,67375,67408,67385,67409,64687,66280,67404,4042,67410,375,67411,4023,67579,67449,67580,67474,55186,67581,67501,67516,67582,67540,67583,67562,67569,5418,4305,67584,376,67585,67586,55647,55790,57262,67756,67757,67758,67759,59916,67760,64715,4505,67699,397,67761,4481,67762,67763,59913,59850,4591,59915,59888,59901,59334,59917,59647,59788,59910,322,59918,320,5673,59919,67764,67765,67766,67767,63013,67768,67769,67770,67771,67772,67773,64716,66309,67700,398,5666,4967,67774,67775,1092,1424,5054,64168,64291,64702,64605,64710,354,64717,352,27385,10474,65241,65388,5211,3549,3785,66295,66198,66303,367,66310,365,42511,27507,67696,67622,5366,67698,67666,67682,67692,27612,377,67701,67702,393,110,131,396,270,289,389,399,0,400,401,67776,67777,5620,67778,67779,67780,67781,67782,67783,371,150,191,374,304,339,379,380,381,67784,2679,5819,3562,67785,67786,67787,1117,67788,5900,67789,4729,67790,67791
381,5339,5446,1450,5352,5369,2378,5447,5448,5385,5449,3800,268,5412,4508,325,5450,5127,5284,5423,24,5431,5439,19,5451,66675,66835,66707,66717,10429,31365,66836,8393,10890,66766,4017,66789,57501,9805,66837,755,66250,66820,745,66825,5432,371,66838,67916,67917,19634,67918,67919,67920,67921,67922,15209,49075,13970,14229,67923,4745,15701,67924,5317,67715,418,1117,67860,1115,67925,19531,16247,19543,19560,17104,19635,19636,19576,19637,1348,19600,18831,1399,19638,19360,19485,19611,92,19619,19627,87,19639,66962,66863,66874,31378,66963,66964,66907,66965,48990,66930,57514,24105,66966,64651,66259,5414,1805,66955,66961,372,66967,66981,67147,67011,67025,67148,67149,27595,26345,49002,4018,67102,27029,28075,5119,67126,67134,2100,2073,67142,373,67150,31468,28582,31394,29085,31469,31470,31410,31471,30205,2287,31436,2325,31472,31183,31321,31447,155,31454,31461,150,31473,67926,67927,67928,67929,67930,67931,67932,49076,34910,67933,57601,67934,64726,66320,67716,419,67788,67861,2658,5939,35649,39087,67935,67936,67937,67938,67939,67940,67941,37789,38706,57602,4746,64727,2965,67717,420,67942,5779,2939,67943,42880,67164,67177,67314,67315,67217,67316,67246,4019,42494,57543,41880,42125,64680,3266,67299,3244,5426,67309,374,67317,46107,67944,43607,67945,46587,67946,67947,49078,45015,67948,67949,4747,67950,5163,67951,67718,421,67789,3563,3560,67952,48979,47053,49077,49018,47708,3698,49041,48280,3750,49079,48808,48933,49052,256,49060,49068,251,49080,3856,3871,3888,3905,4020,4021,3952,3968,3985,3998,4011,4022,12,4023,4024,375,4025,54968,52640,67463,67591,55439,67489,67592,67518,67530,54437,67593,67563,5279,67578,4307,67586,4289,376,67594,57600,55816,57530,57603,56459,57568,56858,4458,57604,57326,57460,57579,309,57586,57593,304,57605,4567,4579,4596,4613,4628,4644,4748,4749,4687,4700,4710,422,4729,4738,15,4750,67953,67954,67955,67956,63012,61631,63444,67957,62175,67958,67959,4970,66321,67719,423,5680,67960,4956,67961,5876,63797,64665,64728,64293,5407,64608,64713,357,10474,54803,352,64729,66319,65390,5365,5915,65886,66296,66201,66306,370,27507,42518,365,66322,67611,67624,67641,67657,5393,67684,67695,67702,67709,377,51735,47,113,134,217,273,292,392,401,410,0,424,5336,67741,5900,67755,67763,67790,67783,378,67791,67805,67814,67862,5383,67847,5936,67855,379,67863,65,170,191,233,320,339,380,67962,67963,67964,67965,5924,67966,67967
380,5338,5440,1449,108,5368,2377,174,5441,5384,5442,3799,5396,5411,4507,5443,5444,5126,5283,5422,23,5430,5438,5445,19,66674,66831,66706,1756,66733,31364,8083,66832,10809,66765,66775,10456,57500,66833,10072,754,66249,66819,744,5424,66830,66834,371,67864,67865,19628,12157,12458,67866,2690,15614,15208,49069,67867,67868,67869,67870,67871,67872,5311,67710,411,67784,1116,67873,1114,19530,16246,1210,19559,17103,1274,19629,19575,19630,19586,19599,18830,19631,19632,19359,19484,19610,91,19618,19626,19633,87,1506,1757,1758,1566,1586,1607,1759,1644,1660,1760,1691,1706,1724,1737,1750,1761,4,1762,1763,1764,372,27552,24583,67010,67024,25487,67143,67070,67144,49001,67091,67101,67145,27998,67119,5277,67133,2099,2072,67141,67146,373,31462,28581,31393,29084,2207,31463,31409,31464,30204,31421,31435,31465,31466,31182,31320,31446,154,31453,31460,31467,150,2436,2455,2472,2691,2692,2527,2693,2559,2573,2591,2606,2694,2637,2650,2661,412,2679,2688,2695,7,67874,67875,67876,36354,67877,67878,37176,39060,67879,67880,38707,57595,67881,2964,66316,67711,413,67882,5772,67883,2951,42805,67163,42451,40030,40307,67216,67310,67245,67255,67269,57542,67311,67312,64679,3265,67298,3243,67304,5435,67313,374,46108,43379,67884,67885,67886,67887,67888,49071,67889,45247,67890,67891,46558,5156,67892,67712,414,3562,67857,67893,3561,48978,47052,49070,49017,47707,49028,49040,48279,49072,49073,48807,48932,49051,255,49059,49067,49074,251,67418,52069,67419,67420,67365,67376,57553,67421,67422,64689,66282,5417,4059,67411,67417,67423,375,67437,67587,67462,53087,55367,54995,53779,67517,67529,67588,67589,5122,67570,67577,4306,67585,4288,67590,376,57594,55815,57529,57596,56458,57567,56857,57597,57598,57325,57459,57578,308,57585,57592,57599,304,67894,59849,67895,67896,67897,67898,67899,67900,64723,66317,67713,415,67785,67858,5861,4707,60549,63355,67901,61209,63011,67902,67903,67904,67905,67906,67907,64724,4969,67714,416,5674,67908,67909,4944,5795,63796,5364,64722,64292,64703,64607,64712,356,27385,10482,64725,352,66315,65389,66274,5834,65885,5408,66200,66305,369,42511,54922,66318,365,67610,5349,67640,67656,67668,67683,67694,67701,67708,23654,377,46,112,133,216,272,291,391,400,409,417,0,67733,67740,5819,5382,67762,67786,67782,67787,378,5337,67813,67856,67840,67846,5855,67854,67859,379,67910,5807,67911,67912,67913,67914,67915,65,170,191,233,320,339,381
215,410,3021,3038,1628,3055,3284,3071,3285,3286,3132,3150,3165,3183,3287,3213,3288,3242,3254,3264,3274,9,3289,405,3290,5697,5777,1479,1791,2100,5709,5778,5779,238,3829,4052,4316,5748,5780,5781,5153,5310,5439,5568,24,5770,22,5782,39403,39180,39197,17713,39217,39404,39233,39405,39406,39267,39281,39299,39407,39330,39408,39359,39370,39381,39392,197,39409,39410,3298,39633,39439,17747,39458,39634,39494,39635,39636,39548,16692,17854,39637,39562,39638,3234,39600,39611,39622,198,39639,5724,39640,21808,20504,21825,22011,21841,22012,22013,21901,21916,17839,22014,21944,22015,21973,21985,21994,22002,99,22016,1786,22017,39863,39670,39688,39864,39723,39865,39866,39781,22333,20788,39867,39796,39868,39824,39835,3258,39852,199,39869,5725,39870,42719,42720,42721,42722,40074,42723,42724,42725,29677,41332,42726,41923,42727,42278,2240,31408,42626,2235,42728,5703,42729,40073,39900,39915,39933,40075,40076,39966,39981,33832,39999,40077,40078,40029,40041,40052,40062,200,40079,40080,40081,42730,42731,42732,42733,42734,42735,42736,42737,42738,42739,40242,42740,41924,42279,42410,42519,3090,3087,42741,42742,42743,40365,42744,42745,42746,42747,42748,42749,42750,41334,42751,42752,42753,42754,42280,42411,42755,42756,3112,42757,5728,3111,40925,40680,40697,40926,40927,40928,40773,40789,40805,40823,40929,40853,40930,40881,40892,40903,40914,203,40931,3294,40932,41160,41161,41162,41163,41027,41041,41056,41164,41088,41165,41116,3249,41138,41149,204,41166,5730,41167,41194,41207,41333,41224,25976,41239,41335,41268,41336,41295,41306,41315,41323,205,41337,4047,41338,41565,41382,41566,41398,41567,41568,41450,41466,41569,41497,41570,41526,41537,41545,3271,206,41571,5731,41572,42758,41611,42759,42760,42761,42762,42763,41926,42764,3199,42412,42521,42628,3195,42765,5732,42766,41922,41787,41804,41925,41836,41851,41866,41927,41878,41890,41901,41911,208,41928,41929,41930,42767,42768,42769,42770,42004,42771,42772,42773,42774,42775,42776,42281,42413,3230,42629,3228,42777,42778,42779,42178,42191,42206,42221,3145,42249,42260,5383,42269,210,42282,5149,42283,42310,3034,42338,42353,42365,42381,42392,42401,5512,211,42414,5305,42415,42518,42438,42454,42520,42482,3180,42508,212,42522,5735,42523,42625,23926,3053,42627,42590,42605,42616,213,42630,5736,42631,0,141,201,202,207,209,214,216,217,42780,42781,42782,42783,42784,42785,42786,5737,42787,3022,5726,5727,5729,5733,5734,5738,42788,42789,42790,3134,42791,42792,42793
307,4528,4346,4359,1694,4376,355,2605,4529,4530,4394,4410,3955,4426,4531,4456,4532,4483,406,4506,4517,14,4533,4534,4535,57810,57811,57812,22844,57813,5146,57814,57815,9511,57816,50942,57817,57818,57819,57820,57336,5691,57821,57822,686,57823,684,57824,55689,55515,55529,55544,55563,47245,13229,55690,55691,55592,55605,55623,55692,35897,55693,55648,55659,55669,55679,293,55694,55695,4543,55836,55722,22715,55737,48247,34157,55837,55838,55752,50796,55767,55839,55781,55840,4475,55803,55814,55825,294,55841,55842,55843,22703,20553,22732,1740,21400,22845,22846,22750,22764,9339,22847,22793,22848,22804,1787,22825,22834,103,22849,22850,22851,56049,55872,55890,47461,55905,56050,56051,55957,55969,25989,56052,55998,56053,56010,56021,4500,56038,295,56054,56055,56056,5024,5039,5057,5147,2636,5148,5149,5073,249,4001,5103,4685,5150,5115,22,5125,5135,17,5151,5152,5153,34305,32322,34173,32798,34306,34307,34190,34205,33815,34220,34308,34309,34262,2685,34285,34295,166,34310,34311,34312,57825,57826,57827,57828,57829,57830,57831,57832,57833,57834,38114,57835,57031,57337,5720,57588,2915,2912,57836,57837,57838,41603,57839,57840,57841,57842,57843,57844,57845,50944,57846,57847,57848,57849,57338,5732,57850,57851,3200,57852,57853,3199,56279,56082,56098,48642,56280,56281,56137,56151,56165,56182,56282,56211,56283,56238,56249,56259,56269,296,56284,4539,56285,56479,47020,56480,56481,56361,50829,56375,56482,56407,56483,56435,4490,56457,56468,297,56484,56485,56486,50784,49866,50943,50814,50488,50844,50945,50874,50946,50901,4048,50923,50932,263,50947,50948,50949,56677,56531,46821,56545,56678,56679,56562,56579,56680,56610,56681,56638,56649,56657,4514,298,56682,56683,56684,57854,56721,57855,57856,57857,57858,57859,57033,57860,4442,5744,57590,57706,4438,57861,57862,57863,57030,56904,56920,57032,56950,56965,56979,57034,56990,4734,57011,57020,300,57035,57036,57037,57864,57865,57866,57867,57072,57868,57869,57870,57871,57872,57873,57339,5745,4471,57707,4469,57874,57875,57876,57234,57249,57264,57278,4405,57304,57315,57324,57333,302,57340,57341,57342,5739,4355,5740,5741,5742,5743,5306,5436,5564,303,5746,5747,5748,57587,57513,57528,57589,57552,4423,57577,304,57591,57592,57593,57704,57630,4374,57705,57669,57683,57694,305,57708,57709,57710,37,0,187,207,299,301,306,308,309,57877,48789,57878,57879,57880,57881,57882,57883,57884,4347,57885,57886,57887,57888,57889,57890,57891,57892,57893,4396,57894,57895,57896
342,4989,4784,4802,4819,4834,4990,2623,379,4991,4868,4883,4897,4915,4992,4672,4993,4947,4959,4968,407,16,4994,4995,4996,63264,63265,63266,61252,63267,63268,63269,63270,60439,63271,62206,63272,63273,63274,63275,62838,62966,63276,63277,4768,63278,4766,63279,60806,60622,17324,60640,60659,60807,34356,60808,60809,60690,60705,60722,60810,12950,60811,60764,60775,60785,5750,327,60812,60813,5003,61039,60858,60874,60889,61040,18198,54413,61041,60942,60955,60969,61042,19144,61043,4938,61008,61018,5751,328,61044,61045,61046,61072,61089,61104,61253,61121,54230,61254,61155,61168,61182,61255,22924,61256,61212,61224,61233,61242,329,61257,61258,61259,61432,61301,61321,61433,48542,54671,61434,61357,61369,61381,61435,19110,61436,61393,61404,4963,61421,330,61437,61438,61439,63280,63281,63282,63283,34540,5433,63284,63285,30947,62207,63286,59527,63287,62839,2341,63065,5706,2336,63288,31837,63289,34539,34373,34388,32815,2660,34541,34420,34435,34449,34467,34542,34543,34499,34511,34520,2686,167,34544,34545,34546,5432,1115,1448,5351,5367,5434,5435,3561,3798,5395,287,5436,4709,5125,5282,5421,22,19,5437,5438,5439,61467,63290,63291,63292,63293,63294,63295,63296,62208,63297,63298,63299,63300,62840,62967,63301,63302,4852,63303,63304,4851,61865,61699,61715,61866,61867,61868,61764,48424,61778,61795,61869,59428,61870,61823,61834,61844,5754,332,61871,4999,61872,62043,62044,53064,62045,61931,61944,61958,62046,13741,62047,62001,4953,62022,5755,333,62048,62049,62050,62077,49788,52854,62093,62107,62121,62209,62136,62210,62166,62178,62187,62196,334,62211,62212,62213,62443,62259,62444,62290,53305,62445,62326,62344,62446,62373,62447,62404,62415,62423,4976,335,62448,62449,62450,63305,57058,63306,63307,63308,63309,63310,59529,63311,4471,62968,63067,5745,4467,63312,63313,58024,59526,59385,59397,59528,59442,59460,14770,59530,59489,59500,59508,4735,317,59531,59532,59533,63314,63315,63316,63317,62544,63318,63319,63320,63321,63322,63323,62841,62969,4934,5758,4932,63324,63325,63326,62733,62747,62762,62775,4878,62803,62814,62822,5150,337,62842,5855,62843,62861,4798,62890,62903,62915,62931,62942,62950,5307,338,62970,62971,5936,63064,63000,63014,63066,63037,4912,63061,339,63068,63069,63070,5749,5752,4832,5753,5756,5757,5565,340,5759,5760,5761,326,147,0,331,301,336,341,343,344,63327,63328,55026,63329,63330,63331,63332,63333,63334,4785,35228,54922,63335,63336,63337,63338,63339,63340,54803,4870,60190,63341,63342
45,773,468,490,510,531,774,571,775,409,613,631,648,667,776,700,777,731,743,753,763,1,778,779,402,10683,10684,10685,7260,10686,10687,10688,10689,6135,10690,9163,10691,10692,10693,10694,10232,10370,10695,10696,447,10697,445,5682,6656,6356,6377,6397,6418,6657,6457,6658,6659,6515,6531,6550,6660,6582,6661,6612,6623,6634,6645,26,6662,6663,787,6982,6713,6731,6750,6983,6790,6984,6985,6848,6864,6880,6986,6909,6987,723,6949,6960,6971,27,6988,6989,5684,7019,7037,7055,7261,7094,7262,1790,7132,7147,7163,7263,7192,7264,7222,7234,7243,7251,28,7265,7266,1783,7564,7314,7335,7565,7375,7566,7567,7437,7450,7463,7568,7494,7569,7525,7536,748,7553,29,7570,7571,5685,10698,10699,10700,10701,8115,10702,5708,10703,7721,9164,10704,9836,10705,10233,551,10480,10590,546,10706,10707,5686,8114,7893,7910,7929,8116,8117,7979,7995,8008,8026,8118,8119,8070,8082,8093,8103,31,8120,8121,8122,10708,10709,10710,10711,10712,10713,10714,10715,10716,10717,8329,10718,9837,10234,10371,10481,592,589,10719,10720,10721,69,1478,2099,5771,5772,5738,5773,3828,4051,4315,5747,5774,5775,5152,5309,5438,5567,23,5769,5776,22,8710,8465,8482,8711,8712,8713,8558,8574,8590,8608,8714,8638,8715,8666,8677,8688,8699,33,8716,783,8717,8947,8948,8949,8950,8813,8828,8843,8951,8875,8952,8903,738,8925,8936,34,8953,8954,5689,8984,8999,9165,9033,9049,9064,9166,9096,9167,9125,9137,9146,9154,35,9168,9169,4044,9424,9217,9425,9250,9426,9427,9304,9323,9428,9354,9429,9385,9396,9404,760,36,9430,9431,5690,10722,9470,10723,10724,10725,10726,10727,9839,10728,684,10372,10483,10592,680,10729,10730,5691,9835,9684,9701,9838,9733,9749,9764,9840,9791,9803,9814,9824,38,9841,9842,9843,10731,10732,10733,10734,9937,10735,10736,10737,10738,10739,10740,10235,10373,719,10593,717,10741,10742,10743,10126,10140,10158,10174,626,10203,10214,10223,5466,40,10236,10237,5146,10264,486,10296,10312,10324,10341,10352,5337,10361,41,10374,10375,5303,10479,10415,10431,10482,10443,664,10469,42,10484,10485,5694,10589,10525,529,10591,10553,10568,10579,43,10594,10595,5695,25,30,32,0,37,39,44,46,47,10744,10745,10746,10747,10748,10749,10750,10751,5696,469,10752,10753,10754,10755,10756,10757,5683,5687,5688,615,5692,5693,5697
153,2398,2131,2151,1569,2168,2399,2206,2400,2401,2260,2275,2290,2308,368,2323,2402,403,2365,2376,2387,6,2403,2404,2405,31685,31686,31687,21195,31688,31689,31690,31691,7713,31692,30402,31693,5303,31694,31695,5686,31331,31696,31697,553,31698,551,31699,28322,28122,28137,28151,28171,28323,28204,28324,28325,28220,28235,28253,19209,12696,28326,28281,28292,28302,28312,135,28327,28328,2413,28602,28374,20975,28391,28603,28430,28604,28605,28485,28500,28515,18813,28529,28606,2345,28569,28580,28591,136,28607,28608,28609,20957,20445,20992,21196,21029,21197,21198,21082,21095,21111,1753,21126,21199,1784,21166,21176,21185,96,21200,21201,21202,28820,28654,28672,28821,28707,28822,28823,28744,28756,7355,15923,28769,28824,28781,28792,2370,28809,137,28825,28826,28827,31700,31701,31702,31703,29342,31704,31705,31706,28978,30403,31707,30819,31708,5701,2188,31456,31580,2183,31709,31710,31711,29341,29158,29174,29192,29343,29344,29225,29240,29253,29270,2649,29345,2682,29310,29321,29331,139,29346,29347,29348,31712,31713,31714,31715,31716,31717,31718,31719,31720,31721,29492,5304,30820,5702,31332,31457,2223,2220,31722,31723,31724,29596,31725,31726,31727,31728,31729,31730,31731,30405,31732,5305,31733,31734,5703,31333,31735,31736,2241,31737,31738,2240,30047,29825,29841,30048,30049,30050,29914,29929,29944,29961,17641,29976,30051,30004,30015,30026,30037,142,30052,2409,30053,30225,30226,30227,30228,30110,30124,30138,17086,30153,30229,30181,2360,30203,30214,143,30230,30231,30232,30261,30274,30404,30290,30304,30319,4014,30334,30406,4045,30373,30383,30392,144,30407,30408,30409,30639,30454,30640,30486,30641,30642,30536,30554,17938,30569,30643,30600,30611,30619,2384,145,30644,30645,30646,5181,86,5214,5230,5243,5260,5306,4698,5307,22,5272,5282,5292,18,5308,5309,5310,30818,30670,30686,30821,30718,30733,30748,30822,4731,30787,30798,30808,146,30823,30824,30825,31739,31740,31741,31742,30901,31743,31744,31745,31746,31747,31748,5706,31334,2341,31582,2339,31749,31750,31751,5698,5699,5700,5704,2270,5705,5147,5433,5562,148,5707,5708,5709,31226,2147,31256,31271,31284,31299,31310,31319,31328,149,31335,31336,31337,31455,31377,31392,31458,31420,2305,31445,150,31459,31460,31461,31579,31501,2166,31581,31544,31558,31569,151,31583,31584,31585,30,138,140,141,0,147,152,154,155,31752,31753,31754,31755,19469,31756,31757,31758,31759,2132,31760,31761,31762,31763,31764,31765,31766,31767,31768,2262,31769,31770,31771
194,2984,2741,2758,2774,2794,2985,2507,2986,2987,2851,2868,2884,2900,2988,2929,390,2942,2954,404,2973,8,2989,2990,2991,38929,38930,38931,36385,38932,38933,38934,38935,35536,38936,37832,38937,38938,38939,38940,38486,38619,38941,38942,2722,38943,2720,38944,35965,35728,35745,35764,35783,35966,13242,35967,35968,35848,35864,35882,35969,35912,35970,35923,35934,5711,35954,177,35971,35972,2998,36184,36017,36033,36051,36185,11748,36186,36187,17229,36117,36131,36188,17437,27008,2933,36153,5712,36173,178,36189,36190,36191,36218,36234,36252,36386,36269,36387,36388,36304,36318,36332,36389,22879,26827,36345,36357,36366,36375,179,36390,36391,36392,36658,36438,36458,36659,36491,36660,36661,36554,36566,36578,36662,36607,27263,36619,36630,2958,36647,180,36663,36664,36665,38945,38946,38947,38948,33092,38949,38950,38951,29461,37833,38952,38347,5562,38487,2223,5702,38832,2218,38953,38954,31879,33091,32904,32924,13168,33093,33094,32978,32994,33010,33024,33095,2670,33051,33063,2683,33081,160,33096,33097,33098,38955,38956,38957,38958,38959,38960,38961,38962,38963,38964,36873,38965,38348,38488,38620,5715,2815,2812,38966,38967,38968,36995,38969,38970,38971,38972,38973,38974,38975,37835,38976,38977,38978,38979,38489,38621,38980,38981,2834,38982,38983,2833,37429,37245,37261,37430,37431,37432,37314,37329,37345,37362,37433,17562,37434,37387,37398,5717,37418,183,37435,2995,37436,37639,37640,37641,37642,37529,37543,37557,37643,37586,25467,37597,2948,5718,37628,184,37644,37645,37646,37674,37687,37834,37721,37736,37750,37836,37779,25189,37792,37804,37813,37822,185,37837,37838,37839,38024,37883,38025,37910,38026,38027,37955,37973,38028,17593,25767,37985,37996,38004,2971,186,38029,38030,38031,38984,38067,38985,38986,38987,38988,38989,38350,5564,2915,38622,5720,38834,2911,38990,38991,38992,38346,38238,38255,38349,38268,38283,38297,4719,38309,38320,4732,38336,188,38351,38352,38353,5561,1126,1459,5480,130,5563,3572,3809,5524,5539,5565,5135,5292,22,5550,20,5566,5567,5568,38379,38393,38410,38423,2863,38450,38462,5148,38478,189,38490,38491,5901,38512,2754,38543,38556,38568,38583,38595,5304,38611,190,38623,5820,38624,5710,5713,5714,5716,5719,2897,5434,191,5721,5722,5723,38831,38765,2792,38833,38804,38818,38828,192,38835,38836,38837,176,140,181,182,187,0,193,195,196,38993,38994,38995,38996,38997,27711,38998,38999,39000,2742,39001,39002,39003,39004,27393,39005,39006,35194,39007,2853,39008,27514,39009
408,5762,1143,1477,1789,2098,5763,2687,5764,5765,3589,3827,4050,4314,5766,4736,5767,5151,5308,5437,5566,22,5768,5769,5770,71140,71141,71142,23952,71143,71144,71145,71146,8729,71147,52026,71148,71149,71150,71151,64936,66529,71152,71153,5697,71154,5696,71155,15566,11606,11904,12183,12483,15567,13009,15568,15569,13798,13995,14253,15570,14643,15571,15017,15137,15262,15387,68,15572,15573,5777,19944,16273,16542,16826,19945,17384,19946,19947,18255,18451,18655,19948,19016,19949,5039,19500,19625,19750,90,19950,19951,19952,20358,20644,20924,23953,21482,23954,23955,22273,22469,22671,23956,23032,23957,23415,23564,23672,23773,111,23958,23959,23960,27909,24609,24909,27910,25486,27911,27912,26370,26510,26651,27913,27027,27914,27409,27530,5367,27721,132,27915,27916,27917,71156,71157,71158,71159,35231,71160,71161,71162,30178,52027,71163,60192,71164,64937,5707,67849,69158,5147,71165,71166,71167,35230,32402,32615,32877,35232,35233,33541,33730,33894,34133,35234,35235,34690,34836,34950,35058,173,35236,35237,35238,71168,71169,71170,71171,71172,71173,71174,71175,71176,71177,38003,71178,60193,64938,66530,67850,5721,5434,71179,71180,71181,39416,71182,71183,71184,71185,71186,71187,71188,52029,71189,71190,71191,71192,64939,66531,71193,71194,5738,71195,71196,5737,46488,43404,43631,46489,46490,46491,44658,44845,45041,45272,46492,45627,46493,45966,46084,46202,46321,236,46494,5773,46495,49368,49369,49370,49371,47733,47912,48088,49372,48484,49373,48823,5243,49066,49184,254,49374,49375,49376,49760,49945,52028,50379,50576,50754,52030,51150,52031,51506,51648,51756,51857,271,52032,52033,52034,55316,52665,55317,53095,55318,55319,53805,54066,55320,54444,55321,54828,54947,55039,5539,290,55322,55323,55324,71197,55800,71198,71199,71200,71201,71202,60195,71203,5746,66532,67852,69160,5306,71204,71205,71206,60191,58376,58585,60194,58983,59178,59358,60196,59672,59813,59925,60031,323,60197,60198,60199,71207,71208,71209,71210,61420,71211,71212,71213,71214,71215,71216,64940,66533,5759,69161,5565,71217,71218,71219,63660,63811,63999,64180,3776,64483,48789,64721,64809,355,64941,64942,64943,65253,1437,65592,65773,65900,66076,19469,66314,66402,368,66534,66535,66536,67848,66960,67140,67851,67416,4287,55026,379,67853,67854,67855,69157,68269,2080,69159,68725,68893,27711,390,69162,69163,69164,402,403,404,405,406,407,0,409,410,71220,71221,71222,71223,71224,71225,71226,71227,71228,1144,71229,71230,71231,71232,71233,10747,71234,71235,71236,3590,71237,71238,42780
