36,651,652,481,501,1,653,654,655,656,657,622,639,658,659,660,661,662,663,664,665,666,667,668,669,9184,9185,9186,6159,6158,9187,9188,9189,9190,8736,9052,9191,9071,9192,9193,9194,9195,9196,9197,9198,9199,9200,9201,9202,9203,6506,9204,6504,9205,9206,9207,9208,8832,8816,9209,9210,8867,9211,9212,9213,9214,9215,9216,9217,9218,9219,6000,6540,5998,27,6867,6449,6868,6869,6870,6855,6871,6872,6873,6874,6875,6876,6877,6878,6879,6880,6881,6882,6387,6176,28,6063,7150,7151,7152,7153,7138,7154,7155,7156,7157,7158,7159,7160,7161,7162,7163,7164,7165,25,26,29,30,31,32,0,33,34,35,37,38,39,40,41,42,43,44,45,46,47,9220,9221,6062,9222,9223,9224,7066,9225,7714,7742,9226,9227,9228,9229,9230,9231,9232,9233,9234,9235,9236,9237,9238,6447,9239,9240,9241,6782,8012,7998,9242,9243,9244,9245,9246,9247,9248,9249,9250,9251,9252,9253,9254,9255,9256,9257,9258,9259,9260,8015,7746,8323,9261,9262,9263,9264,9265,9266,9267,9268,9269,9270,9271,6721,94,9272,9273,9274,9275,9276,102,9277,9278,9279,9280,9281,9282,9283,9284,9285,9286,9287,9288,9289,6722,6703,9290,9291,9292,9293,6839,9294,9295,9296,9297,9298,9299,9300,9301,9302,9303,9304,9305,9306,8831,8833,8834,101,8594,239,8835,8836,8631,8837,8838,8839,8840,8841,8842,8843,8844,8845,9053,9054,9055,6838,274,9056,298,9057,9058,9059,9060,9061,9062,9063,9064,9065,9066,9307,9308,9309,9310,9311,9312,9313,9314,9315,9316,9317,9318,9319,9320,9321,9322,9323,9324,9325,9326,9327,103,9328,9329,9330,9331,9332,9333,9334,9335,9336,9337,9338,9339,9340,9341,9342,9343,6841,9344,9345,9346,9347,9348,9349,9350,9351,9352,9353,9354,9355,9356,9357,9358,9359,9360,9361,9362,9363,9364,9365,9366,9367,9368,9369,9370,9371,9372,9373,9374,9375,9376,9377,733,9378,9379,9380,9381,9382,9383,9384,9385,727,9386,9387,9388,744,9389,9390,9391,9392,9393,9394,9395,9396,9397,739,9398,9399,753,9400,9401,9402,9403,750,9404,9405,9406,9407,9408,762,9409,9410,9411,9412,9413,760,9414,9415,9416,9417,9418,9419,9420,9421,9422,5589,9423,9424,9425,9426,9427,9428,9429,9430,9431,5690,9432,9433,9434,9435,9436,9437,9438,9439,9440,9441,9442,9443,9444,9445
59,1015,1016,848,868,2,1017,1018,1019,1020,1021,987,1003,1022,1023,1024,1025,1026,1027,1028,1029,1030,1031,1032,1033,14009,14010,14011,11107,11106,14012,14013,14014,8473,13585,13876,14015,13894,14016,14017,14018,14019,14020,14021,14022,14023,14024,14025,14026,14027,11450,14028,11448,14029,14030,14031,14032,13681,13665,14033,14034,13716,14035,14036,14037,14038,14039,14040,14041,14042,14043,10973,11484,10972,50,11787,11392,11788,11789,11790,11775,11791,11792,11793,11794,11795,11796,11797,11798,11799,11800,11801,11802,11330,11124,51,11034,12065,12066,12067,12068,12053,12069,12070,12071,12072,12073,12074,12075,12076,12077,12078,12079,12080,48,49,52,53,54,55,56,0,57,58,60,61,62,63,64,65,66,67,68,69,70,14044,14045,11033,14046,14047,14048,11981,14049,12621,12649,14050,14051,14052,14053,14054,14055,14056,14057,14058,14059,14060,14061,14062,11390,14063,14064,14065,11721,12905,12890,14066,14067,14068,14069,14070,14071,14072,14073,14074,14075,14076,14077,14078,14079,14080,14081,14082,14083,14084,12908,12653,13207,14085,14086,14087,14088,14089,14090,14091,14092,14093,14094,14095,11663,11941,14096,14097,14098,14099,14100,11758,14101,14102,14103,14104,14105,14106,14107,14108,14109,14110,14111,14112,6698,6814,72,14113,14114,14115,14116,81,14117,14118,14119,14120,14121,14122,14123,14124,14125,14126,14127,14128,14129,13680,13682,13683,12037,275,257,13684,13685,315,13686,13687,13688,13689,13690,13691,13692,13693,13694,13877,13878,13879,80,7399,13880,13470,13881,13882,13883,13884,13885,13886,13887,13888,13889,13890,14130,14131,14132,14133,14134,14135,14136,14137,14138,14139,14140,14141,14142,14143,14144,14145,14146,14147,14148,14149,14150,12038,14151,14152,14153,14154,14155,14156,14157,14158,14159,14160,14161,14162,14163,14164,14165,14166,83,14167,14168,14169,14170,14171,14172,14173,14174,14175,14176,14177,14178,14179,14180,14181,14182,14183,14184,14185,14186,14187,14188,14189,14190,14191,14192,14193,14194,14195,14196,14197,14198,14199,14200,1095,14201,14202,14203,14204,14205,14206,14207,14208,1089,14209,14210,14211,1105,14212,14213,14214,14215,14216,14217,14218,14219,14220,1100,14221,14222,1115,14223,14224,14225,14226,1112,14227,14228,14229,14230,14231,1125,14232,14233,14234,14235,14236,1123,14237,14238,14239,14240,14241,14242,14243,14244,14245,5791,14246,14247,14248,14249,14250,14251,14252,14253,14254,5872,14255,14256,14257,14258,14259,14260,14261,14262,14263,14264,14265,14266,14267,14268
81,480,987,1021,478,3,1354,929,1355,1356,1357,13,1342,1358,1359,1360,1361,1362,1363,1364,1365,1366,1367,1368,1369,5994,6522,6704,27,6741,6762,6851,6852,6853,35,6854,6855,6856,6857,6858,6859,6860,6861,6862,6863,6864,6865,6866,13680,13681,59,12053,57,13682,12905,13683,12037,275,257,13684,13685,315,13686,13687,13688,13689,13690,13691,13692,13693,13694,6698,11790,6814,72,14113,11721,14114,14115,14116,14117,14118,14119,14120,14121,14122,14123,14124,14125,14126,14127,14128,14129,51,6721,73,6759,6815,6816,6817,6818,102,6819,6820,6821,6822,6823,6824,6825,6826,6827,6828,6829,6830,71,50,74,75,76,77,78,79,0,80,82,83,84,85,86,87,88,89,90,91,92,18468,18469,6737,18470,12906,6802,16353,18471,16991,17020,18472,18473,18474,18475,18476,18477,18478,18479,18480,18481,18482,12904,12795,54,12907,12908,12909,12910,277,12893,12911,12912,12913,12914,12915,12916,12917,12918,12919,12920,12921,18483,18484,14086,6804,18485,18486,18487,18488,17282,17024,17584,18489,18490,18491,18492,18493,18494,18495,18496,18497,18498,18499,16023,16314,18500,18501,18502,18503,18504,16122,18505,18506,18507,18508,18509,18510,18511,18512,18513,18514,18515,18516,18517,16024,16004,18518,18519,18520,18521,280,18522,18523,18524,18525,18526,18527,18528,18529,18530,18531,18532,18533,18534,274,276,278,279,245,262,281,282,283,284,285,286,287,288,289,290,291,292,18334,18335,18336,16143,17857,18337,17880,18338,18339,18340,18341,18342,18343,18344,18345,18346,18347,18535,18536,18537,18538,18539,18540,18541,18542,18543,18544,18545,18546,18547,18548,18549,18550,18551,18552,18553,18554,18555,16410,18556,18557,18558,18559,18560,18561,18562,18563,18564,18565,18566,18567,18568,18569,18570,18571,16145,18572,18573,18574,18575,18576,18577,18578,18579,18580,18581,18582,18583,18584,18585,18586,18587,18588,18589,18590,18591,18592,18593,18594,18595,18596,18597,18598,18599,18600,18601,18602,18603,18604,18605,1428,18606,4267,18607,18608,18609,18610,18611,4260,1422,18612,18613,18614,1438,18615,4279,18616,18617,18618,18619,4271,18620,18621,1433,18622,18623,1448,18624,18625,18626,18627,1445,18628,18629,18630,18631,18632,1458,18633,18634,18635,18636,18637,1456,18638,18639,18640,18641,18642,18643,18644,18645,18646,18647,18648,18649,18650,18651,18652,18653,18654,18655,18656,18657,18658,18659,18660,18661,18662,18663,18664,18665,18666,18667,18668,18669,18670,18671
102,639,867,478,656,4,543,1666,1667,1668,1669,1654,13,1670,1671,1672,1673,1674,1675,1676,1677,1678,1679,1680,1681,9052,9053,6855,36,35,7742,9054,9055,6838,239,274,9056,298,9057,9058,9059,9060,9061,9062,9063,9064,9065,9066,11091,11325,51,11942,11961,12049,11998,12050,12051,12052,57,12053,12054,12055,12056,12057,12058,12059,12060,12061,12062,12063,12064,27,6814,6721,73,6759,6815,6816,6817,6818,81,6819,6820,6821,6822,6823,6824,6825,6826,6827,6828,6829,6830,9271,7152,94,7066,9272,9273,9274,9275,9276,9277,9278,9279,9280,9281,9282,9283,9284,9285,9286,9287,9288,28,93,95,96,97,98,99,100,101,0,103,104,105,106,107,108,109,110,111,112,113,7743,7614,30,7744,7745,7746,7747,7748,7718,276,7749,7750,7751,7752,7753,7754,7755,7756,7757,7758,7759,22486,22487,11958,22488,12019,22489,16372,21372,21358,22490,22491,22492,22493,22494,22495,22496,22497,22498,22499,22500,22501,22502,12023,9261,22503,22504,22505,22506,21375,21100,21682,22507,22508,22509,22510,22511,22512,22513,22514,22515,22516,22517,16314,20396,22518,22519,22520,22521,22522,279,18504,22523,22524,22525,22526,22527,22528,22529,22530,22531,22532,22533,22534,16315,16024,22535,22536,22537,22538,16427,18523,22539,22540,22541,22542,22543,22544,22545,22546,22547,22548,22549,22550,22352,22353,22354,20495,22151,245,22355,22356,22188,22357,22358,22359,22360,22361,22362,22363,22364,22365,275,277,278,280,262,281,282,283,284,285,286,287,288,289,290,291,292,22551,22552,22553,22554,22555,22556,22557,22558,22559,22560,22561,22562,22563,22564,22565,22566,22567,22568,22569,22570,22571,20496,22572,22573,22574,22575,22576,22577,22578,22579,22580,22581,22582,22583,22584,22585,22586,22587,16429,22588,22589,22590,22591,22592,22593,22594,22595,22596,22597,22598,22599,22600,22601,22602,22603,22604,22605,22606,22607,22608,22609,22610,22611,22612,22613,22614,22615,22616,22617,22618,22619,22620,22621,1742,22622,22623,22624,22625,22626,22627,22628,22629,1735,22630,22631,22632,1754,22633,22634,22635,22636,22637,22638,22639,22640,22641,1748,22642,22643,1763,22644,4288,22645,22646,1760,22647,22648,4282,22649,22650,1771,22651,4298,22652,22653,22654,1769,4291,22655,22656,22657,22658,22659,22660,22661,22662,22663,22664,22665,22666,22667,22668,22669,22670,22671,22672,22673,22674,22675,22676,22677,22678,22679,22680,22681,22682,22683,22684,22685,22686,22687
145,2293,2294,2143,1561,6,2295,2296,2297,2298,2299,2267,2282,2300,1304,2301,2302,2303,2304,2305,2306,2307,2308,2309,2310,30422,30423,30424,276,7732,30425,30426,30427,30428,30072,30307,30429,262,30430,30431,30432,30433,30434,30435,30436,30437,30438,30439,30440,30441,28213,30442,28211,30443,30444,30445,30446,30128,30113,30447,17911,30145,30448,30449,30450,30451,30452,30453,30454,30455,30456,7613,28244,7611,136,28503,28197,28504,28505,28506,28492,28507,17879,28508,28509,28510,28511,28512,28513,28514,28515,28516,28517,21098,7747,96,7650,21099,21100,21101,21102,21087,21103,279,21104,21105,21106,21107,21108,21109,21110,21111,21112,21113,30,135,137,138,139,140,141,142,143,144,0,146,147,148,149,150,151,152,153,154,155,30457,30458,7649,30459,30460,30461,21003,30462,28971,29001,30463,30464,30465,30466,30467,30468,30469,30470,30471,30472,30473,30474,30475,28195,30476,30477,30478,28423,29257,29243,30479,17755,30480,30481,30482,30483,30484,30485,30486,30487,30488,30489,30490,30491,278,30492,30493,30494,30495,29260,29005,29486,17827,30496,30497,30498,30499,30500,30501,30502,30503,30504,30505,20966,20435,30506,30507,30508,30509,30510,21054,30511,17828,30512,30513,30514,30515,30516,30517,30518,30519,30520,30521,30522,20967,28365,30523,30524,30525,30526,21073,30527,30528,17772,30529,30530,30531,30532,30533,30534,30535,30536,30537,30538,30127,30129,30130,21053,29948,29668,30131,16959,29969,30132,30133,30134,30135,30136,30137,30138,30139,30140,30308,30309,30310,28477,29685,30311,206,30312,30313,30314,30315,30316,30317,30318,30319,30320,30321,30539,30540,30541,30542,30543,30544,30545,30546,17792,30547,30548,30549,30550,30551,30552,30553,30554,30555,30556,17703,78,99,17813,17829,17830,17831,17832,17833,17834,17835,17836,17837,17838,17839,17840,17841,30557,30558,28478,30559,30560,30561,30562,30563,30564,30565,30566,30567,30568,30569,30570,30571,30572,30573,30574,30575,30576,30577,30578,30579,30580,30581,30582,30583,30584,30585,30586,30587,30588,30589,30590,30591,30592,2355,30593,30594,30595,30596,30597,30598,30599,30600,2349,30601,30602,30603,2366,30604,30605,30606,30607,30608,30609,30610,30611,30612,2361,30613,30614,2376,30615,30616,30617,30618,2373,30619,30620,30621,30622,30623,2386,30624,30625,30626,30627,30628,2384,30629,30630,30631,30632,30633,30634,17926,30635,30636,30637,30638,30639,30640,30641,30642,17938,30643,30644,30645,30646,30647,30648,30649,30650,30651,30652,30653,30654,30655,30656,30657,30658,30659,30660
165,2575,2576,1265,2446,7,2577,2578,2579,2580,2581,2550,2564,2582,2583,1326,2584,2585,2586,2587,2588,2589,2590,2591,2592,33909,33910,33911,32044,32043,33912,33913,33914,33915,33559,33789,33916,33807,22204,33917,33918,33919,33920,33921,33922,33923,33924,33925,33926,33927,277,33928,12879,33929,33930,33931,33932,33631,33616,33933,33934,245,33935,33936,33937,33938,33939,33940,33941,33942,33943,17280,12910,12793,76,17281,12830,17282,17283,17284,17269,17285,17286,280,17287,17288,17289,17290,17291,17292,17293,17294,17295,12794,32059,157,29133,32296,32297,32298,32299,32285,32300,32301,22187,32302,32303,32304,32305,32306,32307,32308,32309,32310,156,54,158,139,159,160,161,162,163,164,166,0,167,168,169,170,171,172,173,174,175,33944,33945,29132,33946,33947,33948,29151,33949,29228,29256,33950,18139,33951,33952,33953,33954,33955,33956,33957,33958,33959,33960,33961,12828,33962,33963,33964,17205,32769,32754,33965,33966,33967,33968,33969,33970,33971,33972,33973,33974,33975,33976,33977,278,33978,33979,33980,33981,33982,32772,29260,33015,33983,18140,33984,33985,33986,33987,33988,33989,33990,33991,33992,17169,32179,33993,33994,33995,33996,33997,17239,33998,33999,22083,34000,34001,34002,34003,34004,34005,34006,34007,34008,34009,17170,16082,34010,34011,34012,34013,17256,34014,34015,34016,18142,34017,34018,34019,34020,34021,34022,34023,34024,34025,33630,33632,33633,32253,33443,33228,33634,33635,227,33636,33637,33638,33639,33640,33641,33642,33643,33644,33790,33791,33792,17255,33259,33793,33281,21330,33794,33795,33796,33797,33798,33799,33800,33801,33802,34026,34027,34028,34029,34030,34031,34032,34033,34034,22122,34035,34036,34037,34038,34039,34040,34041,34042,34043,34044,34045,32254,34046,34047,34048,34049,18144,34050,34051,34052,34053,34054,34055,34056,34057,34058,18138,100,79,18141,18126,18143,18145,18146,18147,18148,18149,18150,18151,18152,18153,18154,34059,34060,34061,34062,34063,34064,34065,34066,34067,34068,34069,34070,34071,34072,34073,34074,34075,34076,34077,34078,34079,2638,34080,34081,34082,34083,34084,34085,34086,34087,2631,34088,34089,34090,2650,34091,34092,34093,34094,34095,34096,34097,34098,34099,2644,34100,34101,2660,34102,34103,34104,34105,2657,34106,34107,34108,34109,34110,2669,34111,34112,34113,34114,34115,2667,34116,34117,34118,34119,34120,34121,34122,34123,34124,34125,34126,34127,34128,34129,34130,34131,34132,34133,34134,34135,34136,34137,34138,34139,22241,34140,34141,34142,34143,34144,34145,22252,34146,34147
186,2887,2888,2752,2768,8,2889,2890,2891,2892,2893,2860,2876,2894,1602,1286,1914,2895,2896,2897,2898,2899,2900,2901,2902,37852,37853,37854,35559,25964,37855,37856,37857,37858,37455,37739,37859,21679,37860,25878,37861,37862,37863,37864,37865,37866,37867,37868,37869,37870,35840,37871,26255,37872,37873,37874,37875,37547,37532,37876,37877,17582,26170,37878,37879,37880,37881,37882,37883,37884,37885,35440,35873,35438,178,36120,13236,36121,36122,36123,36110,36124,36125,17448,25718,36126,36127,36128,36129,36130,36131,36132,36133,35755,35575,179,8339,36321,36322,36323,36324,36311,36325,21562,36326,25703,36327,36328,36329,36330,36331,36332,36333,36334,176,177,180,140,160,181,182,183,184,185,187,188,0,189,190,191,192,193,194,195,196,37886,37887,259,8319,37888,37889,7106,37890,29452,29484,37891,17583,25686,37892,37893,37894,37895,37896,37897,37898,37899,37900,37901,241,13204,37902,37903,11741,33014,32997,37904,21681,25687,37905,37906,37907,37908,37909,37910,37911,37912,37913,37914,37915,37916,278,37917,8323,13207,33015,29486,36867,21682,17584,37918,37919,37920,37921,37922,37923,37924,37925,37926,36026,7026,37927,37928,37929,37930,37931,21038,37932,21683,37933,24212,37934,37935,37936,37937,37938,37939,37940,37941,37942,36027,11644,37943,37944,37945,37946,17222,37947,37948,37949,17586,24461,37950,37951,37952,37953,37954,37955,37956,37957,37546,37548,37549,21037,37349,37083,37550,37551,17555,25305,37552,37553,37554,37555,37556,37557,37558,37559,37740,37741,37742,17221,37115,37743,21669,37744,25027,37745,37746,37747,37748,37749,37750,37751,37752,37958,37959,37960,37961,37962,37963,37964,37965,37966,37967,25604,37968,37969,37970,37971,37972,37973,37974,37975,21680,21546,98,21684,21654,21685,20478,16393,20764,21686,21687,21688,21689,21690,21691,21692,21693,17581,17464,77,17585,17570,17587,16104,16664,17588,17589,17590,17591,17592,17593,17594,17595,25684,25685,25549,25565,119,25688,25689,25657,25673,25690,24731,25691,25692,25693,25694,25695,25696,25697,25698,37976,37977,420,37978,37979,37980,37981,37982,37983,37984,37985,2937,37986,37987,37988,413,37989,37990,37991,37992,37993,37994,37995,37996,37997,2949,37998,37999,404,38000,38001,38002,38003,2961,38004,38005,38006,38007,38008,395,38009,38010,38011,38012,38013,2971,38014,38015,38016,38017,38018,38019,38020,25757,38021,38022,38023,38024,38025,38026,38027,38028,25767,38029,38030,38031,38032,38033,38034,38035,38036,25733,38037,38038,38039,38040,38041,38042,25745,38043
363,5246,5247,5191,1748,18,5248,5249,4153,5250,5251,5237,4009,5252,5253,5254,5255,292,5256,5257,5258,5259,5260,286,5261,65913,65914,65915,9133,9045,65916,65917,52300,65918,51581,51593,65919,50909,65920,65921,4084,65922,54971,65923,65924,54942,4078,65925,65926,65927,51524,65928,65171,65929,65930,65931,65932,65835,51528,65933,65934,59745,65935,55048,65936,65937,55419,54853,65938,54851,65939,9129,65194,10272,359,65350,34711,65351,65352,65353,51544,65354,65355,59758,65356,18648,65357,19481,65358,65359,1433,4271,65360,23508,10331,107,7807,23509,22516,23510,23511,23499,23512,23513,23514,23515,1681,23516,23517,23518,23519,23520,1675,23521,41,358,360,149,169,190,211,361,362,267,303,319,338,0,364,365,366,367,368,369,370,65940,65941,7735,65942,65943,52764,21162,65944,31274,31287,65945,65946,65947,4119,65948,65949,65950,55175,65951,4113,65952,65953,65954,34709,65955,53346,65956,34725,34778,33848,65957,65958,65959,4325,65960,65961,53061,65962,65963,53056,65964,53129,53345,53163,53176,53194,53347,53232,53348,33991,30504,37925,53264,53349,4326,53302,53312,53322,53330,53338,278,53350,65965,23453,20500,65966,53401,65967,65968,65969,21981,65970,65971,65972,65973,4171,65974,65975,55097,54938,65976,4165,65977,65978,23454,65282,65979,65980,65981,65982,23486,65983,65984,65985,65986,65987,55149,65988,55452,65989,65990,54882,54879,65991,65834,65836,65837,21980,65710,42356,65838,65839,59736,65840,48090,65841,65842,48938,3783,65843,4273,65844,51594,51595,50653,51596,42368,51597,41729,51598,51599,3941,51600,51601,51602,51603,51604,3935,51605,65992,65993,65994,65995,65996,65997,65998,65999,66000,66001,66002,54082,54914,66003,66004,66005,66006,4274,66007,66008,57376,21927,66009,66010,66011,66012,66013,66014,4224,66015,66016,66017,66018,55302,4218,66019,66020,58333,59704,66021,66022,66023,66024,66025,4328,66026,54410,66027,66028,66029,54406,66030,66031,66032,66033,66034,62881,66035,66036,66037,66038,66039,66040,4329,66041,66042,66043,66044,66045,54663,55479,4324,1369,24,4327,3718,4208,4269,4289,4298,4307,4316,13,4330,66046,66047,5273,66048,66049,66050,66051,66052,66053,66054,66055,4275,5267,66056,66057,5282,53547,50722,66058,66059,5279,66060,4276,66061,52409,22638,5291,66062,66063,66064,66065,66066,5289,4277,66067,52387,66068,55188,66069,54257,66070,66071,4278,66072,66073,52889,55280,53536,66074,66075,66076,4279,66077,4270,4129,4147,4272,4233,4252,4280,66078,66079,55441,66080,66081,66082,66083
350,5089,5090,5034,1735,17,5091,5092,4152,5093,5094,5080,3996,5095,5096,5097,5098,5099,291,5100,5101,5102,5103,5104,285,64320,64321,64322,9121,9044,64323,64324,52299,64325,51439,51451,64326,50897,64327,64328,64329,4083,64330,55069,54816,64331,64332,4077,64333,64334,51382,64335,63578,64336,64337,64338,64339,64242,51386,64340,64341,59604,64342,64343,55141,55346,64344,64345,54733,64346,54731,9117,63601,10134,346,63757,34565,63758,63759,63760,51402,63761,63762,59617,63763,63764,18656,63765,19365,1422,63766,63767,4260,23359,10193,106,7796,23360,22515,23361,23362,23350,23363,23364,23365,23366,23367,1680,23368,23369,23370,23371,23372,1674,40,345,347,148,168,189,210,348,349,266,302,318,337,351,0,352,353,354,355,356,357,64347,64348,7734,64349,64350,52763,21150,64351,31136,31149,64352,64353,64354,64355,4118,64356,64357,64358,55266,64359,4112,64360,64361,34563,64362,53340,64363,34579,34632,33835,64364,64365,64366,64367,4318,53047,64368,64369,64370,64371,53044,53128,53339,53162,53175,53193,53341,53231,53342,33990,30503,37924,53263,53343,53290,4319,53311,53321,53329,53337,53344,278,64372,23304,20499,64373,53400,64374,64375,64376,21969,64377,64378,64379,64380,64381,4170,54997,64382,64383,54826,64384,4164,64385,23305,63689,64386,64387,64388,64389,23337,64390,64391,64392,64393,64394,64395,55044,64396,55379,54762,64397,64398,54761,64241,64243,64244,21968,64117,42224,64245,64246,59595,64247,64248,48081,48804,64249,64250,3772,64251,4262,51452,51453,50652,51454,42236,51455,41718,51456,51457,51458,3940,51459,51460,51461,51462,51463,3934,64399,64400,64401,64402,64403,64404,64405,64406,64407,64408,64409,54795,54075,64410,64411,64412,64413,64414,4263,64415,57242,21926,64416,64417,64418,64419,64420,64421,64422,4223,64423,64424,55209,64425,64426,4217,64427,58320,59563,64428,64429,64430,64431,64432,64433,4321,64434,54396,64435,64436,64437,54392,64438,64439,64440,64441,62753,64442,64443,64444,64445,64446,64447,64448,4322,64449,64450,64451,64452,55407,54651,64453,64454,5117,64455,64456,64457,64458,64459,64460,64461,64462,5110,4264,4317,1368,23,4320,3717,4207,4280,4288,4297,4306,4315,4323,13,52398,22626,5125,64463,64464,64465,64466,5122,64467,64468,4265,64469,64470,5134,53556,50712,64471,64472,64473,5132,64474,4266,64475,52880,55187,53524,64476,64477,64478,64479,4267,52377,64480,55279,64481,54264,64482,64483,64484,4268,64485,64486,55369,64487,64488,64489,64490,4259,4128,4146,4261,4232,4251,4269
387,5526,5527,1456,5476,20,5528,5529,4151,5530,5531,3806,5519,5532,5533,5534,5535,5536,5537,290,5538,288,5539,5540,5541,68733,68734,68735,49083,68080,68736,68737,68738,68739,49089,68675,68740,57664,68741,68742,68743,55255,54823,68744,55070,68745,55068,68746,68747,68748,13778,68749,13660,68750,68751,52541,68752,49148,49137,68753,68754,48464,68755,54732,68756,4100,68757,4098,68758,68759,55147,19712,15353,15297,88,19713,12990,18496,19714,19715,19705,19716,19717,19718,19719,19720,19721,1367,19722,1365,19723,19724,19725,13774,68090,383,31483,68229,68230,68231,68232,49103,68233,57674,68234,68235,23397,68236,22672,68237,4291,68238,68239,1769,382,66,384,151,171,192,385,234,252,386,305,321,340,353,366,0,388,389,390,391,392,68760,68761,31482,68762,68763,53332,31497,68764,30206,31546,68765,68766,68767,68768,52871,4309,68769,52838,68770,68771,68772,68773,68774,12885,68775,52968,68776,17364,35023,35011,68777,68778,68779,68780,68781,4133,68782,4131,68783,55325,68784,53331,53147,53161,53174,53192,53333,53334,53247,33989,30502,37923,53335,53276,53289,53301,4310,53320,278,53336,53337,53338,68785,19662,68166,68786,68787,68788,68789,68790,19692,68791,68792,68793,68794,55291,68795,54944,68796,55096,68797,68798,55095,68799,19663,16150,68800,53633,68801,68802,18235,68803,68804,68805,68806,68807,68808,54880,4187,68809,4185,68810,55144,68811,49147,49149,47985,49150,46284,46272,49151,49152,45610,49153,49154,49155,3716,49156,3714,49157,49158,49159,68676,68677,68678,18234,68565,68679,57655,68680,68681,68682,51630,50756,68683,4293,68684,4030,68685,68812,68813,68814,68815,68816,68817,68818,68819,68820,68821,68822,68823,68824,54066,55128,4294,68825,68826,68827,68828,55820,57624,68829,68830,68831,68832,68833,68834,54247,68835,4312,68836,54225,68837,68838,68839,68840,59952,18179,68841,68842,68843,68844,68845,68846,68847,4237,68848,4235,68849,68850,55334,68851,68852,68853,68854,63110,68855,68856,68857,68858,68859,68860,68861,68862,4313,68863,54685,55321,68864,68865,68866,68867,5137,53757,48045,68868,68869,4268,68870,4266,68871,5132,68872,52628,18619,5293,68873,68874,68875,68876,4279,68877,4277,68878,68879,5289,4308,1679,22,4311,3939,4206,4287,13,4314,4315,4316,68880,68881,5549,68882,68883,68884,68885,4295,5547,68886,68887,4290,4115,4149,4292,4220,4254,4296,4297,4298,68888,68889,55278,68890,68891,68892,68893,68894,68895,52649,68896,55368,68897,54445,68898,68899,68900,53097,55440,53790,68901,68902,68903
376,5397,5398,1445,5347,19,5399,5400,4150,5401,5402,3795,5390,5403,5404,5405,5406,5407,5408,5409,289,5410,287,5411,5412,67424,67425,67426,48965,66771,67427,67428,67429,67430,48971,67366,67431,57547,67432,67433,55162,67434,67435,54935,67436,54970,67437,54968,67438,67439,13767,67440,13659,67441,67442,52540,67443,49030,49019,67444,67445,48454,67446,67447,54850,67448,4099,67449,4097,55042,67450,19587,15228,15172,87,19588,12980,18495,19589,19590,19580,19591,19592,19593,19594,19595,19596,19597,1366,19598,1364,19599,19600,13763,66781,372,31359,66920,66921,66922,66923,48985,66924,57557,66925,66926,66927,23538,66928,22664,66929,4282,1760,66930,371,65,373,150,170,191,374,233,251,375,304,320,339,352,365,377,0,378,379,380,381,67451,67452,31358,67453,67454,53324,31373,67455,30195,31422,67456,67457,67458,52859,67459,67460,4300,67461,52848,67462,67463,67464,67465,12884,67466,52967,67467,17354,34915,34903,67468,67469,67470,67471,67472,67473,4132,67474,4130,67475,55239,53323,53146,53160,53173,53191,53325,53326,53246,33988,30501,37922,53327,53275,53288,53300,53310,4301,53328,278,53329,53330,67476,19537,66857,67477,67478,67479,67480,67481,19567,67482,67483,67484,67485,67486,55198,67487,54818,67488,54998,54995,67489,67490,19538,16149,67491,53632,67492,67493,18224,67494,67495,67496,67497,67498,54760,67499,67500,4186,67501,4184,67502,55051,49029,49031,47984,49032,46165,46153,49033,49034,45600,49035,49036,49037,49038,3715,49039,3713,49040,49041,67367,67368,67369,18223,67256,67370,57538,67371,67372,51480,67373,67374,50747,67375,4284,67376,4021,67503,67504,67505,67506,67507,67508,67509,67510,67511,67512,67513,67514,67515,55029,54057,67516,4285,67517,67518,67519,55809,57507,67520,67521,67522,67523,67524,67525,67526,54235,67527,4303,67528,54213,67529,67530,67531,59846,18178,67532,67533,67534,67535,67536,67537,67538,67539,4236,67540,4234,55236,67541,67542,67543,67544,67545,63006,67546,67547,67548,67549,67550,67551,67552,67553,67554,4304,55229,54675,67555,67556,52616,18609,5127,67557,67558,67559,67560,67561,4267,67562,4265,5122,67563,67564,67565,5283,53767,48053,67566,67567,67568,4278,67569,4276,67570,5279,67571,67572,5421,67573,67574,67575,67576,5418,4286,67577,67578,4299,1678,21,4302,3938,4205,4296,4305,13,4306,4307,67579,67580,55186,67581,67582,67583,67584,67585,67586,4281,4114,4148,4283,4219,4253,4287,4288,4289,67587,53087,55367,53779,67588,67589,67590,52640,67591,55439,67592,54437,67593,67594
290,4308,4100,1367,1679,22,4309,4133,4310,4311,4187,3716,3939,4206,4312,4237,4313,4268,4279,4287,387,13,4314,4315,4316,55245,55246,55247,22665,50571,55248,55249,55250,52316,47907,50749,55251,52007,55252,55253,54823,54942,55254,55255,4084,55256,4082,55257,52659,52472,13692,52489,13662,52660,52522,52661,52662,47956,47762,52573,52663,48394,52664,52617,52628,52638,5527,275,52665,52666,4324,18649,14127,6828,90,18650,12919,18651,18652,18532,18345,18551,18653,18582,18654,4260,18620,18628,1456,81,18655,18656,18657,12062,9286,111,22666,22498,22667,22668,22548,22363,22567,22669,22598,22670,22629,22640,22647,1769,102,22671,22672,22673,402,68,132,403,173,404,405,236,254,271,406,323,407,355,368,379,390,0,408,409,410,55258,55259,51959,55260,53090,55261,23897,55262,30076,50750,55263,54439,55264,54824,4117,55035,5528,4112,55265,55266,55267,53089,52935,12887,52952,53091,53092,17293,33941,33759,53002,53093,53094,53046,53059,53069,5529,277,53095,53096,53097,55268,55269,55270,55271,55272,55273,55274,55275,34129,55276,37920,55277,54440,54825,54943,55036,4151,4148,55278,55279,55280,53366,16539,20641,55281,55282,55283,55284,55285,19913,55286,55287,55288,55289,54826,54944,55290,55291,4170,55292,55293,4169,53799,16436,16152,53800,53801,53802,53668,18152,53683,53700,53803,53729,53804,53757,53768,53778,5531,280,53805,4320,53806,48083,48084,48085,23921,45084,40961,48002,48086,45555,48087,48046,4273,48063,3806,245,48088,48089,48090,50622,50636,50751,18135,41365,50668,50752,50683,50753,50714,50725,50732,4030,262,50754,50755,50756,54060,53852,54061,53885,54062,54063,53939,53958,54064,53989,54065,54020,54031,54039,4294,281,54066,54067,54068,55294,54104,23922,55295,55296,55297,55298,54442,55299,4222,54945,55038,5533,4218,55300,55301,55302,54438,54304,18181,54441,54336,54352,54367,54443,54395,54408,54418,5534,283,54444,54445,54446,55303,55304,55305,55306,54540,55307,55308,55309,55310,55311,55312,54827,54946,4256,5535,4254,55313,55314,55315,54732,54745,5153,54761,3711,54789,54800,54807,5536,285,54828,5103,54829,54851,1363,5309,54880,54892,54908,54919,54926,5537,286,54947,54948,5260,55034,54981,5437,55037,55007,4203,55031,287,55039,55040,55041,5526,5476,20,5530,5519,5532,5538,288,5539,5540,5541,274,276,278,279,282,284,289,291,292,55316,55317,55318,55319,55320,55321,55322,55323,55324,4101,55325,55326,55327,55328,55329,55330,55331,55332,55333,4189,55334,55335,55336
289,4299,4099,1366,1678,21,4300,4132,4301,4302,4186,3715,3938,4205,4303,4236,4304,4267,4278,376,4296,4305,13,4306,4307,55153,55154,55155,22656,50563,55156,55157,55158,52315,47899,50741,55159,51916,55160,55161,54816,54935,55162,55163,55164,4083,55165,4081,52651,52471,13691,52488,13661,52652,52521,52653,52654,47955,47761,52572,52655,48393,52656,52616,52627,5398,52648,52657,275,4317,52658,18640,14126,6827,89,18641,12918,18642,18643,18531,18344,18550,18644,18581,18645,18611,4271,1445,18637,18646,81,18647,18648,12061,9285,110,22657,22497,22658,22659,22547,22362,22566,22660,22597,22661,22628,22639,1760,22654,22662,102,22663,22664,393,67,131,394,172,395,396,235,253,270,397,322,398,354,367,378,389,399,0,400,401,55166,55167,51868,55168,53081,55169,23801,55170,30077,50742,55171,54430,55172,4116,54936,5399,55134,55173,4113,55174,55175,53080,52934,12886,52951,53082,53083,17292,33940,33758,53001,53084,53085,53045,53058,5400,53078,53086,277,53087,53088,55176,55177,55178,55179,55180,55181,55182,55183,34120,55184,37921,55185,54431,54817,54937,4150,55135,55186,4149,55187,55188,53367,16530,20632,55189,55190,55191,55192,55193,19813,55194,55195,55196,55197,54818,54938,55198,55199,55200,4171,4168,55201,53791,16435,16151,53792,53793,53794,53667,18151,53682,53699,53795,53728,53796,53756,53767,5402,53788,53797,280,53798,4327,48075,48076,48077,23825,45083,40960,48001,48078,45554,48079,4262,48055,3795,48072,48080,245,48081,48082,50621,50635,50743,18134,41364,50667,50744,50682,50745,50713,50724,4021,50739,50746,262,50747,50748,54051,53851,54052,53884,54053,54054,53938,53957,54055,53988,54056,54019,54030,4285,54048,54057,281,54058,54059,55202,54103,23826,55203,55204,55205,55206,54433,55207,54819,4221,5404,55137,55208,4217,55209,55210,54429,54303,18180,54432,54335,54351,54366,54434,54394,54407,5405,54427,54435,283,54436,54437,55211,55212,55213,55214,54539,55215,55216,55217,55218,55219,55220,54820,54939,5406,4255,55221,4253,55222,55223,54731,1362,5145,54760,54773,54788,54799,5407,54814,54821,285,5102,54822,54850,54864,5301,54879,3712,54907,54918,5408,54933,54940,286,54941,5259,5397,5347,19,5401,5390,5403,5409,5410,287,5411,5412,55133,55080,5558,55136,55106,4204,55130,55138,288,55139,55140,55224,55225,55226,55227,55228,55229,55230,55231,55232,274,276,278,279,282,284,290,291,292,55233,55234,55235,4188,55236,55237,55238,4102,55239,55240,55241,55242,55243,55244
292,4084,4324,1369,1681,24,4119,4325,4326,4171,4327,3718,3941,4208,4224,4328,4329,4269,363,4289,4298,4307,4316,13,4330,52210,52431,52247,9066,9051,52264,52432,52433,52434,46755,50607,52333,50846,52435,52436,52378,5246,52399,52409,52416,4308,274,52437,55409,55410,18665,55411,47742,55412,55413,55414,52556,48097,47921,55415,55416,49511,55417,55418,55419,55048,55147,4102,55331,4100,55420,6866,14129,6830,92,18482,18666,18667,18516,18668,18347,18553,18569,18669,18670,18612,1433,18630,18639,18648,18657,81,18671,22681,9288,113,7759,22682,22683,22533,22684,22365,22569,22585,22685,22686,22630,1748,4282,22655,22664,22673,102,22687,47,418,134,155,419,420,217,421,256,273,309,422,423,357,370,381,392,401,410,0,424,52897,52714,7741,52732,52898,52899,21113,52900,30083,30439,52798,52901,52902,52840,5248,52862,52873,52881,52889,276,52903,55421,55422,49466,55423,55424,55425,20066,48098,33756,55426,54274,55427,54831,5249,55049,4135,55239,55332,4130,55428,55429,55430,55431,55432,55433,55434,55435,55436,55437,30656,37918,54275,55438,54832,4153,55050,55148,55439,55440,4146,55441,53579,16420,20506,53580,53581,53418,53582,53452,17841,53469,53484,53583,53584,53526,5250,53547,53557,4302,53571,279,53585,53598,16555,16286,55442,55443,55444,55445,20090,55446,55447,55448,55449,55450,55451,55452,55051,55149,55241,4189,4186,55453,47943,47972,48099,21918,45086,40963,48004,48019,48100,48101,48047,3783,48065,48074,48082,48090,245,48102,50763,50764,50765,20089,41367,50670,41682,50766,50767,50715,4009,50733,4293,50748,50756,262,50768,53836,54076,53871,54077,54078,53923,54079,53960,53976,54080,54081,54021,4274,54041,54050,54059,54068,281,54082,54273,54110,21933,54276,54144,54160,54176,54277,54278,54216,5253,54238,54249,54257,54265,282,54279,55454,54302,20092,55455,55456,55457,55458,55459,54834,5254,4239,55150,55242,55334,4235,55460,55461,55462,55463,55464,54538,55465,55466,55467,55468,55469,55470,4258,5255,55052,55151,55471,55472,4252,55473,54830,54746,5165,54833,54774,4201,54801,54808,54815,54822,54829,285,54835,5247,5191,18,5251,5237,5252,5256,5257,5258,5259,5260,286,5261,54971,54982,5439,54998,3936,55023,55033,5412,55041,287,55053,55070,1677,5560,55097,55107,55122,55132,55140,5541,288,55152,4081,55175,55240,55201,55210,55243,55232,289,55244,55257,55267,55333,4169,55302,55335,55324,290,55336,275,277,278,280,283,284,291,55474,55475,55476,55477,55478,55479,55480
291,4083,4317,1368,1680,23,4118,4318,4319,4170,4320,3717,3940,4207,4223,4321,4322,350,4280,4288,4297,4306,4315,4323,13,52209,52424,52246,9065,9050,52263,52425,52426,52427,46754,50606,52332,50845,52428,52429,5089,52389,52398,52408,4299,52423,52430,274,55337,55338,18658,55339,47736,55340,55341,55342,52555,48091,47915,55343,55344,49438,55345,55346,55347,55042,55141,55233,4101,55348,4099,6865,14128,6829,91,18481,18659,18660,18515,18661,18346,18552,18568,18662,18663,1422,18621,18629,18638,18647,18656,18664,81,22674,9287,112,7758,22675,22676,22532,22677,22364,22568,22584,22678,22679,1735,22641,22648,4291,22663,22672,22680,102,46,411,133,154,412,413,216,414,255,272,308,415,416,356,369,380,391,400,409,417,0,52890,52713,7740,52731,52891,52892,21112,52893,30082,30438,52797,52894,52895,5091,52851,52861,52872,52880,52888,52896,276,55349,55350,49393,55351,55352,55353,19986,48092,33757,55354,54267,55355,5092,54950,4134,55142,55234,55325,55356,4131,55357,55358,55359,55360,55361,55362,55363,55364,55365,30649,37919,54268,55366,4152,54951,55043,55143,55367,55368,55369,4147,53572,16419,20505,53573,53574,53417,53575,53451,17840,53468,53483,53576,53577,5093,53537,53546,53556,53564,4311,53578,279,53599,16548,16279,55370,55371,55372,55373,20010,55374,55375,55376,55377,55378,55379,55380,55044,55144,4188,55327,55381,4187,47942,47971,48093,21917,45085,40962,48003,48018,48094,48095,3772,48056,48064,48073,48081,48089,48096,245,50757,50758,50759,20009,41366,50669,41681,50760,50761,3996,50726,4284,50740,50747,50755,50762,262,53835,54069,53870,54070,54071,53922,54072,53959,53975,54073,54074,4263,54032,54040,54049,54058,54067,54075,281,54266,54109,21932,54269,54143,54159,54175,54270,54271,5096,54227,54237,54248,54256,54264,54272,282,55382,54301,20012,55383,55384,55385,55386,55387,5097,54953,55045,4238,55236,55328,55388,4234,55389,55390,55391,55392,54537,55393,55394,55395,55396,55397,55398,5098,4257,55046,55145,55399,55400,55401,4251,5090,5034,17,5094,5080,5095,5099,5100,5101,5102,5103,5104,285,54949,54865,5316,54952,54893,4202,54920,54927,54934,54941,54948,54954,286,54970,1676,5438,54997,55008,55022,55032,5411,55040,55047,287,55069,55081,5559,55096,3937,55121,55131,55139,5540,55146,288,55165,55174,55235,4168,55209,55237,55231,55238,289,4082,55266,55326,55293,55301,55329,55323,55330,290,55402,55403,55404,55405,55406,55407,55408,275,277,278,280,283,284,292
228,3313,2909,3484,3331,3485,10,2535,3383,3402,3486,3487,3455,3488,3489,3490,2595,3491,3492,3493,3494,3495,3496,3497,3498,42955,40841,43079,42971,18307,218,17550,29964,43080,43081,43052,43082,43083,43084,43085,43086,43087,43088,43089,43090,43091,43092,43093,36690,36710,38065,38135,38136,188,187,36885,208,38096,38137,38138,38126,38139,300,38140,38141,38142,38143,38144,38145,38146,38147,43547,45288,43319,45289,44748,33459,44553,45171,45290,44937,38110,18155,45291,294,45292,45293,45294,45295,45296,45297,45298,45299,39551,43201,43320,219,43256,43276,43291,43321,43322,43068,43323,22900,43111,43324,43325,43326,43327,43328,43329,43330,43331,43220,45300,45301,43218,45302,45303,45304,45305,45306,43517,45307,45308,43564,45309,45310,45311,45312,45313,45314,45315,45316,0,79,220,221,162,222,223,224,225,226,227,229,230,231,232,233,234,235,236,237,238,29804,33380,33460,32728,17556,33399,33461,33462,33431,33463,33464,32788,33465,33466,33467,33468,33469,33470,33471,33472,43859,44002,44003,43266,44004,43911,33400,33417,44005,43979,44006,44007,44008,44009,44010,44011,44012,44013,44014,44015,44016,39318,44261,44262,33476,44160,44179,44263,44264,44232,44265,44266,44267,43765,44268,44269,44270,44271,44272,44273,44274,44275,44384,45317,45318,33477,44559,45319,45320,45321,45322,45323,45324,45325,45326,45327,45328,45329,45330,45331,45332,45333,45334,45335,44688,45336,45337,45338,44939,45339,45340,45341,45342,45343,45344,45345,45346,45347,45348,45349,45350,41076,44864,43857,44938,44911,44940,44941,44942,44943,44944,44945,44946,44947,44948,44949,44950,44951,45351,45352,22135,21648,45105,22139,45353,45354,45355,45356,45357,45358,45359,45360,45361,45362,45363,45364,45365,41854,45366,45367,45368,45369,45370,45371,45372,34183,45373,45374,45375,45376,45377,45378,45379,45380,43860,45381,45382,45383,45384,45385,45386,296,45387,45388,45389,45390,45391,45392,45393,45394,33365,166,34150,34176,34177,34178,34179,34180,34181,34182,34184,34185,34186,34187,34188,34189,34190,34191,34192,41903,45395,45396,45397,45398,45399,45400,5068,45401,3579,45402,45403,45404,41893,45405,45406,45407,45408,45409,45410,45411,5225,45412,3587,45413,45414,45415,45416,45417,45418,45419,45420,45421,45422,45423,45424,45425,45426,45427,45428,45429,45430,45431,45432,45433,45434,45435,45436,45437,3549,45438,45439,45440,45441,45442,45443,45444,45445,3539,45446,45447,45448,45449,45450,45451,45452,41913,45453,45454,45455,45456,45457,45458,41922,45459,45460,45461,45462,45463,45464
246,3611,3719,3720,1655,3721,11,2551,3646,3661,3722,3723,3693,3724,3725,3726,3727,3728,3729,3730,3731,3732,3733,3734,3735,46641,46772,46773,8836,8788,239,13171,46715,46774,46775,46745,46776,46777,46778,46779,46780,46781,46782,46783,46784,46785,46786,46787,48103,48104,48105,48106,48107,13049,13622,48108,13638,48109,48110,48111,48112,47125,13702,48113,48114,48115,48116,48117,48118,48119,48120,26433,48121,22367,48122,47632,33645,44748,48006,48123,47812,48124,294,48125,13696,48126,48127,48128,48129,48130,48131,48132,48133,22366,20530,22368,101,21348,22310,22325,22369,22370,22371,22372,22373,22374,22375,22376,22377,22378,22379,22380,22381,22382,20813,48134,48135,20812,48136,48137,48138,48139,48140,26421,48141,48142,26447,48143,48144,48145,48146,48147,48148,48149,48150,57,0,122,240,163,241,242,225,243,244,245,247,248,249,250,251,252,253,254,255,256,33561,32286,33646,32744,13178,33591,33647,33648,33620,33649,33650,33651,33652,33653,33654,33655,33656,33657,33658,33659,47106,47230,47231,22302,47232,47174,22309,25384,47233,25932,47234,47235,35841,47236,47237,47238,47239,47240,47241,47242,47243,47415,47416,47417,33663,47355,47372,47418,47419,25937,40953,47420,47421,47006,47422,47423,47424,47425,47426,47427,47428,47429,44678,48151,48152,33664,44754,48153,48154,48155,48156,48157,48158,48159,48160,48161,48162,48163,48164,48165,48166,48167,48168,48169,47550,48170,48171,48172,47814,48173,48174,48175,48176,48177,48178,48179,48180,48181,48182,48183,48184,47811,47769,47104,47813,47800,47815,47816,47817,47818,47819,47820,47821,47822,47823,47824,47825,47826,48185,48186,22352,48187,47976,22356,48188,48189,48190,48191,48192,48193,48194,48195,48196,48197,48198,48199,48200,48201,48202,48203,48204,48205,48206,48207,48208,46806,48209,48210,48211,48212,48213,48214,48215,48216,47107,48217,48218,48219,48220,48221,48222,13698,48223,48224,48225,48226,48227,48228,48229,48230,22403,12881,48231,22400,48232,48233,48234,48235,46747,48236,48237,48238,48239,48240,48241,48242,48243,48244,48245,48246,48247,48248,48249,48250,48251,48252,48253,48254,3816,48255,48256,48257,48258,48259,48260,48261,48262,48263,48264,48265,48266,48267,3825,48268,48269,48270,48271,48272,48273,48274,48275,48276,48277,48278,48279,48280,48281,48282,48283,48284,48285,48286,48287,48288,48289,48290,48291,48292,3787,48293,48294,48295,48296,48297,48298,48299,48300,3776,48301,48302,48303,48304,48305,48306,48307,48308,48309,48310,48311,48312,48313,48314,48315,48316,48317,48318,48319,48320,48321
282,3946,4209,4210,1671,1620,13,4126,4144,4161,4211,4212,3191,4213,4214,4215,4216,4217,4218,4219,4220,4221,4222,4223,4224,50832,50833,50789,298,263,274,50834,50642,50835,41651,41667,50836,41688,50837,50838,50839,50840,50841,50842,50843,50844,50845,50846,54083,54084,41590,54085,54086,47975,52535,54087,52549,54088,41593,54089,54090,53140,48387,54091,54092,54093,54094,54095,54096,54097,54098,294,54099,22571,21920,48006,53005,53703,53962,54100,41608,54101,18555,54102,52577,54103,54104,54105,54106,54107,54108,54109,54110,22570,9278,20496,102,22491,22507,22523,22572,22573,22574,22575,22576,22577,22578,22579,22580,22581,22582,22583,22584,22585,103,21919,21921,99,21407,21853,21872,21922,21923,207,21924,21925,329,21926,21927,21928,21929,21930,21931,21932,21933,275,81,0,276,277,278,279,280,245,262,281,283,284,285,286,287,288,289,290,291,292,52273,52928,53006,52945,52962,52979,53007,53008,33752,53009,53010,53011,53012,53013,53014,53015,53016,53017,53018,53019,53120,53250,53251,22501,53252,53206,21100,17286,53253,17827,53254,53255,53256,53257,53258,53259,53260,53261,53262,53263,53264,53470,53471,53472,53024,53392,53409,53473,53474,17831,50660,53475,53476,50689,53477,53478,53479,53480,53481,53482,53483,53484,53592,54111,54112,48022,53709,54113,54114,54115,54116,54117,54118,54119,54120,54121,54122,54123,54124,54125,54126,54127,54128,54129,47960,54130,54131,54132,41655,54133,54134,54135,54136,54137,54138,54139,54140,54141,54142,54143,54144,41668,41669,30489,41670,41246,41671,41672,41673,41674,41675,41676,41677,41678,41679,41680,41681,41682,54145,54146,22551,54147,53891,22559,54148,54149,54150,54151,54152,54153,54154,54155,54156,54157,54158,54159,54160,54161,54162,54163,54164,54165,54166,54167,54168,52354,54169,54170,54171,54172,54173,54174,54175,54176,53121,54177,54178,54179,54180,54181,54182,52337,54183,54184,54185,54186,54187,54188,54189,54190,22609,52516,54191,22606,54192,54193,54194,54195,50599,54196,54197,54198,54199,54200,54201,54202,54203,54204,54205,54206,54207,54208,54209,54210,54211,54212,54213,54214,4303,54215,5096,54216,54217,54218,54219,54220,54221,54222,54223,54224,54225,54226,4312,54227,5253,54228,54229,54230,54231,54232,54233,54234,54235,54236,54237,54238,54239,54240,54241,54242,54243,54244,54245,54246,54247,54248,54249,54250,4278,54251,54252,54253,54254,54255,54256,54257,54258,4268,54259,54260,54261,54262,54263,54264,54265,54266,54267,54268,54269,54270,54271,54272,54273,54274,54275,54276,54277,54278,54279
299,676,4429,4430,1687,4431,14,2598,2908,3192,4432,4433,3947,4434,4435,4436,708,4437,4438,4439,4440,4441,4442,4443,4444,6196,9544,9545,7170,9546,37,8034,176,9547,9548,9072,9549,9550,9551,6228,9552,9553,9554,9555,9556,9557,9558,9559,56697,56698,56699,56700,56701,33027,34223,56702,13486,56703,56704,56705,56706,38053,35890,56707,56708,56709,56710,56711,56712,56713,56714,55973,56715,22768,56716,56379,34224,56185,56583,56717,50848,56718,18690,56719,55627,56720,56721,56722,56723,56724,56725,56726,56727,22767,20546,22769,103,21394,21699,21924,22770,22771,9533,22772,22773,7200,22774,22775,22776,22777,22778,22779,22780,22781,22725,56728,56729,22722,56730,56731,56732,56733,56734,50849,56735,56736,27097,56737,56738,56739,56740,56741,56742,56743,56744,293,294,295,0,166,187,207,296,297,263,298,300,301,302,303,304,305,306,307,308,309,8035,32316,34225,32791,33032,33282,34226,34227,33808,34228,34229,9945,34230,34231,34232,34233,34234,34235,34236,34237,35594,38120,38121,21507,38122,36884,201,34183,38123,37757,38124,38125,38126,38127,38128,38129,38130,38131,38132,38133,38134,41683,41684,41685,34240,40253,40534,41686,41687,41247,41688,41689,41690,331,41691,41692,41693,41694,41695,41696,41697,41698,43099,56745,56746,34241,56191,56747,56748,56749,56750,56751,56752,56753,56754,56755,56756,56757,56758,56759,56760,56761,56762,56763,46908,56764,56765,56766,50851,56767,56768,56769,56770,56771,56772,56773,56774,56775,56776,56777,56778,50847,49859,35560,50850,50480,50852,50853,50854,9102,50855,50856,50857,50858,50859,50860,50861,50862,56779,56780,9071,56781,9253,9331,56782,56783,56784,56785,56786,56787,56788,56789,56790,56791,56792,56793,56794,56795,56796,56797,56798,56799,56800,56801,56802,9576,56803,56804,56805,56806,56807,56808,56809,56810,35595,56811,56812,56813,56814,56815,56816,9562,56817,56818,56819,56820,56821,56822,56823,56824,39,9942,9943,9914,9944,9946,9947,9948,9074,9949,9950,9951,9952,9953,9954,9955,9956,9957,9958,56825,56826,56827,56828,56829,56830,56831,56832,56833,4523,56834,56835,56836,56837,56838,56839,56840,56841,56842,56843,56844,56845,56846,4531,56847,56848,38641,56849,56850,56851,56852,56853,56854,56855,56856,56857,56858,38750,56859,56860,56861,56862,56863,56864,56865,56866,56867,56868,56869,4495,56870,56871,56872,56873,56874,56875,56876,56877,4483,56878,56879,56880,56881,56882,56883,56884,56885,56886,42817,56887,56888,10823,56889,56890,56891,42892,56892,56893,10904,56894
300,2714,2734,4353,4445,4446,15,14,2909,4447,4387,4403,4448,4449,4436,4450,690,4451,4452,4453,4454,4455,4456,4457,4458,35604,35421,35442,35605,35606,310,176,29498,9501,35545,35607,35608,35595,35609,9551,35610,35611,35612,35613,35614,35615,35616,35617,35699,35885,35886,35757,35887,177,293,33027,14516,35888,35856,35889,35890,35891,14368,35892,35893,35894,35895,35896,35897,35898,35899,55770,55715,55771,55772,48125,294,45291,55773,55746,55774,55616,18693,55775,14290,55776,55777,55778,55779,55780,55781,55782,55783,55988,56895,56896,311,50863,41699,56897,56599,56396,56898,56811,22782,9560,56899,56900,56901,56902,56903,56904,56905,56906,56907,55730,56908,48351,50799,56909,56910,56911,55950,56912,56913,56914,27080,56915,56916,56917,56918,56919,56920,56921,56922,61,83,312,146,0,188,313,229,247,314,315,316,317,318,319,320,321,322,323,324,325,37,103,295,166,187,207,296,297,263,298,299,301,302,303,304,305,306,307,308,309,36690,36710,38065,38135,38136,36885,208,228,38096,38137,38138,38126,38139,38140,38141,38142,38143,38144,38145,38146,38147,41596,56923,56924,331,41690,56925,56926,56927,56928,56929,56813,56930,30753,56931,56932,56933,56934,56935,56936,56937,56938,45474,56200,56201,332,45386,56202,56130,56144,56203,56204,56191,56205,34241,56206,56207,56208,56209,56210,56211,56212,56213,56395,46913,38050,56397,56354,56398,56399,56385,56400,56401,56402,56403,56404,56405,56406,56407,56408,56409,56939,49796,38219,56940,56941,56942,56814,56943,56944,56945,56946,56947,56948,56949,56950,56951,56952,56953,56954,48324,50772,53151,56955,55760,56956,56957,56958,56959,56960,56961,56962,56963,56964,56965,56966,56967,38053,56719,56812,56753,56769,56815,56802,56816,9562,56817,56818,56819,56820,56821,56822,56823,56824,38221,56968,56969,56970,56971,56972,56973,9711,56974,56975,56976,56977,56978,56979,56980,56981,38,60,9704,9677,9705,9706,9707,9708,9709,9710,9712,9713,9714,9715,9716,9717,9718,9719,9720,38374,56982,56983,56984,56985,56986,56987,56988,56989,4725,56990,56991,56992,38507,56993,56994,56995,56996,56997,56998,56999,57000,57001,4734,57002,57003,38640,57004,57005,57006,57007,57008,57009,57010,57011,4540,57012,38749,57013,57014,57015,57016,57017,57018,57019,57020,57021,4547,57022,4697,57023,57024,57025,57026,57027,57028,57029,57030,4685,57031,57032,57033,57034,57035,57036,57037,57038,4518,57039,57040,57041,57042,57043,57044,4508,57045,57046,57047,57048,57049
301,545,930,4459,1717,4460,16,2599,14,4461,4462,4463,642,4464,708,690,4465,4466,4467,4468,4469,4470,4471,4472,4473,7774,7775,7776,105,7777,326,156,30,7778,7779,7780,7781,39,7765,7782,7783,7784,7785,7786,7787,7788,7789,7790,11055,11414,12922,12796,12923,54,12831,12848,12867,12924,12894,12925,12926,60,12927,12928,12929,12930,12931,12932,12933,12934,12935,23085,57050,23130,57051,57052,34238,55746,57053,57054,9100,57055,18692,9704,57056,57057,57058,57059,57060,57061,57062,57063,57064,23129,23103,23131,329,23132,21924,23133,23134,23135,23136,9914,22784,23137,23138,23139,23140,23141,23142,23143,23144,23145,23101,57065,57066,50878,56412,56615,57067,57068,14301,9101,9912,14288,27098,57069,57070,57071,57072,57073,57074,57075,57076,327,328,330,147,167,0,331,332,333,334,335,317,336,337,338,339,340,341,342,343,344,29134,32330,34239,32792,166,34240,34241,34242,32045,34243,9945,34244,34245,34246,34247,34248,34249,34250,34251,34252,37,293,294,103,295,187,207,296,297,263,298,299,300,302,303,304,305,306,307,308,309,57077,57078,57079,34475,41689,57080,57081,57082,9102,57083,9946,56813,30992,57084,57085,57086,57087,57088,57089,57090,57091,57092,57093,57094,34476,56205,57095,57096,56401,57097,57098,56753,9707,57099,57100,57101,57102,57103,57104,57105,57106,57107,57108,46892,13222,57109,57110,9104,57111,57112,9708,57113,57114,57115,57116,57117,57118,57119,57120,57121,9099,8993,35,9103,9105,9106,9074,9090,9107,9108,9109,9110,9111,9112,9113,9114,9115,57122,57123,57124,57125,53165,57126,57127,57128,57129,57130,57131,57132,57133,57134,57135,57136,57137,57138,57139,9942,9943,9944,9947,9948,9949,9576,9562,9950,9951,9952,9953,9954,9955,9956,9957,9958,38,9677,9705,9706,9709,9710,9711,9712,9713,9714,9715,9716,9717,9718,9719,9720,30847,34350,57140,57141,57142,57143,57144,57145,57146,57147,57148,57149,57150,57151,57152,57153,57154,57155,57156,34566,57157,57158,57159,57160,57161,57162,57163,57164,4984,57165,4541,57166,34712,57167,57168,57169,57170,57171,57172,57173,57174,57175,4992,57176,4548,31361,57177,57178,57179,57180,57181,57182,4524,57183,57184,57185,31485,57186,57187,57188,57189,57190,57191,57192,4532,57193,57194,57195,4958,4516,57196,57197,57198,57199,57200,57201,57202,4947,4506,57203,57204,57205,57206,57207,57208,57209,57210,4496,57211,57212,57213,57214,57215,57216,4485,57217,57218,57219,57220
37,437,670,671,502,672,1,564,585,14,673,674,640,675,676,677,678,679,680,681,682,683,684,685,686,5957,6190,6191,6022,6192,25,6084,6105,6193,6194,6160,6195,6196,6197,6198,6199,6200,6201,6202,6203,6204,6205,6206,9446,9447,9448,9449,9450,6472,6471,9451,6490,9452,9453,9454,9455,8167,6559,9456,9457,9458,9459,9460,9461,9462,9463,7467,9464,7167,9465,8847,8029,8611,9327,9466,9068,9467,6884,9468,6554,9469,9470,9471,9472,9473,9474,9475,9476,7166,7029,124,28,7087,179,103,7168,7169,6179,7170,7171,6226,7172,7173,7174,7175,7176,7177,7178,7179,7047,9477,9478,123,9479,9480,9481,9482,9483,7408,9484,9485,7500,9486,9487,9488,9489,9490,9491,9492,9493,26,27,29,30,31,32,0,33,34,35,36,38,39,40,41,42,43,44,45,46,47,6085,7886,8030,7922,7940,160,8031,8032,8002,8033,8034,8035,8036,8037,8038,8039,8040,8041,8042,8043,8146,8335,8336,7097,8337,8241,140,7972,8338,259,8339,176,310,8340,8341,8342,8343,8344,8345,8346,8347,293,294,295,166,187,207,296,297,263,298,299,300,301,302,303,304,305,306,307,308,309,8441,9494,9495,8048,8617,9496,9497,9498,9499,9500,9501,9502,9503,9504,9505,9506,9507,9508,9509,9510,9511,9512,8750,9513,9514,9515,9070,9516,9517,9518,9519,9520,9521,9522,9523,9524,9525,9526,9527,9067,8992,8144,9069,9041,9071,9072,9073,9074,9075,9076,9077,9078,9079,9080,9081,9082,9528,9529,6159,9530,9256,7155,9531,9532,9533,9534,9535,9536,9537,9538,9539,9540,9541,9542,9543,9544,9545,9546,9547,9548,9549,9550,9551,6228,9552,9553,9554,9555,9556,9557,9558,9559,8147,9560,9561,9562,9563,9564,9565,6210,9566,9567,9568,9569,9570,9571,9572,9573,6065,6450,9574,7200,9575,9576,9577,9578,6162,9579,9580,9581,9582,9583,9584,9585,9586,9587,9588,9589,9590,9591,9592,9593,9594,9595,9596,4509,769,9597,9598,9599,9600,9601,9602,9603,9604,9605,9606,4498,9607,9608,776,9609,9610,9611,9612,9613,4481,9614,9615,9616,9617,9618,9619,9620,9621,9622,9623,4494,9624,9625,9626,9627,9628,9629,9630,9631,742,9632,4527,9633,9634,9635,4520,9636,9637,731,9638,4534,9639,9640,9641,9642,4528,9643,9644,9645,9646,9647,9648,9649,9650,9651,9652,9653,9654,9655,9656
60,805,1034,1035,869,1036,2,930,951,970,690,1037,1004,1038,1039,1040,1041,1042,1043,1044,1045,1046,1047,1048,1049,10931,11138,11139,10994,11140,48,11054,11075,8629,11141,11108,11142,11143,11144,11145,11146,11147,11148,11149,11150,11151,11152,11153,14269,14270,14271,14272,14273,11415,11414,14274,11434,14275,14276,14277,14278,13052,11503,14279,14280,14281,14282,14283,14284,14285,14286,12380,14287,12082,14288,13696,12922,294,14150,9704,13892,14289,11804,14290,11498,14291,14292,14293,14294,14295,14296,14297,14298,12081,11943,12083,51,12001,12022,12038,6901,12084,11127,12085,12086,11173,12087,12088,12089,12090,12091,12092,12093,12094,11962,14299,14300,11960,14301,14302,14303,14304,14305,12324,14306,14307,12413,14308,14309,14310,14311,14312,14313,14314,14315,49,50,52,53,54,55,56,0,57,58,59,61,62,63,64,65,66,67,68,69,70,11055,12796,12923,12831,12848,12867,301,12924,12894,12925,12926,12927,12928,12929,12930,12931,12932,12933,12934,12935,13031,13219,13220,12011,13221,13126,12020,166,13222,13193,13223,9942,293,13224,13225,13226,13227,13228,13229,13230,13231,13466,13467,13468,12940,13389,13408,6572,13469,13439,13470,13471,13472,12686,13473,13474,13475,13476,13477,13478,13479,13480,38,9677,9705,317,300,9706,9707,9708,9709,9710,9562,9711,9712,9713,9714,9715,9716,9717,9718,9719,9720,14316,13599,14317,14318,14319,13893,14320,14321,14322,14323,14324,14325,14326,14327,14328,14329,14330,14331,13891,13834,13029,8865,13865,13894,13895,13896,13897,13898,13899,13900,13901,13902,13903,13904,13905,14332,14333,11107,14334,14080,12070,14335,14336,14337,14338,14339,14340,14341,14342,14343,14344,14345,14346,14347,14348,14349,14350,9755,14351,14352,14353,14354,11175,14355,14356,14357,14358,14359,14360,14361,14362,13032,14363,14364,14365,14366,14367,14368,11157,14369,14370,14371,14372,14373,14374,14375,14376,11036,11393,14377,12114,14378,14379,14380,14381,11110,14382,14383,14384,14385,14386,14387,14388,14389,14390,14391,14392,14393,14394,9809,14395,14396,14397,14398,5019,1133,14399,14400,14401,14402,14403,14404,9819,14405,14406,14407,5176,14408,14409,1141,14410,14411,14412,14413,14414,14415,14416,14417,14418,14419,14420,14421,14422,14423,14424,14425,14426,14427,14428,14429,14430,14431,14432,14433,14434,1103,14435,14436,14437,14438,14439,14440,14441,14442,1093,14443,14444,14445,14446,14447,14448,14449,14450,14451,14452,9838,14453,14454,14455,14456,14457,14458,9829,14459,14460,14461
82,1165,1370,1371,1205,1372,3,1266,1287,1307,1373,1374,1343,482,1375,1376,1377,1378,1379,1380,1381,1382,1383,1384,1385,15719,15856,15857,15774,15858,71,15825,15846,15859,15860,6742,15861,15862,15863,15864,15865,15866,15867,15868,15869,15870,15871,15872,18672,18673,18674,18675,18676,178,11742,18677,11762,18678,18679,18680,18681,17430,11809,18682,18683,18684,18685,18686,18687,18688,18689,16726,18690,16440,18691,294,17296,18155,18555,18692,18349,6884,16171,18693,11804,18694,18695,18696,18697,18698,18699,18700,18701,16439,16316,16441,73,16373,16394,16410,16442,16443,6723,16444,16445,15891,16446,16447,16448,16449,16450,16451,16452,16453,16333,18702,18703,198,18704,18705,18706,18707,18708,16684,18709,18710,16759,18711,18712,18713,18714,18715,18716,18717,18718,50,72,74,75,76,77,78,79,0,80,81,83,84,85,86,87,88,89,90,91,92,15826,17171,17297,17206,17223,17242,17298,17299,17270,17300,17301,17302,17303,17304,17305,17306,17307,17308,17309,17310,17410,17596,17597,16383,17598,17504,16392,17257,17599,17571,17600,17601,17602,17603,17604,17605,17606,17607,17608,17609,17610,17875,17876,17877,17315,17775,17795,17878,17879,17846,17880,17881,17882,17056,17883,17884,17885,17886,17887,17888,17889,17890,18003,18719,18720,328,18161,18721,18722,18723,18724,18725,18726,18727,18728,18729,18730,18731,18732,18733,18734,18735,18736,18737,136,18738,18739,18740,18351,6886,18741,18742,18743,18744,18745,18746,18747,18748,18749,18750,18751,18348,18274,17408,18350,18323,6856,18352,18353,18354,18355,18356,18357,18358,18359,18360,18361,18362,6684,6883,27,6783,6804,6820,6885,6002,6887,6888,6889,6890,6891,6892,6893,6894,6895,6896,6897,18752,18753,18754,18755,18756,18757,18758,18759,15893,18760,18761,18762,18763,18764,18765,18766,18767,17411,18768,18769,18770,18771,18772,18773,11806,18774,18775,18776,18777,18778,18779,18780,18781,15810,11722,18782,16474,18783,18784,18785,18786,6744,18787,18788,18789,18790,18791,18792,18793,18794,18795,18796,18797,18798,18799,18800,18801,18802,18803,18804,18805,1466,18806,18807,18808,18809,18810,18811,18812,18813,18814,18815,18816,18817,18818,1475,18819,18820,18821,18822,18823,18824,18825,18826,18827,18828,18829,18830,18831,18832,18833,18834,18835,18836,18837,18838,18839,18840,18841,18842,18843,359,18844,18845,18846,18847,18848,18849,18850,18851,346,18852,18853,18854,18855,18856,18857,18858,18859,18860,18861,18862,18863,18864,18865,18866,18867,18868,18869,18870,18871,18872
103,502,1682,1683,1521,1684,4,1582,1603,1620,1685,1686,14,659,1687,1688,706,1689,1690,1691,1692,1693,1694,1695,1696,6022,7166,7167,7029,124,28,7087,179,7168,7169,37,6179,7170,7171,6226,7172,7173,7174,7175,7176,7177,7178,7179,22688,22689,22690,22691,22692,20243,20242,22693,13340,22694,22695,22696,22697,21528,20258,22698,22699,22700,22701,22702,22703,22704,22705,20824,22706,20542,22707,22367,21389,22168,22571,22708,294,9327,16440,22709,20253,22710,22711,22712,22713,22714,22715,22716,22717,20541,20399,20543,94,20458,20479,20496,20544,20545,7155,20546,20547,7198,20548,20549,20550,20551,20552,20553,20554,20555,20418,22718,22719,199,22720,22721,22722,22723,22724,295,22725,22726,20857,22727,22728,22729,22730,22731,22732,22733,22734,93,73,95,96,97,98,99,100,101,0,102,104,105,106,107,108,109,110,111,112,113,7088,21244,21390,21280,21298,21317,21391,21392,21361,21393,21394,9913,21395,21396,21397,21398,21399,21400,21401,21402,21507,21694,21695,20468,21696,21602,20477,21332,21697,201,21698,21699,21700,21701,21702,21703,21704,21705,21706,21707,21708,21919,21920,21921,21407,21853,21872,21922,21923,207,282,21924,21925,329,21926,21927,21928,21929,21930,21931,21932,21933,22036,22735,22736,21408,22174,22737,22738,22739,22740,22741,22742,22743,22744,22745,22746,22747,22748,22749,22750,22751,22752,9516,22288,22753,22754,22755,297,9329,22756,22757,22758,22759,22760,22761,22762,22763,22764,22765,22766,293,166,187,296,263,298,299,300,301,302,303,304,305,306,307,308,309,9071,9326,36,9243,9261,9278,9328,9330,9331,9332,9333,9334,9335,9336,9337,9338,9339,9340,9341,22767,22768,22769,22770,22771,9533,22772,22773,7200,22774,22775,22776,22777,22778,22779,22780,22781,21508,22782,22783,22784,22785,22786,22787,7183,22788,22789,22790,22791,22792,22793,22794,22795,7068,9910,9894,9911,9912,9914,9915,9916,39,9917,9918,9919,9920,9921,9922,9923,9924,9925,9926,22796,22797,22798,22799,22800,10196,22801,22802,22803,1778,22804,22805,22806,22807,22808,22809,22810,22811,10334,22812,22813,22814,22815,1787,22816,22817,22818,22819,22820,22821,4507,22822,22823,22824,22825,22826,4499,22827,22828,22829,22830,4519,22831,22832,22833,22834,4510,22835,22836,1752,22837,22838,22839,22840,22841,22842,22843,22844,1740,22845,22846,22847,22848,22849,22850,22851,22852,22853,22854,22855,22856,10822,22857,22858,22859,22860,22861,22862,10903,22863
124,1813,1993,1994,1541,1995,5,1894,1915,1935,1996,1997,672,502,1998,1999,2000,2001,2002,2003,2004,2005,2006,2007,2008,24132,24255,24256,20667,24257,114,24192,24213,24258,24259,7047,24260,24261,24262,24263,24264,24265,24266,24267,24268,24269,24270,24271,26666,26667,26668,26669,26670,24463,24462,26671,24478,26672,26673,26674,26675,25531,24509,26676,26677,26678,26679,26680,26681,26682,26683,24805,26684,20824,26685,26433,25394,26270,294,9494,9465,7167,16726,26686,24504,26687,26688,26689,26690,26691,26692,26693,26694,20823,20418,20825,95,20744,20765,295,20826,20827,7029,20828,20829,20830,20831,20832,20833,20834,20835,20836,20837,20838,20704,26695,26696,20701,26697,26698,26699,26700,26701,9478,26702,26703,24838,26704,26705,26706,26707,26708,26709,26710,26711,115,74,116,117,118,119,120,121,122,123,0,125,126,127,128,129,130,131,132,133,134,24193,25252,25395,25288,25306,25325,25396,25397,25368,25398,25399,25400,25401,25402,25403,25404,25405,25406,25407,25408,25511,25699,25700,20754,25701,25605,20763,25340,25702,25674,25703,25704,25705,25706,25707,25708,25709,25710,25711,25712,25713,25979,25980,25981,25413,25879,25899,25982,9514,9481,263,9546,25983,25137,25984,25985,25986,25987,25988,25989,25990,25991,26102,26712,26713,25414,26276,26714,26715,26716,9498,26717,26718,26719,26720,26721,26722,26723,26724,26725,26726,26727,26728,26729,26385,26730,26731,26732,9483,7169,26733,26734,26735,26736,26737,26738,26739,26740,26741,26742,26743,9477,9479,9480,9482,7408,37,9484,9485,7500,9486,9487,9488,9489,9490,9491,9492,9493,6022,7166,28,7087,179,103,7168,6179,7170,7171,6226,7172,7173,7174,7175,7176,7177,7178,7179,26744,26745,26746,26747,26748,26749,26750,26751,24292,26752,26753,26754,26755,26756,26757,26758,26759,25512,26760,26761,26762,26763,26764,26765,24275,26766,26767,26768,26769,26770,26771,26772,26773,20862,17189,26774,20859,26775,26776,26777,26778,7049,26779,26780,26781,26782,26783,26784,26785,26786,26787,26788,26789,26790,26791,26792,26793,26794,26795,26796,26797,2087,26798,26799,5051,26800,26801,26802,26803,26804,26805,26806,26807,26808,26809,2096,5208,26810,26811,26812,26813,26814,26815,26816,26817,26818,26819,26820,26821,26822,26823,26824,26825,26826,26827,26828,26829,26830,26831,26832,26833,2062,26834,26835,26836,26837,26838,26839,26840,26841,2052,26842,26843,26844,26845,26846,26847,26848,26849,26850,26851,26852,26853,26854,26855,26856,26857,26858,26859,26860,26861,26862
166,565,951,2593,2447,2594,7,2483,2501,2520,2595,2596,2565,2597,2598,14,2599,2600,2601,2602,2603,2604,2605,2606,2607,8044,8045,6842,8046,8047,156,7923,31,8048,8049,8050,8051,8035,39,8052,8053,8054,8055,8056,8057,8058,8059,8060,13031,13219,13220,12011,13221,55,12848,13126,12020,13222,13193,13223,9942,293,60,13224,13225,13226,13227,13228,13229,13230,13231,32550,34148,32312,34149,33645,32786,33459,34045,34150,33804,34151,17296,294,12922,34152,34153,34154,34155,34156,34157,34158,34159,32311,32182,32313,157,32218,32238,32254,32314,32315,32062,32316,22785,32075,32317,32318,32319,32320,32321,32322,32323,32324,32198,34160,34161,32197,34162,34163,34164,34165,34166,32527,34167,22695,27102,34168,34169,34170,34171,34172,34173,34174,34175,54,76,158,139,159,160,161,162,163,164,165,0,167,168,169,170,171,172,173,174,175,32014,32657,32787,32693,13162,32713,32788,32789,32758,32790,32791,32792,32793,32794,32795,32796,32797,32798,32799,32800,8034,33027,33028,32228,33029,32938,29199,32728,33030,33003,33031,33032,187,33033,33034,33035,33036,33037,33038,33039,33040,33276,33277,33278,32805,33179,33198,33279,33280,33249,33281,33282,201,200,33283,33284,33285,33286,33287,33288,33289,33290,33365,34176,34177,230,228,34178,34179,34180,34181,34182,34183,296,34184,34185,34186,34187,34188,34189,34190,34191,34192,34193,33572,34194,34195,34196,33806,34197,34198,297,34199,34200,34201,34202,34203,34204,34205,34206,34207,33803,33764,8002,33805,33779,33807,33808,21361,33809,33810,33811,33812,33813,33814,33815,33816,33817,34208,34209,32044,34210,33978,32301,34211,34212,34213,22740,34214,34215,34216,34217,34218,34219,34220,34221,34222,34223,34224,34225,34226,34227,34228,34229,299,9945,34230,34231,34232,34233,34234,34235,34236,34237,37,103,295,207,263,298,300,301,302,303,304,305,306,307,308,309,29134,12831,34238,32330,34239,34240,34241,34242,32045,34243,34244,34245,34246,34247,34248,34249,34250,34251,34252,34253,34254,34255,34256,34257,34258,34259,34260,34261,2676,34262,34263,34264,34265,34266,34267,34268,34269,34270,34271,34272,34273,34274,2685,34275,34276,34277,34278,34279,34280,34281,34282,34283,34284,34285,34286,4544,34287,34288,34289,34290,34291,34292,34293,34294,34295,4537,34296,34297,2648,34298,34299,34300,34301,34302,34303,34304,34305,2636,34306,34307,34308,34309,34310,34311,34312,34313,34314,34315,34316,4507,34317,34318,34319,34320,34321,34322,4519,34323,34324
187,2713,2903,2904,1592,2905,8,2501,2808,1601,2535,2906,2877,2907,2908,2909,14,2910,2911,2912,2913,2914,2915,2916,2917,35397,35588,35589,21497,35590,176,32927,29396,35591,35592,35560,35593,35594,35595,9550,35596,35597,35598,35599,35600,35601,35602,35603,38044,38045,38046,38047,38048,32928,33027,38049,35825,38050,38051,38052,38053,36710,35891,38054,38055,38056,38057,38058,38059,38060,38061,36582,38062,21499,38063,37561,33028,37365,21546,33459,37754,38064,18674,38065,35886,38066,38067,38068,38069,38070,38071,38072,38073,21498,21500,21501,179,21502,21503,98,21504,21505,21506,21507,21508,7170,21509,21510,21511,21512,21513,21514,21515,21516,36245,38074,38075,36242,38076,38077,38078,38079,38080,36525,38081,38082,27103,38083,38084,38085,38086,38087,38088,38089,38090,177,178,180,140,160,181,182,183,184,185,186,188,0,189,190,191,192,193,194,195,196,8034,32228,33029,13162,32938,29199,32728,33030,33003,33031,33032,166,33033,33034,33035,33036,33037,33038,33039,33040,36689,36879,36880,36272,36881,36784,29419,32972,36882,36853,36883,36884,36885,36886,36887,36888,36889,36890,36891,36892,36893,21665,21545,21580,161,21666,21619,21667,21653,21668,21669,201,21670,141,21671,21672,21673,21674,21675,21676,21677,21678,29804,33380,33460,162,17556,33399,33461,33462,33431,33463,33464,228,32788,33465,33466,33467,33468,33469,33470,33471,33472,38091,37468,38092,38093,38094,37756,21648,38095,38096,34180,38097,38098,38099,38100,38101,38102,38103,38104,37753,37681,36687,37755,37729,21679,37757,37758,205,37759,37760,37761,37762,37763,37764,37765,37766,38105,38106,35559,38107,37916,21562,38108,38109,21698,38110,38111,38112,38113,38114,38115,38116,38117,38118,38119,38120,38121,38122,34183,38123,38124,38125,38126,299,38127,38128,38129,38130,38131,38132,38133,38134,36690,38135,38136,208,38137,38138,38139,300,38140,38141,38142,38143,38144,38145,38146,38147,37,293,294,103,295,207,296,297,263,298,301,302,303,304,305,306,307,308,309,38148,38149,38150,34610,38151,38152,38153,38154,38155,2980,38156,38157,4545,38158,38159,38160,34756,38161,38162,38163,38164,38165,38166,2988,4538,38167,38168,38169,38170,31398,38171,38172,38173,38174,4529,38175,38176,38177,38178,38179,31522,38180,38181,38182,4521,38183,38184,38185,38186,2953,38187,38188,38189,4505,38190,38191,38192,38193,2942,38194,38195,38196,4517,38197,38198,38199,38200,38201,38202,38203,38204,4484,38205,38206,38207,38208,38209,38210,4497,38211
303,680,4486,4487,1690,4488,18,2601,2911,3195,4489,4490,3951,4491,4438,4452,4467,14,4492,4493,4494,4495,406,4496,4497,6200,9600,9601,7173,9602,41,8037,8341,9603,9604,9076,9605,9553,9567,9582,37,9606,4498,9607,9608,776,9609,9610,57355,57356,57357,57358,57359,33053,34265,57360,13489,57361,57362,57363,57364,38507,57365,4343,57366,57367,4342,57368,5739,57369,57370,57371,57372,22808,57373,57374,34266,57375,57376,57377,50905,57378,18698,56993,57379,4358,57380,57381,57382,57383,4355,57384,57385,22807,20549,22809,107,21396,21702,21927,22810,22811,10334,22775,22789,9920,103,22812,22813,22814,22815,1787,22816,22817,23471,57386,57387,23468,57388,57389,57390,57391,57392,50906,57393,57394,27111,4377,57395,57396,57397,57398,5740,57399,4372,358,359,360,149,169,190,211,361,362,267,363,319,338,0,364,365,366,367,368,369,370,8054,32318,34267,32794,33034,33284,34268,34269,33811,34270,34231,34246,166,34271,34272,34273,34274,2685,34275,34276,35597,38158,38159,21510,38160,36887,21672,34756,38161,37760,38162,38128,38141,187,38163,38164,38165,38166,2988,4538,38167,41724,41725,41726,34400,40256,40537,41727,41728,41250,41729,41692,41706,30916,207,41730,41731,4512,41732,3287,41733,41734,43104,57400,57401,34504,57402,57403,57404,57405,57406,57407,57408,56995,57409,4392,57410,4390,57411,57412,5741,57413,57414,57415,46920,57416,57417,57418,50908,57419,57420,56996,57421,4410,57422,57423,57424,4406,5742,57425,57426,50904,49862,35563,50907,50484,50909,50856,50870,50885,263,50910,50911,50912,50913,4048,50914,50915,57427,57428,9133,57429,53176,23513,57430,57431,57432,57433,57434,4428,57435,57436,57437,57438,5743,4422,57439,56837,56838,56839,56840,56841,56842,56804,56818,9952,299,56843,56844,56845,56846,4531,56847,56848,35611,56900,56994,56932,56946,56997,56975,9714,300,56998,56999,57000,57001,4734,57002,57003,7784,34712,57167,23139,57168,57085,57169,57170,9109,57171,57150,301,57172,57173,57174,57175,4992,57176,4548,293,294,295,296,297,298,302,304,305,306,307,308,309,57440,57441,57442,57443,57444,57445,57446,57447,57448,57449,5306,57450,57451,57452,57453,57454,3196,57455,57456,57457,57458,5436,57459,57460,682,57461,57462,57463,57464,57465,57466,57467,5564,57468,57469,57470,5271,57471,57472,4441,57473,57474,57475,57476,5691,22,5720,5732,5744,5745,5746,5747,5748,57477,57478,57479,57480,57481,4472,57482,57483,57484,2917,57485,57486,57487,57488
302,679,4474,4475,1689,4476,17,2600,2910,3194,4477,4478,3950,4479,4437,4451,4466,4480,14,4481,4482,397,4483,4484,4485,6199,9589,9590,7172,9591,40,8036,8340,9592,9593,9075,9594,9552,9566,9581,9595,37,9596,4509,769,9597,9598,9599,57221,57222,57223,57224,57225,33041,34253,57226,13490,57227,57228,57229,57230,38374,57231,57232,4344,4341,57233,5638,57234,57235,57236,57237,57238,22797,57239,57240,34254,57241,57242,57243,50893,57244,18699,56982,57245,57246,4359,57247,57248,4354,57249,57250,57251,22796,20548,22798,106,21395,21701,21926,22799,22800,10196,22774,22788,9919,22801,103,22802,22803,1778,22804,22805,22806,23322,57252,57253,23319,57254,57255,57256,57257,57258,50894,57259,57260,27112,57261,4378,57262,57263,5639,57264,4371,57265,345,346,347,148,168,189,210,348,349,266,350,318,337,351,0,352,353,354,355,356,357,8053,32317,34255,32793,33033,33283,34256,34257,33810,34258,34230,34245,34259,166,34260,34261,2676,34262,34263,34264,35596,38148,38149,21509,38150,36886,21671,34610,38151,37759,38152,38127,38140,38153,187,38154,38155,2980,38156,38157,4545,41713,41714,41715,34399,40255,40536,41716,41717,41249,41718,41691,41705,30915,41719,207,4501,41720,3280,41721,41722,41723,43103,57266,57267,34492,57268,57269,57270,57271,57272,57273,57274,56984,57275,57276,4391,57277,4389,5640,57278,57279,57280,57281,46919,57282,57283,57284,50896,57285,57286,56985,57287,57288,4409,57289,57290,5641,4405,57291,57292,50892,49861,35562,50895,50483,50897,50855,50869,50884,50898,263,50899,50900,4039,50901,50902,50903,57293,57294,9121,57295,53175,23364,57296,57297,57298,57299,57300,57301,4427,57302,57303,5642,57304,57305,4421,56825,56826,56827,56828,56829,56830,56803,56817,9951,56831,299,56832,56833,4523,56834,56835,56836,35610,56899,56983,56931,56945,56986,56974,9713,56987,300,56988,56989,4725,56990,56991,56992,7783,34566,57157,23138,57158,57084,57159,57160,9108,57161,57149,57162,301,57163,57164,4984,57165,4541,57166,57306,57307,57308,57309,57310,57311,57312,57313,57314,5141,57315,57316,57317,293,294,295,296,297,298,303,304,305,306,307,308,309,681,57318,57319,57320,57321,57322,57323,5427,57324,57325,57326,57327,57328,57329,3197,57330,57331,57332,5557,57333,57334,57335,5590,21,5619,5631,5643,5644,5645,5646,5647,57336,5115,57337,57338,4442,57339,57340,57341,57342,57343,57344,2916,57345,57346,57347,57348,57349,57350,57351,57352,57353,4473,57354
305,4509,4344,4357,4510,4511,20,2603,2913,4512,4392,4408,4513,4514,4440,4454,4469,4482,4494,14,4515,4516,4517,4518,4519,57606,57607,57608,38763,57609,382,33074,29544,9504,57610,57611,57612,38750,57613,57614,57327,682,679,57615,10586,57616,57617,57618,55672,55513,55527,55673,55674,13240,13227,55577,15330,55590,55675,55676,55635,35895,14372,4474,55657,293,55677,55678,55679,55680,55681,55817,55720,55818,55819,48129,34155,45295,55820,55750,55821,55822,18697,55779,14294,55791,55802,294,55823,55824,55825,55826,55827,57619,57620,57621,383,57622,57623,57624,57625,56461,57626,56859,22794,57627,57328,57461,1695,57628,57629,57630,57631,1692,57632,57633,57634,49121,57635,57636,57637,57638,56462,57639,57640,57641,27109,57642,57643,4375,57644,57645,4374,57646,57647,66,88,384,151,171,192,385,234,252,386,387,321,340,353,366,0,388,389,390,391,392,34287,34288,34289,32796,33036,34290,34188,34203,34291,34292,34233,34248,34261,34273,166,34293,34294,34295,4537,34296,38177,38057,38069,38178,38179,36889,31522,33468,38100,38180,38181,38130,38143,38155,38165,187,38182,4521,38183,38184,38185,41598,57648,57649,34525,57650,57651,57652,57653,57654,57655,56861,57656,31041,3197,57463,3195,57657,57658,42628,57659,57660,46223,56262,56263,34418,45390,56264,56135,56149,56265,56266,56195,56209,56225,56236,4489,296,56267,56268,56269,56270,56271,56460,46918,56327,56463,56359,56464,56465,56390,56405,56422,56434,56445,297,56466,56467,56468,56469,56470,57661,49868,38747,57662,57663,57664,56862,57665,57666,57330,57464,3957,57667,57668,57669,3953,57670,57671,57672,49083,57673,53174,57674,57675,57676,57677,57678,57679,57680,57681,4426,57682,4424,57683,57684,57685,56710,56723,56860,56758,56774,56863,56806,56820,9954,56833,56845,299,56864,56865,56866,56867,56868,38749,57013,57014,57015,57016,57017,56977,9716,56989,57000,300,57018,57019,57020,57021,4547,31485,12931,57060,57186,57187,57188,57103,57117,57189,57190,57152,57164,57174,301,57191,57192,4532,57193,57194,57233,57248,57329,4389,57290,57331,57314,302,57332,5557,57333,57334,57335,4342,57382,57462,57411,57424,57465,57448,303,57466,57467,5564,57468,57469,37,103,295,207,263,298,304,306,307,308,309,57686,57687,57688,57689,57690,57691,57692,57693,57694,57695,57696,57697,5291,57698,57699,57700,4470,57701,57702,57703,57704,5135,2915,57705,57706,57707,57708,57709,57710,57711,57712,57713,57714,4457,57715,57716,57717,2607,57718,57719,57720,57721,57722
304,4498,4343,4356,4499,4500,19,2602,2912,4501,4391,4407,4502,4503,4439,4453,4468,4481,4493,4504,14,4505,4506,4507,4508,57489,57490,57491,38654,57492,371,33065,29534,9505,57493,57494,57495,38641,57496,57497,681,57452,57498,680,57499,10483,57500,57501,55662,55512,55526,55663,55664,13239,13226,55576,15205,55589,55665,55666,55634,35894,14371,55646,4486,55667,293,55668,55669,55670,55671,55806,55719,55807,55808,48128,34154,45294,55809,55749,55810,55811,18696,55778,14293,55790,55801,55812,294,55813,55814,55815,55816,57502,57503,57504,372,57505,57506,57507,57508,56450,57509,56849,22795,57510,57318,57453,57511,1696,57512,57513,1691,57514,57515,57516,57517,49003,57518,57519,57520,57521,56451,57522,57523,57524,27110,57525,57526,57527,4376,4373,57528,57529,57530,65,87,373,150,170,191,374,233,251,375,376,320,339,352,365,377,0,378,379,380,381,34277,34278,34279,32795,33035,34280,34187,34202,34281,34282,34232,34247,34260,34272,34283,166,34284,34285,34286,4544,38168,38056,38068,38169,38170,36888,31398,33467,38099,38171,38172,38129,38142,38154,38164,38173,187,38174,4529,38175,38176,41597,57531,57532,34516,57533,57534,57535,57536,57537,57538,56851,57539,31031,57320,3196,57540,3194,42514,57541,57542,57543,46104,56252,56253,34417,45389,56254,56134,56148,56255,56256,56194,56208,56224,4477,56247,56257,296,56258,56259,56260,56261,56449,46917,56326,56452,56358,56453,56454,56389,56404,56421,56433,56444,56455,297,56456,56457,56458,56459,57544,49867,38638,57545,57546,57547,56852,57548,57549,57321,57455,57550,3956,57551,57552,57553,3952,57554,57555,48965,57556,53173,57557,57558,57559,57560,57561,57562,57563,57564,57565,4425,57566,4423,57567,57568,56709,56722,56850,56757,56773,56853,56805,56819,9953,56832,56844,56854,299,56855,56856,56857,56858,38640,57004,57005,57006,57007,57008,56976,9715,56988,56999,57009,300,57010,57011,4540,57012,31361,12930,57059,57177,57178,57179,57102,57116,57180,57181,57151,57163,57173,57182,301,4524,57183,57184,57185,4341,57247,57319,57277,57289,57322,57313,57323,302,5427,57324,57325,57326,57367,57381,57454,4390,57423,57456,57447,57457,303,57458,5436,57459,57460,57569,57570,57571,57572,57573,57574,57575,57576,57577,57578,57579,37,103,295,207,263,298,305,306,307,308,309,57580,5281,2914,57581,57582,57583,57584,57585,57586,57587,5125,57588,57589,57590,4471,57591,57592,57593,57594,2606,57595,57596,57597,57598,57599,57600,57601,57602,57603,4458,57604,57605
406,5691,5739,4355,1787,5740,22,2685,5720,5732,5741,5742,4048,5743,5744,4734,5745,307,5306,5436,5564,303,5746,5747,5748,70324,70431,70432,23884,26649,402,35183,51982,70433,70434,51962,70435,70436,60134,70437,4528,66484,57587,70438,9610,70439,776,70440,70909,70910,55795,70911,70912,14639,15525,70913,15538,70914,70915,70916,70917,60172,14641,55669,70918,67841,55659,4486,70919,70920,57483,26688,55796,22711,55797,48127,34153,45293,54104,55798,50792,55799,18695,55777,14292,294,55800,55801,55802,4487,55803,55804,55805,23929,20642,23930,111,21480,23912,23922,23931,23932,23933,23934,23030,23935,1694,23562,23671,23771,1690,23936,23937,23938,20922,70921,70922,20921,70923,70924,70925,70926,70927,27880,70928,70929,27899,56055,70930,57454,70931,4488,70932,70933,56021,68,90,132,403,173,404,405,236,254,271,290,323,407,355,368,379,390,0,408,409,410,35166,32400,35209,32875,35191,35203,35210,35211,33892,35212,35213,35214,2605,34834,34949,35056,2601,35215,35216,35217,70613,70725,70726,23902,70727,70679,23911,33539,70728,51994,70729,70730,46469,4529,66497,67825,2988,38164,70731,57886,70732,70856,70857,70858,35221,70795,70809,70859,70860,51998,50752,70861,60160,52016,4530,66506,70862,57705,41733,70863,70864,3287,46426,70934,70935,35222,45626,70936,70937,70938,70939,70940,70941,60174,70942,56269,70943,56249,69137,4489,70944,57480,70945,70946,49310,70947,70948,70949,52006,70950,70951,60175,70952,56484,57444,67843,69138,4490,70953,70954,70955,52004,49943,51989,52005,50574,52007,52008,51148,52009,3955,51646,51755,51855,3951,52010,52011,52012,70956,70957,22665,70958,55271,22669,70959,70960,70961,70962,70963,56684,70964,70965,57465,4491,70966,56649,70967,70968,70969,70970,70971,70972,70973,70974,60177,70454,4531,66516,67844,69140,56843,57880,70975,70976,60132,58374,60173,60165,58981,60176,59357,15546,4456,59811,59924,60029,4452,60178,60179,60180,23946,13007,70977,23943,70978,70979,70980,70981,51964,70982,70983,4532,66517,4992,69141,57174,70984,70985,57895,4346,4359,4376,4394,4410,4426,4483,4506,4517,14,4533,4534,4535,66511,57380,66512,66513,66514,66515,66221,66313,66400,4492,5766,66518,66519,67800,66959,67842,57850,67415,57436,67707,4493,67845,67846,67847,57822,68267,57397,69131,68723,69139,69015,4494,69142,69143,69144,680,18,2911,3195,4438,4467,4495,4496,4497,70986,5151,70987,70988,70989,70990,70991,70992,70993,57369,70994,70995,70996,70997,57875,70998,70999,71000,57838,57414,71001,71002,71003
397,5590,5638,4354,1778,5639,21,2676,5619,5631,5640,5641,4039,5642,5643,4725,5644,5141,306,5427,5557,5645,302,5646,5647,69287,69394,69395,23788,26641,393,35091,51891,69396,69397,51871,69398,69399,60048,69400,64823,4520,69401,57697,69402,9598,69403,769,69872,69873,55784,69874,69875,14631,15435,69876,15448,69877,69878,69879,69880,60086,14633,69881,55678,55647,69078,69882,4474,57343,69883,26687,55785,22710,55786,48126,34152,45292,54103,55787,50791,55788,18694,55776,14291,55789,294,55790,55791,55792,4475,55793,55794,23833,20633,23834,110,21471,23816,23826,23835,23836,23837,23838,23021,23839,23405,1693,23663,23765,23840,1689,23841,23842,20913,69884,69885,20912,69886,69887,69888,69889,69890,27783,69891,69892,27802,69893,56048,69894,57329,69895,4476,56009,69896,67,89,131,394,172,395,396,235,253,270,289,322,398,354,367,378,389,399,0,400,401,35074,32391,35117,32867,35099,35111,35118,35119,33883,35120,35121,35122,34680,2604,34941,35050,35123,2600,35124,35125,69576,69688,69689,23806,69690,69642,23815,33532,69691,51903,69692,69693,46385,64836,4521,2980,69062,69694,38155,69695,57805,69819,69820,69821,35129,69758,69772,69822,69823,51907,50744,69824,60074,51925,64845,4522,57581,69825,69826,41723,3280,69827,46342,69897,69898,35130,45619,69899,69900,69901,69902,69903,69904,60088,69905,69906,56258,67756,56237,69907,4477,69908,57352,69909,49215,69910,69911,69912,51915,69913,69914,60089,69915,57310,56476,67757,69080,69916,4478,69917,69918,51913,49934,51898,51914,50566,51916,51917,51139,51918,51496,3954,51747,51849,51919,3950,51920,51921,69919,69920,22656,69921,55179,22660,69922,69923,69924,69925,69926,69927,56675,57322,69928,69929,4479,69930,56637,69931,69932,69933,69934,69935,69936,69937,60091,69417,64855,4523,67759,69081,57793,56831,69938,69939,60046,58365,60087,60079,58972,60090,59350,15456,59662,4455,59916,60023,60092,4451,60093,60094,23850,12999,69940,23847,69941,69942,69943,69944,51873,69945,69946,64856,4524,67760,4984,69947,57163,57802,69948,64850,57246,64851,64852,64853,64854,64621,64715,64804,5665,4480,64857,64858,4345,4358,4375,4393,4409,4425,4495,4505,4516,4525,14,4526,4527,57734,66952,57262,67750,67408,67758,67699,67761,4481,67762,67763,69037,68262,69079,57764,68718,57303,69009,69082,4482,69083,69084,69949,5300,69950,69951,69952,69953,69954,69955,69956,679,17,2910,3194,4437,4466,4483,4484,4485,69957,69958,57750,57279,69959,69960,69961,57236,69962,69963,69964,69965,57789,69966
309,686,4543,4361,1696,4378,24,4544,4545,3201,4546,4412,3957,4428,4444,4547,4548,4485,4497,4508,4519,4527,4535,14,4549,6206,9650,9476,7179,9493,47,9651,9652,9653,9527,9082,9543,9559,9654,9655,9599,9610,9620,9630,9636,4528,37,9656,57965,57966,55851,57967,57968,49485,57969,57970,13492,56494,57971,57972,57973,57974,57975,57976,57977,57600,57717,4348,57891,4346,57978,26694,55724,22717,55739,48133,55852,55853,54110,55854,50798,55769,18701,55855,55856,55794,55805,55816,55827,55835,55843,294,55857,22858,20555,22734,113,22859,22860,21933,22861,22766,9341,22781,22862,10903,22806,22817,4499,22835,22843,22851,103,22863,20838,56063,55892,20790,56064,56065,55940,56066,55971,25991,55986,56067,28067,4476,56022,56031,56040,56048,56056,295,56068,418,92,134,155,419,420,217,421,256,273,292,422,423,357,370,381,392,401,410,0,424,10862,57979,57980,57981,57982,42886,57983,56495,33812,57984,56891,57985,57350,57484,57601,2607,57804,57892,2602,57986,57987,57988,57989,24072,57990,57991,24081,57992,57993,41348,38112,42892,42919,57351,2917,57602,57718,38911,57994,2910,57995,41773,41617,41632,41774,41775,40543,41776,41666,41256,41682,41698,41777,31904,41723,41734,41744,41754,4522,41766,207,41778,43105,57996,57997,49517,57998,57999,58000,56497,58001,58002,58003,58004,58005,58006,58007,57603,57719,57806,4396,4393,58008,56314,46922,56496,56348,56363,50831,56377,56394,56498,56499,56437,56448,56459,56470,56478,56486,297,56500,50957,50958,50959,50960,50490,50846,50862,50961,50962,50903,50915,50924,4513,50941,50949,263,50963,56516,56691,9066,56692,55432,22585,56693,56581,56597,56694,56695,56639,4491,56659,56668,56676,56684,298,56696,56890,56727,56744,56892,56778,56794,56810,56893,10904,56836,56848,56858,56868,56876,56884,299,56894,58009,56902,58010,58011,58012,58013,58014,10894,57353,57486,4458,57720,57807,57894,4454,58015,7857,58016,58017,24110,57070,58018,58019,58020,9182,58021,58022,4473,57487,57604,57721,58023,58024,4467,58025,57349,57251,57265,57352,57292,4421,57317,57326,57335,5647,57342,302,57354,57483,57385,4372,57485,57426,57439,57451,57460,57469,57476,5748,303,57488,57501,57514,57530,57543,3952,57568,57579,57586,57593,304,57605,57618,1692,57647,57660,57670,57685,57696,57703,57710,305,57722,683,5302,57805,57766,57776,57808,57797,306,57809,57824,5153,57893,3199,57863,57895,57884,307,57896,293,166,187,296,300,301,308,58026,58027,58028,58029,58030,58031,58032
308,685,4536,4360,1695,4377,23,4537,4538,3200,4539,4411,3956,4427,4443,4540,4541,4484,4496,4507,4518,4526,4534,4542,14,6205,9643,9475,7178,9492,46,9644,9645,9646,9526,9081,9542,9558,9647,9648,9598,9609,9619,9629,4520,9642,9649,37,57897,57898,55844,57899,57900,49412,57901,57902,13491,56487,57903,57904,57905,57906,57907,57908,57909,57594,57711,57798,4347,57910,4345,26693,55723,22716,55738,48132,55845,55846,54109,55847,50797,55768,18700,55848,55849,55793,55804,55815,55826,55834,55842,55850,294,22852,20554,22733,112,22853,22854,21932,22855,22765,9340,22780,22856,10822,22805,22816,22826,4510,22842,22850,22857,103,20837,56057,55891,20789,56058,56059,55939,56060,55970,25990,55985,56061,27990,56011,4488,56030,56039,56047,56055,56062,295,411,91,133,154,412,413,216,414,255,272,291,415,416,356,369,380,391,400,409,417,0,10781,57911,57912,57913,57914,42811,57915,56488,33813,57916,56886,57917,57344,57478,2606,57712,57799,57885,57918,2603,57919,57920,57921,23996,57922,57923,24005,57924,57925,41341,38113,42817,42844,2916,57479,57595,57713,57926,38991,57927,2911,41767,41616,41631,41768,41769,40542,41770,41665,41255,41681,41697,41771,31830,41722,41733,41743,41753,41760,4530,41772,207,43106,57928,57929,49444,57930,57931,57932,56490,57933,57934,57935,57936,57937,57938,57939,57596,57714,4395,57887,57940,4394,56313,46921,56489,56347,56362,50830,56376,56393,56491,56492,56436,56447,56458,56469,56477,56485,56493,297,50950,50951,50952,50953,50489,50845,50861,50954,50955,50902,50914,4502,50933,50940,50948,50956,263,56515,56685,9065,56686,55360,22584,56687,56580,56596,56688,56689,4479,56650,56658,56667,56675,56683,56690,298,56885,56726,56743,56887,56777,56793,56809,56888,10823,56835,56847,56857,56867,56875,56883,56889,299,57941,56901,57942,57943,57944,57945,57946,10813,57346,57481,57597,4457,57801,57888,57947,4453,7850,57948,57949,24034,57069,57950,57951,57952,9175,57953,57954,57347,4472,57598,57715,57955,57956,57957,4466,57343,57250,4371,57345,57291,57305,57316,57325,57334,5646,57341,57348,302,57477,57384,57399,57480,57425,4422,57450,57459,57468,57475,5747,57482,303,57500,1691,57529,57542,57553,57567,57578,57585,57592,57599,304,57617,57631,57646,57659,3953,57684,57695,57702,57709,57716,305,57737,5301,57800,3198,57775,57802,57796,57803,306,684,5152,57886,57853,57862,57889,57883,57890,307,57958,57959,57960,57961,57962,57963,57964,293,166,187,296,300,301,309
208,2909,3014,3031,3202,3203,2233,9,3084,3204,3125,3143,3205,3206,3193,3207,2313,3208,3209,3210,3211,3212,3213,3214,3215,36690,36710,38065,38135,38136,188,187,36885,228,38096,38137,38138,38126,38139,300,38140,38141,38142,38143,38144,38145,38146,38147,39318,39173,39190,39319,22326,21665,197,33276,39320,39261,39321,39322,39308,39323,39324,39325,39326,39327,39328,39329,39330,39331,39332,39551,39432,39552,39553,39470,198,39507,39554,39541,39555,39292,18710,39556,39335,39557,39558,39559,39560,39561,39562,39563,39564,39785,41779,41780,29702,41257,40544,41781,41486,41077,38276,41699,21934,311,41782,41783,41784,41785,41786,41787,41788,41789,41790,39451,41791,41792,39449,41793,41794,41795,39774,41796,41797,41798,39801,41799,41800,41801,41802,41803,41804,41805,41806,29588,29604,29703,28941,141,21670,29704,29658,29675,29705,29706,29707,29021,29708,29709,29710,29711,29712,29713,29714,29715,0,99,199,200,201,202,203,204,205,206,207,209,210,211,212,213,214,215,216,217,40263,40105,39498,40264,40265,40157,29637,29657,40210,40266,40267,40254,40268,40269,40270,40271,40272,40273,40274,40275,40276,40356,41807,41808,29719,40535,41809,41810,41811,41812,41813,41701,41814,41815,41816,41817,41818,41819,41820,41821,41822,41823,40841,40842,40843,29720,40726,40844,40766,40782,40845,40846,40832,40847,40007,40848,40849,40850,40851,40852,40853,40854,40855,41076,40970,40101,41078,41020,41079,41080,41066,41081,41082,41083,41084,41085,41086,41087,41088,41089,41090,41824,41197,41825,41826,41827,41828,41702,41829,41830,41831,41832,41833,41834,41835,41836,41837,41838,41839,41840,17565,17842,41403,41841,17847,41842,41843,41844,41845,41846,41847,41848,41849,41850,41851,41852,41853,40104,41609,41700,41641,41657,41703,41690,41704,313,41705,41706,41707,41708,41709,41710,41711,41712,41854,41855,41856,41857,41858,41859,41860,30696,41861,41862,41863,41864,41865,41866,41867,41868,146,29587,30689,30663,30690,30691,30692,30693,30694,30695,30697,30698,30699,30700,30701,30702,30703,30704,30705,41869,41870,41871,41872,41873,41874,41875,5379,41876,41877,41878,41879,41880,41881,41882,41883,41884,41885,41886,41887,41888,5508,41889,41890,41891,41892,41893,41894,41895,41896,41897,41898,41899,41900,41901,3295,41902,41903,41904,41905,41906,41907,41908,41909,41910,41911,41912,3302,41913,41914,41915,41916,41917,41918,41919,41920,41921,41922,41923,41924,41925,41926,41927,41928,41929,41930,41931,3275,41932,41933,41934,41935,41936,41937,3266,41938,41939,41940,41941,41942
264,3958,3852,1344,3959,3960,2283,12,3885,3961,3901,3694,3962,3963,3948,3964,3965,3966,3967,3968,3969,3970,3971,3972,3973,50964,50965,50966,50967,50968,9010,8144,50969,9025,50970,50971,50972,49969,50973,9073,50974,50975,50976,50977,50978,50979,50980,50981,49671,49565,13881,49672,8789,8304,257,47781,49673,47755,49674,49675,49661,49676,49677,49678,49679,49680,49681,49682,49683,49684,49685,18363,16160,18364,18365,17010,80,18292,18366,18308,18367,18368,18353,18369,18370,18371,18372,18373,18374,18375,18376,18377,18378,26574,50982,50983,30322,50492,41257,50984,50672,47828,50985,50863,311,9084,50986,50987,50988,50989,50990,50991,50992,50993,50994,16715,50995,50996,16714,50997,50998,50999,26563,51000,51001,51002,26588,51003,51004,51005,51006,51007,51008,51009,51010,30254,28493,30323,28991,144,8310,30324,30283,30117,30325,30326,30327,30328,30329,30330,30331,30332,30333,30334,30335,30336,35,0,123,258,259,205,260,244,261,262,263,265,266,267,268,269,270,271,272,273,50093,49989,18285,50094,50095,50038,25108,18290,26238,50096,50097,35561,50098,50099,50100,50101,50102,50103,50104,50105,50106,41187,51011,51012,30340,41248,51013,51014,51015,51016,51017,50865,51018,51019,51020,51021,51022,51023,51024,51025,51026,51027,50292,50293,50294,30341,50219,50295,50253,26243,50296,40954,50283,50297,47843,50298,50299,50300,50301,50302,50303,50304,50305,47827,46977,47787,47829,47621,47830,47831,47817,47832,47833,47834,47835,47836,47837,47838,47839,47840,47841,51028,50412,51029,51030,51031,51032,50866,51033,51034,51035,51036,51037,51038,51039,51040,51041,51042,51043,51044,51045,18334,50641,51046,18338,51047,51048,51049,51050,51051,51052,51053,51054,51055,51056,51057,51058,49988,50790,50864,50807,50822,50867,50854,50868,9086,50869,50870,50871,50872,50873,50874,50875,50876,51059,51060,51061,51062,51063,51064,51065,49691,51066,51067,51068,51069,51070,51071,51072,51073,7733,18384,18383,51074,51075,51076,51077,47756,51078,51079,51080,51081,51082,51083,51084,51085,51086,51087,51088,51089,51090,51091,51092,51093,51094,51095,51096,51097,51098,51099,51100,51101,51102,51103,51104,51105,51106,51107,51108,51109,51110,51111,51112,51113,51114,51115,51116,51117,51118,51119,51120,51121,51122,51123,4057,51124,51125,51126,51127,51128,51129,51130,51131,51132,51133,51134,4064,51135,51136,51137,51138,51139,51140,51141,51142,51143,51144,51145,51146,51147,51148,51149,51150,51151,51152,51153,4034,51154,51155,51156,51157,51158,51159,4025,51160,51161,51162,51163,51164
283,4225,3740,1360,4226,1328,4110,13,4145,4227,4180,3504,4228,4229,4215,4230,4231,4232,4233,4234,4235,4236,4237,4238,4239,54280,54281,54282,45467,54283,52292,50642,54284,52306,45472,54285,54286,53121,54287,50837,54288,54289,54290,54291,54292,54293,54294,54295,48382,48383,315,48342,247,48384,275,47975,48385,45543,45527,48386,48387,45563,48388,48389,48390,48391,48392,48393,48394,48395,48396,18570,14120,18571,16145,18473,81,18490,18572,18525,18573,18574,18560,18575,18576,18577,18578,18579,18580,18581,18582,18583,18584,311,54296,18171,52799,50672,53485,54297,53978,45486,54298,54177,22587,52335,54299,54300,54301,54302,54303,54304,54305,54306,18170,83,18172,17057,79,18073,18173,18112,229,18174,18161,18175,328,18176,18177,18178,18179,18180,18181,18182,18183,52500,52705,52800,52723,276,52756,52801,52773,30074,52802,52803,52804,52805,52806,52807,52808,52809,52810,52811,52812,52813,274,102,0,277,278,279,280,245,262,281,282,284,285,286,287,288,289,290,291,292,53265,53141,18484,53266,53267,53207,21104,17282,18140,53268,53269,53256,53270,53271,53272,53273,53274,53275,53276,53277,53278,53357,54307,54308,50689,53476,54309,54310,54311,54312,54313,54179,54314,54315,54316,54317,54318,54319,54320,54321,54322,54323,53718,53719,53720,52818,53627,53721,53662,18145,53722,47995,53709,53723,48022,53724,53725,53726,53727,53728,53729,53730,53731,45542,45544,33977,45545,44767,45531,45546,45547,45548,45549,45550,45551,45552,45553,45554,45555,45556,45557,54324,50626,54325,54326,54327,54328,54180,54329,54330,54331,54332,54333,54334,54335,54336,54337,54338,54339,54340,54341,18536,53890,54342,18544,54343,54344,54345,54346,54347,54348,54349,54350,54351,54352,54353,54354,53140,54102,54178,54119,54135,54181,54168,54182,52337,54183,54184,54185,54186,54187,54188,54189,54190,54355,54356,54357,54358,54359,54360,54361,52596,54362,54363,54364,54365,54366,54367,54368,54369,52256,18592,18591,54370,54371,54372,54373,47950,54374,54375,54376,54377,54378,54379,54380,54381,54382,54383,54384,54385,54386,54387,54388,54389,54390,54391,54392,54393,54394,54395,54396,54397,54398,54399,54400,54401,54402,54403,54404,54405,54406,54407,54408,54409,54410,54411,54412,54413,54414,54415,54416,54417,5405,54418,4321,54419,54420,54421,54422,54423,54424,54425,54426,54427,5534,54428,4328,54429,54430,54431,54432,54433,54434,54435,54436,54437,54438,54439,54440,54441,54442,54443,54444,54445,54446,54447,4297,54448,54449,54450,54451,54452,54453,4289,54454,54455,54456,54457,54458
316,4645,1056,1391,4646,4647,2316,15,2923,4648,3505,3741,4649,4650,4450,4651,1072,4652,4653,4654,4655,4656,4657,4658,4659,59193,59194,59195,59196,59197,30736,29498,59198,8616,59199,59200,59201,38221,59202,35609,59203,59204,59205,59206,59207,59208,59209,59210,14557,11519,11823,14558,14559,12672,61,177,14560,13717,14561,14562,14368,14563,11535,14564,14565,14566,14567,14568,14569,14570,14571,18949,16191,18950,18951,17043,83,17616,18952,18175,18953,14547,18773,18954,11838,18955,18956,18957,18958,18959,18960,18961,18962,58519,59211,59212,30737,58892,58714,59213,59095,48398,59214,56968,22882,58178,59215,59216,59217,59218,59219,59220,59221,59222,59223,18910,59224,59225,18907,59226,59227,59228,48399,59229,59230,59231,27079,59232,59233,59234,59235,59236,59237,59238,59239,12673,28523,30738,29024,146,29503,30739,29970,30146,30740,30741,30742,14759,30743,30744,30745,30746,30747,30748,30749,30750,310,311,312,0,188,313,229,247,314,315,300,317,318,319,320,321,322,323,324,325,38286,35906,17431,38287,38288,36899,30696,222,37580,38289,38290,38139,38291,38292,38293,38294,38295,38296,38297,38298,38299,39307,59240,59241,30753,56930,59242,59243,59244,59245,59246,56970,59247,59248,59249,59250,59251,59252,59253,59254,59255,59256,45558,45559,45560,30754,44022,45561,44574,44768,45562,45563,45386,45564,332,45565,45566,45567,45568,45569,45570,45571,45572,48397,46992,35842,48400,47652,48401,48402,48222,48403,13731,48404,48405,48406,48407,48408,48409,48410,48411,59257,49792,59258,59259,59260,59261,56971,59262,59263,59264,59265,59266,59267,59268,59269,59270,59271,59272,59273,59274,13716,14078,59275,14170,59276,59277,59278,59279,59280,59281,59282,59283,59284,59285,59286,59287,35891,55775,56969,56205,56400,56972,56816,56973,9711,56974,56975,56976,56977,56978,56979,56980,56981,59288,59289,59290,59291,59292,59293,59294,14575,59295,59296,59297,59298,59299,59300,59301,59302,8353,62,14696,14757,14758,14760,14761,13718,14762,14763,14764,14765,14766,14767,14768,14769,14770,14771,14772,38375,59303,59304,59305,59306,59307,59308,59309,59310,59311,59312,59313,59314,38508,59315,59316,59317,59318,59319,59320,59321,59322,59323,59324,59325,59326,59327,59328,59329,59330,59331,59332,59333,59334,59335,4742,59336,59337,59338,59339,59340,59341,59342,59343,59344,59345,59346,4748,59347,59348,46359,59349,59350,15468,59351,59352,59353,59354,59355,46443,59356,59357,15558,59358,59359,59360,59361,4720,59362,59363,59364,59365,59366,59367,4710,59368,59369,59370,59371,59372
