171,2662,935,1271,2663,2664,2204,2488,2505,2665,2540,2556,2666,2667,2603,20,2621,2634,2647,7,2668,2669,2670,412,2671,34957,34958,34959,34960,34961,29323,34962,31479,8493,34963,34964,34965,34287,31485,34966,34668,2433,2430,34967,34968,34969,5798,34970,12985,11398,11727,12986,12987,12583,12835,12852,12988,12885,12989,12990,12931,66,12948,2626,12970,54,12991,12992,12993,1146,12994,17359,16089,17360,17361,16932,17211,17227,17362,17262,17363,17364,17306,88,17322,17334,17345,76,17365,17366,17367,1481,17368,34971,34972,34973,29324,34974,34975,34976,34977,33709,34978,34288,22939,34979,34669,34814,2455,34980,34981,34982,5799,2452,34983,34984,34985,34986,34987,34988,34989,34990,15308,34991,34992,11881,27170,34993,34994,2470,34995,34996,2469,5800,34997,28202,28428,29325,28929,29190,7961,29326,29223,29238,29327,29328,151,29284,29297,29309,139,29329,29330,29331,2407,29332,32854,32855,32856,32698,13166,32857,32733,32749,32858,32859,32796,32813,32826,32839,159,32860,32861,32862,2691,32863,33074,13240,11746,33075,33076,32942,33077,32976,32992,33078,33079,33036,192,33049,33061,160,33080,2674,33081,2993,33082,33117,34998,34999,35000,35001,35002,35003,35004,35005,35006,34290,31522,31521,2524,34816,2522,35007,35008,35009,5803,35010,33520,33521,19673,29991,17560,33522,33422,25389,33523,33524,33468,234,33484,33495,2642,162,33525,33526,33527,3591,33528,33708,33580,13182,33710,33611,33711,33712,33655,252,33672,33684,33695,163,33713,33714,33715,3831,33716,35011,33773,35012,35013,35014,35015,34291,35016,35017,34671,34817,2574,35018,35019,35020,2570,35021,35022,35023,35024,35025,33989,35026,35027,35028,35029,18235,35030,35031,35032,2590,35033,2588,35034,5805,35035,13227,34155,34289,34188,34203,34292,34233,305,34248,34261,34273,166,34293,34294,34295,4537,34296,382,383,384,385,386,387,321,340,353,366,0,388,389,390,391,392,34522,34354,18196,34523,34524,34525,34418,34433,34526,34527,34484,34497,34509,167,34528,34529,2686,4998,34530,34568,34583,34670,2537,34627,34672,34654,168,34673,34674,34675,5155,34676,933,34729,34815,34759,34773,34818,34800,169,34819,34820,34821,5312,34822,156,157,158,161,164,165,170,172,173,174,175,35036,35037,35038,35039,35040,35041,35042,35043,35044,5570,35045,35046,35047,35048,35049,35050,2622,35051,5671,35052,35053,35054,2507,35055,35056,35057,35058,5771,35059,5788,5801,5802,5804,23,5806,5807,35060,2492,35061,35062,5552,35063,35064
170,2652,934,1270,2653,2654,2203,2487,2504,2655,2539,2555,2656,2657,2602,19,2620,2633,2646,2658,7,2659,2660,2661,419,34849,34850,34851,34852,34853,29313,34854,31355,8494,34855,34856,34857,34277,31361,34858,2432,34805,34859,2431,34860,34861,34862,5879,12975,11397,11726,12976,12977,12582,12834,12851,12978,12884,12979,12980,12930,65,12947,12959,2639,12981,54,12982,12983,12984,1152,17349,16088,17350,17351,16931,17210,17226,17352,17261,17353,17354,17305,87,17321,17333,17344,17355,76,17356,17357,17358,1488,34863,34864,34865,29314,34866,34867,34868,34869,33700,34870,34278,22940,34871,34659,34806,34872,2456,34873,34874,2451,5880,34875,34876,34877,34878,34879,34880,34881,34882,15183,34883,34884,11870,27171,34885,34886,34887,2471,2468,34888,34889,5881,28201,28427,29315,28928,29189,7960,29316,29222,29237,29317,29318,150,29283,29296,29308,29319,139,29320,29321,29322,2414,32844,32845,32846,32697,13165,32847,32732,32748,32848,32849,32795,32812,32825,32838,32850,159,32851,32852,32853,2697,33065,13239,11745,33066,33067,32941,33068,32975,32991,33069,33070,33035,191,33048,33060,33071,160,33072,2683,33073,2999,33116,34890,34891,34892,34893,34894,34895,34896,34897,34898,34280,31398,31397,34661,2523,34899,2521,34900,34901,34902,5884,33511,33512,19548,29990,17559,33513,33421,25388,33514,33515,33467,233,33483,2629,33506,33516,162,33517,33518,33519,3597,33699,33579,13181,33701,33610,33702,33703,33654,251,33671,33683,33694,33704,163,33705,33706,33707,3838,34903,33772,34904,34905,34906,34907,34281,34908,34909,34662,34808,34910,2573,34911,34912,34913,2569,34914,34915,34916,34917,33988,34918,34919,34920,34921,18224,34922,34923,34924,34925,2589,34926,2587,34927,5886,13226,34154,34279,34187,34202,34282,34232,304,34247,34260,34272,34283,166,34284,34285,34286,4544,371,372,373,374,375,376,320,339,352,365,377,0,378,379,380,381,34513,34353,18195,34514,34515,34516,34417,34432,34517,34518,34483,34496,34508,34519,167,2677,34520,34521,5004,932,34582,34660,34613,34626,34663,34653,34664,168,34665,34666,34667,5161,34714,34728,34807,2538,34772,34809,34799,34810,169,34811,34812,34813,5318,34928,34929,34930,34931,34932,34933,34934,34935,34936,34937,5447,156,157,158,161,164,165,171,172,173,174,175,34938,34939,2506,34940,34941,34942,34943,34944,5676,34945,34946,34947,34948,34949,2623,34950,34951,5778,34952,2491,34953,34954,5422,34955,34956,5869,5882,5883,5885,24,5887,5888
173,2681,937,1273,2454,2471,2682,2490,2683,2684,2542,2558,2572,2590,2685,22,2686,2636,2649,2660,2670,7,2687,2688,2689,35157,35158,35159,32396,35160,35161,35162,35163,8500,35164,33888,35165,35166,23946,35167,34685,34831,35168,35169,2437,35170,2435,35171,13003,11400,11729,12803,12820,13004,12837,13005,13006,12887,12901,12919,13007,68,13008,12961,12972,12983,12993,54,13009,13010,2696,17378,16091,17178,17195,17379,17213,17380,17381,17264,17277,17293,17382,90,17383,2627,17346,17357,17367,76,17384,17385,17386,32171,32189,32205,32397,32225,32398,32399,32278,32293,32308,32400,22938,32401,32353,32366,32376,32385,157,32402,32403,32404,32610,32447,32465,32611,32497,32612,32613,25362,12290,32546,32614,11690,27902,32571,32582,2654,32599,158,32615,32616,32617,35172,35173,35174,35175,32873,15510,35176,35177,29235,33889,35178,403,35179,34686,2206,34946,35054,2201,35180,35181,35182,32872,32664,32681,32700,15522,32874,32735,32751,32765,32783,32875,32876,32828,32841,32852,32862,159,32877,32878,32879,35183,14639,11900,35184,35185,35186,35187,35188,35189,35190,33021,35191,404,34687,34832,34947,2507,2504,35192,35193,35194,33122,35195,35196,35197,35198,35199,35200,35201,33891,35202,35203,23911,35204,34688,34833,35205,35206,2527,35207,35208,2526,33536,33387,16651,33537,19901,33538,33424,25391,33439,33456,33539,236,33540,33497,33508,33518,33527,162,33541,2693,33542,33725,33726,15523,33727,33613,33627,33642,33728,254,33729,33685,2643,33706,33715,163,33730,33731,33732,33759,33771,33890,25375,33786,33800,33892,21368,33893,33845,33858,33868,33877,164,33894,33895,33896,34127,33941,34128,33973,34129,34130,34023,34041,34131,18152,34132,34087,34098,34106,2667,165,34133,34134,34135,15525,34153,35209,35210,35211,35212,35213,406,35214,2605,34834,34949,35056,2601,35215,35216,35217,402,111,132,405,271,290,323,407,355,368,379,390,0,408,409,410,35218,35219,18254,35220,34386,35221,35222,35223,35224,35225,35226,34689,34835,2623,35057,2621,35227,35228,35229,34570,34584,34601,34615,2553,34644,34656,34666,34675,168,34690,34691,34692,34716,1269,34747,34761,34774,34790,34802,34812,34821,169,34836,34837,34838,34945,34874,34888,34948,34912,2587,34936,170,34950,34951,5778,35053,34982,2469,35055,35020,35034,35044,171,35058,5771,35059,156,139,160,161,166,167,172,174,175,35230,35231,35232,35233,35234,35235,35236,35237,35238,938,35239,35240,35241,5438,35242,35243,35244,35245,35246,2544,5568,35247,35248
172,2672,936,1272,2453,2470,2673,2489,2674,2675,2541,2557,2571,2589,2676,21,2677,2635,2648,2659,2669,2678,7,2679,2680,35065,35066,35067,32387,35068,35069,35070,35071,8499,35072,33879,35073,35074,23850,35075,34677,34823,35076,35077,35078,2436,35079,2434,12995,11399,11728,12802,12819,12996,12836,12997,12998,12886,12900,12918,12999,67,13000,12960,12971,12982,12992,13001,54,2690,13002,17369,16090,17177,17194,17370,17212,17371,17372,17263,17276,17292,17373,89,17374,17335,2640,17356,17366,17375,76,17376,17377,32170,32188,32204,32388,32224,32389,32390,32277,32292,32307,32391,22937,32392,32352,32365,32375,32384,32393,157,32394,32395,32602,32446,32464,32603,32496,32604,32605,25361,12289,32545,32606,11689,27805,32570,32581,32590,2664,32607,158,32608,32609,35080,35081,35082,35083,32865,15420,35084,35085,29236,33880,35086,394,35087,2205,34824,34939,35047,35088,2202,35089,35090,32864,32663,32680,32699,15432,32866,32734,32750,32764,32782,32867,32868,32827,32840,32851,32861,32869,159,32870,32871,35091,14631,11892,35092,35093,35094,35095,35096,35097,35098,33022,35099,395,34678,34825,2506,35048,35100,2505,35101,35102,33123,35103,35104,35105,35106,35107,35108,35109,33882,35110,35111,23815,35112,34679,34826,35113,35114,35115,2528,2525,35116,33529,33386,16650,33530,19801,33531,33423,25390,33438,33455,33532,235,33533,33496,33507,33517,33526,33534,162,33535,2699,33717,33718,15433,33719,33612,33626,33641,33720,253,33721,2630,33696,33705,33714,33722,163,33723,33724,33758,33770,33881,25374,33785,33799,33883,21367,33884,33844,33857,33867,33876,33885,164,33886,33887,34118,33940,34119,33972,34120,34121,34022,34040,34122,18151,34123,34086,34097,2657,34115,34124,165,34125,34126,15435,34152,35117,35118,35119,35120,35121,397,35122,34680,2604,34941,35050,35123,2600,35124,35125,393,110,131,396,270,289,322,398,354,367,378,389,399,0,400,401,35126,35127,18246,35128,34385,35129,35130,35131,35132,35133,35134,34681,34827,34942,2622,35135,2620,35136,35137,34569,1268,34600,34614,34628,34643,34655,34665,34674,34682,168,34683,34684,34715,34730,34746,34760,2554,34789,34801,34811,34820,34828,169,34829,34830,34938,34873,2468,34940,34911,34926,34935,34943,170,34944,5676,35046,34981,34996,35049,35019,2588,35043,35051,171,5671,35052,35138,35139,35140,35141,35142,35143,35144,35145,35146,156,139,160,161,166,167,173,174,175,35147,35148,35149,2543,5430,35150,35151,939,35152,35153,35154,5560,35155,35156
419,5879,5869,1488,5880,5881,2414,5882,5883,5884,5885,3838,2569,5886,4544,24,5887,5161,5318,5447,175,5676,5778,170,5888,72350,72351,72352,72353,72354,31860,72355,7853,10880,72356,33861,72357,10862,7857,72358,32120,66616,72359,32110,72360,34945,2652,72361,72260,72216,20050,72261,72262,31852,72263,72264,72265,49466,72266,18666,58016,418,20111,72267,34844,67921,2696,1152,71300,12983,72268,20059,16284,20060,20061,17140,20062,20063,20064,20065,17274,20066,18867,92,20067,19385,19510,19635,1275,19859,19960,1270,20068,72362,72363,72364,31861,72365,72366,72367,72368,49475,72369,57979,24101,72370,65023,66617,34929,32416,70258,71310,2653,72371,72372,72373,72374,72375,72376,72377,72378,26519,49476,33862,72379,20048,28070,34660,72380,72381,32617,32592,71311,2654,72382,31851,28618,31862,29120,31863,10859,31864,31865,30241,29250,31866,155,31867,31207,31345,31469,2208,31679,31767,2203,31868,72383,72384,72385,72386,72276,72387,72388,49477,72389,72390,57981,72391,65025,66618,67929,2697,70259,71312,32850,35382,9651,49485,20051,72392,72393,72394,72395,72396,49490,72397,72398,57982,420,65026,2999,67930,2698,72399,35246,33048,72400,42872,72401,72402,72403,72404,72405,72406,72407,33863,72408,42886,24081,29791,65027,33324,72409,33302,34940,72410,2655,72411,72412,72413,16837,31890,20077,72414,72415,28026,72416,72417,57992,421,72418,34701,72419,67932,2699,70261,3597,33517,72420,49474,47089,49478,49479,47743,33624,49480,48316,256,49481,48833,48958,49076,2560,49288,49384,2555,49482,33756,33768,8005,25372,33864,33865,33812,21365,33829,33842,33855,33866,164,33867,33868,2656,33869,72421,48098,72422,72423,55437,72424,72425,72426,72427,20090,72428,72429,34809,72430,34126,70262,34108,2657,72431,57969,55852,57980,57983,56495,57984,56891,309,57985,57350,57484,57601,2607,57804,57892,2602,57986,47,113,134,217,273,292,422,423,357,370,381,392,401,410,0,424,72432,72433,20093,72434,72435,41774,49517,49516,72436,72437,72438,5004,66620,67934,2700,35155,72439,34508,72440,35329,63820,65024,65028,64315,34923,64638,64726,2638,64881,64950,2633,65029,66608,65412,34886,35366,65909,66619,66231,66320,2651,66474,66543,2646,66621,67926,67927,67928,67931,34910,67933,67716,67788,67861,2658,5939,2437,2456,2473,2528,2574,2592,2671,2680,2689,7,2701,34860,69561,35352,70260,69962,70263,70197,2659,70264,71309,70599,71313,34901,71000,35379,71235,2660,71314,934,2487,2504,2539,19,2620,2661,72441,72442,72443,72444,5580,72445,72446
412,5798,5788,1481,5799,5800,2407,5801,5802,5803,5804,3831,2570,5805,4537,23,5806,5155,5312,174,5570,5671,5771,5807,171,71509,71510,71511,71512,71513,31786,71514,7846,10799,71515,33870,71516,10781,7850,71517,64967,32129,32098,71518,35046,71519,71520,2662,71419,71375,19970,71420,71421,31778,71422,71423,71424,49393,71425,18659,57948,411,20031,34693,71426,2690,69178,70207,1146,71427,12992,19979,16277,19980,19981,17133,19982,19983,19984,19985,17275,19986,18860,91,19987,19379,19504,1274,19754,19854,19953,19988,1271,71521,71522,71523,31787,71524,71525,71526,71527,49402,71528,57911,24025,71529,64968,66560,32410,35037,70217,71239,71530,2663,71531,71532,71533,71534,71535,71536,71537,26513,49403,33871,71538,19968,27993,71539,34815,32608,71540,70218,32600,71541,2664,31777,28611,31788,29114,31789,10778,31790,31791,30234,29251,31792,154,31793,31201,31339,2207,31587,31674,31760,31794,2204,71542,71543,71544,71545,71435,71546,71547,49404,71548,71549,57913,71550,64969,66562,2691,69186,70219,71240,35313,32860,9644,49412,19971,71551,71552,71553,71554,71555,49417,71556,71557,57914,413,2993,66563,2692,69187,35149,71558,71559,33061,42797,71560,71561,71562,71563,71564,71565,71566,33872,71567,42811,24005,29785,33333,66564,33313,71568,71569,35055,71570,2665,71571,71572,16830,31816,19997,71573,71574,27949,71575,71576,57924,414,71577,71578,34842,2693,69189,3591,71242,71579,33527,49401,47082,49405,49406,47737,33625,49407,48309,255,49408,48827,48952,2559,49188,49283,49377,49409,2556,33757,33769,8006,25373,33873,33874,33813,21366,33830,33843,33856,164,33875,33876,33877,33878,2666,71580,48092,71581,71582,55365,71583,71584,71585,71586,20010,71587,34672,71588,34134,71589,34116,71243,71590,2667,57901,55845,57912,57915,56488,57916,56886,308,57917,57344,57478,2606,57712,57799,57885,57918,2603,46,112,133,216,272,291,415,416,356,369,380,391,400,409,417,0,71591,71592,20013,71593,71594,41768,49444,49443,71595,71596,71597,64971,4998,2694,69191,71598,35242,71599,34497,64959,63814,34993,35296,64311,64970,64633,2637,64811,64877,64944,64972,2634,35261,65408,66561,66565,65903,35032,66226,2650,66403,66470,66537,66566,2647,2436,2455,2472,2527,2573,2591,2661,2679,2688,2695,7,69183,69184,69185,69188,35018,69190,69020,69094,69165,5858,2668,70216,69557,70220,35008,69958,35309,70193,70221,2669,34969,70593,35284,71241,70994,71244,71229,71245,2670,71600,71601,71602,71603,5445,71604,71605,935,2488,2505,2540,20,2621,2671
201,2908,3074,3075,1603,3076,1601,2520,3077,3078,3079,3080,3081,3082,3083,3084,9,3085,3086,3087,3088,3089,3090,3091,3092,35594,38120,38121,21507,38122,187,33032,36884,34183,38123,37757,38124,38125,38126,299,38127,38128,38129,38130,38131,38132,38133,38134,40094,40095,40096,40097,40098,33170,33276,40099,40100,40101,40102,40103,40104,40105,39323,40106,40107,40108,40109,40110,40111,40112,40113,40114,40115,21695,40116,40117,33277,40118,40119,39484,40120,40121,18702,39498,39190,40122,40123,40124,40125,40126,40127,40128,40129,21694,20468,21696,98,21298,21602,20477,21332,21697,21698,21699,21700,103,21701,21702,21703,21704,21705,21706,21707,21708,21581,40130,40131,21577,40132,40133,40134,40135,40136,40137,40138,40139,39805,40140,40141,40142,40143,40144,40145,40146,40147,21665,21545,21580,182,161,21666,21619,21667,21653,21668,21669,21670,141,21671,21672,21673,21674,21675,21676,21677,21678,166,32254,33278,32805,33179,33198,33279,33280,33249,33281,33282,200,33283,33284,33285,33286,33287,33288,33289,33290,40148,40149,40150,21591,40151,40152,21600,33218,40153,40154,40155,40156,40157,40158,40159,40160,40161,40162,40163,40164,40165,40166,40167,40168,29617,40169,40170,40171,40172,40173,40174,21851,40175,28937,40176,40177,40178,40179,40180,40181,40182,40183,40184,40185,40186,29618,40187,40188,40189,40190,40191,40192,40193,29657,39923,40194,40195,40196,40197,40198,40199,40200,40201,40202,40203,40204,40205,40206,40207,40208,40209,40210,39716,40211,40212,40213,40214,40215,40216,40217,40218,40219,40220,40221,40222,40223,40224,40225,40226,25105,40227,40228,40229,40230,40231,40232,40233,40234,40235,40236,21679,40237,37913,20478,40238,40239,21852,39506,39736,40240,40241,40242,40243,40244,40245,40246,40247,40248,40249,40250,39959,40251,40252,40253,40254,207,40255,40256,40257,40258,40259,40260,40261,40262,40263,40264,40265,29637,40266,40267,40268,208,40269,40270,40271,40272,40273,40274,40275,40276,0,197,198,99,199,202,203,204,205,206,209,210,211,212,213,214,215,216,217,40277,40278,40279,40280,40281,40282,40283,5373,40284,40285,40286,40287,3300,40288,40289,40290,40291,40292,40293,40294,40295,5502,40296,40297,3293,40298,40299,40300,40301,40302,40303,40304,40305,40306,3285,40307,40308,40309,40310,40311,40312,40313,40314,40315,3278,40316,40317,40318,40319,40320,40321,40322,40323,3263,40324,40325,40326,40327,40328,40329,40330,40331,3274,40332,40333,40334,40335,40336,40337,40338,40339,3243,40340,40341,40342,40343,40344,40345,3256,40346
222,3374,2923,1288,3375,3376,2253,1284,3377,3378,3379,3380,3381,3382,3383,3384,10,3385,3386,3387,3388,3389,3390,3391,3392,43849,43850,43851,43852,43853,29964,29860,43854,43855,43856,43857,43858,43859,43860,43083,43861,43862,43863,43864,43865,43866,43867,43868,38286,35906,17431,38287,38288,29503,188,36899,30696,37580,38289,38290,38139,38291,316,38292,38293,38294,38295,38296,38297,38298,38299,17611,16095,17612,17613,16945,77,17505,16961,16102,17614,17615,17602,17616,83,17617,17618,17619,17620,17621,17622,17623,17624,43869,43870,43871,29965,43872,43873,43235,43874,43875,43876,43266,22893,42971,43877,43878,43879,43880,43881,43882,43883,43884,43885,17484,43886,43887,17480,43888,43889,43890,43891,43892,43893,43894,43567,43895,43896,43897,43898,43899,43900,43901,43902,146,28478,29966,29038,142,29869,29967,29907,29922,29968,29969,29970,221,29971,29972,29973,29974,29975,29976,29977,29978,17550,17463,17481,183,17551,17552,17538,17553,17554,17555,17556,162,17557,17558,17559,17560,17561,17562,17563,17564,43903,43904,17494,43905,43906,43907,29887,17501,43908,43909,43910,43911,43912,43913,43914,43915,43916,43917,43918,43919,43920,39333,43921,43922,29983,43923,43924,43925,43926,43927,43928,33400,43929,43683,43930,43931,43932,43933,43934,43935,43936,43937,43938,43939,43940,29984,43941,43942,43943,43944,43945,43946,43947,18069,32725,43948,43949,43950,43951,43952,43953,43954,43955,43956,43957,43958,43959,43960,43961,43962,43963,43964,25382,43965,43966,43967,43968,43969,43970,43971,43972,43973,43974,43975,43976,43977,43978,43979,43980,43462,43981,43982,43983,43984,43985,43986,43987,43988,43989,43990,43991,17582,37914,43992,16104,43993,43275,18071,43499,43994,43995,43996,43997,43998,43999,44000,44001,44002,44003,44004,33417,44005,44006,44007,44008,228,44009,44010,44011,44012,44013,44014,44015,44016,44017,44018,44019,43702,44020,44021,44022,229,44023,44024,44025,44026,44027,44028,44029,44030,218,0,79,219,220,223,224,225,226,227,230,231,232,233,234,235,236,237,238,44031,44032,44033,44034,44035,44036,44037,5062,44038,44039,44040,44041,3598,44042,44043,44044,44045,44046,44047,44048,44049,5219,44050,44051,3592,44052,44053,44054,44055,44056,44057,44058,44059,44060,3585,44061,44062,44063,44064,44065,44066,44067,44068,44069,3577,44070,44071,44072,44073,44074,44075,44076,44077,3560,44078,44079,44080,44081,44082,44083,44084,44085,3572,44086,44087,44088,44089,44090,44091,44092,44093,3540,44094,44095,44096,44097,44098,44099,3552,44100
241,3638,3639,952,3640,3641,3625,948,3642,3643,2498,3644,3645,2890,3646,2731,11,3647,3648,3649,3650,3651,3652,3653,3654,47095,47096,47097,47098,47099,46715,47100,47101,47102,47103,47104,47105,47106,47107,46777,47108,47109,47110,47111,47112,47113,47114,47115,47116,47117,13053,47118,47119,47120,13049,47121,47122,47123,47124,35870,47125,35717,13717,47126,47127,47128,47129,47130,47131,47132,47133,13232,11733,13233,13234,12596,55,13127,12611,160,13235,13236,293,177,61,13237,13238,13239,13240,13241,13242,13243,13244,47134,47135,47136,8834,47137,47138,22290,8019,47139,37901,22302,22383,8836,47140,47141,47142,47143,47144,47145,47146,47147,47148,13106,47149,47150,13102,47151,47152,47153,47154,47155,47156,35714,26451,47157,47158,47159,47160,47161,47162,47163,47164,13604,46942,46943,46710,13172,46944,46945,46946,46947,46948,46949,35836,240,46950,46951,46952,46953,46954,46955,46956,46957,13171,13085,13103,12845,13173,13174,13159,13175,13176,13177,13178,163,13179,13180,13181,13182,13183,13184,13185,13186,47165,47166,13116,47167,47168,47169,47170,13123,47171,47172,47173,47174,35837,47175,47176,47177,47178,47179,47180,47181,47182,47183,47184,47185,33574,47186,47187,47188,47189,47190,47191,22309,47192,46927,47193,47194,47195,47196,47197,47198,47199,47200,32981,32898,32915,32982,32983,32984,32969,32985,32986,32987,32988,184,25380,32989,32990,32991,32992,32993,32994,32995,32996,47201,47202,47203,47204,47205,47206,33014,47207,26255,25354,47208,47209,47210,47211,47212,47213,47214,47215,47216,47217,47218,47219,47220,32997,25932,47221,25931,47222,47223,47224,47225,47226,47227,47228,47229,37900,37873,37888,13204,37902,37903,11741,37904,21681,186,25687,37905,37906,37907,37908,37909,37910,37911,37912,47230,47231,47232,25384,47233,47234,47235,35841,246,47236,47237,47238,47239,47240,47241,47242,47243,35835,35755,35774,35838,35839,35840,35842,247,35843,35844,35845,35846,35847,35848,35849,35850,239,57,0,101,122,242,225,243,244,245,248,249,250,251,252,253,254,255,256,47244,47245,47246,47247,47248,47249,47250,47251,47252,47253,47254,47255,3839,47256,47257,47258,47259,47260,47261,47262,47263,47264,47265,47266,3832,47267,47268,47269,47270,47271,47272,38700,47273,47274,3823,47275,47276,47277,47278,47279,47280,47281,38809,47282,3814,47283,47284,47285,47286,47287,47288,47289,47290,3797,47291,47292,47293,47294,47295,47296,47297,47298,3809,47299,47300,47301,47302,47303,47304,47305,47306,3777,47307,47308,47309,47310,47311,47312,3789,47313
259,3877,3878,3879,585,3880,583,3865,3881,2215,3882,3883,3884,2889,2711,3885,12,3886,3887,3888,3889,3890,3891,3892,3893,49960,49961,49962,8146,49963,8144,49964,49965,49966,49967,49968,35572,35395,49969,9072,49970,49971,49972,49973,49974,49975,49976,49977,49978,49979,49980,49981,49982,49983,47781,49984,49985,47787,49986,49987,49988,49989,49676,49990,49991,49992,49993,49994,49995,49996,49997,49998,49999,8336,50000,50001,13879,50002,12657,18272,50003,37887,18348,18285,13881,50004,50005,50006,50007,50008,50009,50010,50011,8335,7097,8337,32,7940,8241,140,7972,8338,8339,176,310,37,8340,8341,8342,8343,8344,8345,8346,8347,8220,50012,50013,8216,50014,50015,50016,50017,50018,50019,35391,50020,26592,50021,50022,50023,50024,50025,50026,50027,50028,8304,8184,8219,7683,8305,8306,8258,8307,8292,8308,8309,8310,144,8311,8312,8313,8314,8315,8316,8317,8318,8992,49824,49825,49613,49826,49827,49828,47784,49829,49830,35556,258,49831,49832,49833,49834,49835,49836,49837,49838,50029,50030,50031,8230,50032,50033,8239,50034,50035,50036,50037,35557,50038,50039,50040,50041,50042,50043,50044,50045,50046,29469,29367,29385,29470,29471,29423,29472,29457,29473,29474,185,29475,25103,29476,29477,29478,29479,29480,29481,29482,29483,50047,50048,50049,30267,50050,50051,50052,50053,50054,50055,50056,18290,49811,50057,50058,50059,50060,50061,50062,50063,50064,50065,46975,50066,50067,50068,50069,29452,50070,26238,26237,50071,50072,50073,50074,50075,50076,50077,50078,50079,50080,50081,50082,50083,29484,25964,50084,25091,50085,50086,50087,50088,50089,50090,50091,50092,37855,37886,8319,37888,37889,7106,37890,37891,186,17583,25686,37892,37893,37894,37895,37896,37897,37898,37899,35555,35440,35476,35558,35542,35559,35560,35561,263,35562,35563,35564,35565,35566,35567,35568,35569,50093,50094,50095,25108,50096,50097,50098,264,50099,50100,50101,50102,50103,50104,50105,50106,35,257,80,0,123,205,260,244,261,262,265,266,267,268,269,270,271,272,273,50107,50108,50109,50110,50111,38439,50112,50113,50114,50115,50116,50117,4062,50118,50119,50120,50121,50122,38572,50123,50124,50125,50126,50127,4055,50128,50129,50130,50131,50132,50133,50134,50135,50136,4046,50137,50138,50139,50140,50141,50142,50143,50144,50145,4037,50146,50147,50148,50149,50150,50151,50152,50153,4023,50154,50155,50156,50157,50158,50159,50160,50161,4033,50162,50163,50164,50165,50166,50167,50168,50169,4002,50170,50171,50172,50173,50174,50175,4016,50176
278,4136,4137,4138,4139,4140,4107,4123,4141,4142,4143,2579,2297,2891,4144,4145,13,4146,4147,4148,4149,4150,4151,4152,4153,53110,53111,53112,53113,53114,50642,53115,53116,53117,53118,30489,53119,53120,53121,41688,53122,53123,53124,53125,53126,53127,53128,53129,53130,53131,53132,53133,53134,53135,47975,53136,53137,33977,53138,53139,53140,53141,45563,53142,53143,53144,53145,53146,53147,53148,53149,53150,14078,53151,53152,53153,13683,53154,53155,12908,30491,37915,18554,18484,315,53156,53157,53158,53159,53160,53161,53162,53163,53164,9253,53165,9055,53166,53167,7746,53168,33978,37916,22501,22586,298,53169,53170,53171,53172,53173,53174,53175,53176,53177,53178,53179,53180,53181,53182,53183,53184,33979,30492,53185,53186,335,53187,53188,53189,53190,53191,53192,53193,53194,48384,52749,52750,52288,52270,52751,52752,52753,52754,30461,52755,52756,276,52757,52758,52759,52760,52761,52762,52763,52764,50834,52955,52956,52532,52957,52958,52959,33963,52960,52961,52962,277,52963,52964,52965,52966,52967,52968,52969,52970,53195,53196,53197,53198,53199,53200,53201,53202,53203,53204,53205,53206,53207,53208,53209,53210,53211,53212,53213,53214,53215,53216,53217,53218,52737,53219,53220,53221,53222,30494,53223,21100,53224,7650,53225,53226,53227,53228,53229,53230,53231,53232,53233,53234,53235,52738,53236,53237,53238,33982,53239,53240,53241,17282,12830,53242,53243,53244,53245,53246,53247,53248,53249,33976,33948,33980,33981,32772,29260,33015,33983,18140,165,33984,33985,33986,33987,33988,33989,33990,33991,30490,30477,30493,30495,29005,29486,17827,30496,145,30497,30498,30499,30500,30501,30502,30503,30504,37913,37914,37889,37902,37917,8323,13207,36867,21682,17584,186,37918,37919,37920,37921,37922,37923,37924,37925,53250,53251,53252,17286,53253,53254,53255,53256,282,53257,53258,53259,53260,53261,53262,53263,53264,53265,53266,53267,21104,53268,53269,53270,283,53271,53272,53273,53274,53275,53276,53277,53278,274,275,81,102,0,279,280,245,262,281,284,285,286,287,288,289,290,291,292,53279,53280,53281,53282,53283,53284,53285,53286,53287,53288,53289,53290,4326,53291,53292,53293,53294,53295,53296,53297,53298,53299,53300,53301,4319,53302,53303,53304,53305,53306,53307,53308,53309,53310,4310,53311,53312,53313,53314,53315,53316,53317,53318,53319,4301,53320,53321,53322,53323,53324,53325,53326,53327,376,53328,53329,53330,53331,53332,53333,53334,53335,387,53336,53337,53338,53339,53340,53341,53342,53343,350,53344,53345,53346,53347,53348,53349,363,53350
32,574,575,576,577,578,539,558,579,580,581,582,583,584,585,586,1,587,588,589,590,591,592,593,594,8135,8136,8137,8138,8139,6105,8140,8141,8142,8143,8144,8145,8146,8147,6196,8148,8149,8150,8151,8152,8153,8154,8155,8156,8157,8158,8159,8160,8161,6472,8162,8163,8164,8165,8166,8167,8168,6575,8169,8170,8171,8172,8173,8174,8175,8176,8177,8178,8179,8180,8181,6365,8182,8183,6778,8184,8185,6883,6794,6370,8186,8187,8188,8189,8190,8191,8192,8193,8194,8195,8196,6018,8197,8198,7063,8199,8200,8201,7097,7180,6022,8202,8203,8204,8205,8206,8207,8208,8209,8210,8211,8212,8213,8214,8215,8216,8217,8218,8219,8220,8221,7506,8222,8223,8224,8225,8226,8227,8228,8229,6431,7677,7678,6100,6079,7679,7680,7681,7682,7683,7684,7685,30,7686,7687,7688,7689,7690,7691,7692,7693,6084,7932,7933,6467,7934,7935,7936,7937,7938,7939,7940,31,7941,7942,7943,7944,7945,7946,7947,7948,8230,8231,8232,8233,8234,8235,8236,8237,8238,8239,8240,8241,8242,8243,8244,8245,8246,8247,8248,8249,8250,8251,8252,8253,7664,8254,8255,8256,8257,8258,8259,140,8260,138,8261,8262,8263,8264,8265,8266,8267,8268,8269,8270,8271,7665,8272,8273,8274,8275,8276,8277,8278,6801,7918,8279,8280,8281,8282,8283,8284,8285,8286,8287,8288,8289,8290,8291,8292,8293,8294,8295,7367,8296,8297,8298,8299,8300,8301,8302,8303,8304,8305,8306,8307,8308,8309,259,8310,144,8311,8312,8313,8314,8315,8316,8317,8318,8319,8320,8321,8322,8323,8324,8325,8326,7106,6803,7388,8327,8328,8329,8330,8331,8332,8333,8334,8335,8336,8337,7972,8338,8339,176,310,37,8340,8341,8342,8343,8344,8345,8346,8347,8348,8349,8350,146,8351,8352,8353,38,8354,8355,8356,8357,8358,8359,8360,8361,25,26,27,28,29,0,33,34,35,36,39,40,41,42,43,44,45,46,47,8362,8363,8364,8365,8366,8367,8368,8369,5458,8370,8371,8372,789,8373,8374,8375,8376,8377,8378,8379,5329,8380,8381,8382,782,8383,8384,8385,8386,8387,8388,8389,8390,8391,775,8392,8393,8394,8395,8396,8397,8398,8399,8400,768,8401,8402,8403,8404,8405,8406,8407,8408,752,8409,8410,8411,8412,8413,8414,8415,8416,763,8417,8418,8419,8420,8421,8422,8423,8424,732,8425,8426,8427,8428,8429,8430,745,8431
55,940,941,942,943,944,906,925,945,946,947,948,949,950,951,952,2,953,954,955,956,957,958,959,960,13021,13022,13023,13024,13025,11075,13026,13027,8645,13028,13029,13030,13031,13032,11143,13033,13034,13035,13036,13037,13038,13039,13040,13041,13042,13043,13044,13045,13046,11415,13047,13048,13049,13050,13051,13052,13053,11519,13054,13055,13056,13057,13058,13059,13060,13061,13062,13063,13064,13065,13066,11308,13067,13068,11718,13069,13070,11803,11733,11313,13071,13072,13073,13074,13075,13076,13077,13078,13079,13080,13081,10991,13082,13083,11978,13084,13085,13086,12011,12095,10994,13087,13088,13089,13090,13091,13092,13093,13094,13095,13096,13097,13098,13099,13100,13101,13102,13103,13104,13105,13106,12419,13107,13108,13109,13110,13111,13112,13113,13114,11374,12588,12589,11070,11050,12590,12591,12592,12593,12594,12595,12596,53,12597,12598,12599,12600,12601,12602,12603,12604,11054,12840,12841,11410,12842,12843,12844,12845,12846,12847,12848,54,12849,12850,12851,12852,12853,12854,12855,12856,13115,13116,13117,13118,13119,13120,13121,13122,13123,13124,13125,13126,13127,13128,13129,13130,13131,13132,13133,13134,13135,13136,13137,13138,12576,13139,13140,13141,13142,13143,13144,12020,13145,12559,13146,13147,13148,13149,13150,13151,13152,13153,7923,13154,13155,7951,13156,13157,13158,13159,13160,13161,13162,160,159,13163,13164,13165,13166,13167,13168,13169,13170,13171,13172,13173,13174,13175,13176,13177,13178,241,163,13179,13180,13181,13182,13183,13184,13185,13186,13187,13188,13189,13190,13191,13192,13193,13194,12263,13195,13196,13197,13198,13199,13200,13201,13202,13203,13204,13205,13206,13207,13208,13209,13210,12021,11741,12303,13211,13212,13213,13214,13215,13216,13217,13218,13219,13220,13221,166,13222,13223,9942,293,60,13224,13225,13226,13227,13228,13229,13230,13231,13232,13233,13234,12611,13235,13236,177,61,13237,13238,13239,13240,13241,13242,13243,13244,48,49,50,51,52,56,0,57,58,59,62,63,64,65,66,67,68,69,70,13245,13246,13247,13248,13249,13250,13251,13252,5015,13253,13254,13255,1153,13256,13257,13258,13259,13260,13261,13262,5172,13263,13264,13265,1147,13266,13267,13268,13269,13270,13271,13272,13273,13274,1139,13275,13276,13277,13278,13279,13280,13281,13282,13283,1131,13284,13285,13286,13287,13288,13289,13290,13291,1114,13292,13293,13294,13295,13296,13297,13298,13299,1126,13300,13301,13302,13303,13304,13305,13306,13307,1094,13308,13309,13310,13311,13312,13313,1106,13314
77,1276,1277,1278,1279,1280,1241,1261,1281,1282,1283,1284,1285,1286,1287,1288,3,1289,1290,1291,1292,1293,1294,1295,1296,17399,17400,17401,17402,17403,15846,17404,17405,17406,17407,17408,17409,17410,17411,15862,17412,17413,17414,17415,17416,17417,17418,17419,17420,17421,17422,17423,17424,17425,178,17426,17427,188,17428,17429,17430,17431,11823,17432,17433,17434,17435,17436,17437,17438,17439,17440,17441,17442,17443,17444,11644,17445,17446,16080,17447,17448,16170,16095,11648,17449,17450,17451,17452,17453,17454,17455,17456,17457,17458,17459,15773,17460,17461,16349,17462,17463,17464,16383,16454,15774,17465,17466,17467,17468,17469,17470,17471,17472,17473,17474,17475,17476,17477,17478,17479,17480,17481,17482,17483,17484,16765,17485,17486,17487,17488,17489,17490,17491,17492,11704,16937,16938,15841,11700,16939,16940,16941,16942,16943,16944,16945,75,16946,16947,16948,16949,16950,16951,16952,16953,15825,17216,17217,11739,17218,17219,17220,183,17221,17222,17223,76,17224,17225,17226,17227,17228,17229,17230,17231,17493,17494,17495,17496,17497,17498,17499,17500,17501,17502,17503,17504,17505,17506,17507,17508,17509,17510,17511,17512,17513,17514,17515,17516,16923,17517,17518,17519,17520,17521,17522,16392,17523,16904,17524,17525,17526,17527,17528,17529,17530,17531,17532,17533,17534,16924,17535,17536,17537,17538,17539,17540,17541,16102,17203,17542,17543,17544,17545,17546,17547,17548,17549,17550,142,17551,17552,17553,17554,17555,17556,222,162,17557,17558,17559,17560,17561,17562,17563,17564,17565,17566,17567,17568,17569,17570,17571,17572,16625,17573,17574,17575,17576,17577,17578,17579,17580,17581,17582,17583,186,17584,17585,17586,17587,16393,16104,16664,17588,17589,17590,17591,17592,17593,17594,17595,17596,17597,17598,17257,17599,17600,17601,17602,82,17603,17604,17605,17606,17607,17608,17609,17610,17611,17612,17613,16961,17614,17615,17616,83,17617,17618,17619,17620,17621,17622,17623,17624,71,50,72,73,74,78,79,0,80,81,84,85,86,87,88,89,90,91,92,17625,17626,17627,17628,17629,17630,17631,17632,17633,17634,17635,17636,1489,17637,17638,17639,17640,17641,17642,17643,17644,17645,17646,17647,1482,17648,17649,17650,17651,17652,17653,17654,17655,17656,1473,17657,17658,17659,17660,17661,17662,17663,17664,17665,1464,17666,17667,17668,17669,17670,17671,17672,17673,1447,17674,17675,17676,17677,17678,17679,17680,17681,1459,17682,17683,17684,17685,17686,17687,17688,17689,1427,17690,17691,17692,17693,17694,17695,1439,17696
98,1592,1593,1594,1595,1596,1557,1576,1597,1598,1599,1600,1601,1602,1603,1604,4,1605,1606,1607,1608,1609,1610,1611,1612,21497,21498,21499,21500,21501,179,21502,21503,21504,21505,187,21506,21507,21508,7170,21509,21510,21511,21512,21513,21514,21515,21516,21517,21518,21519,21520,21521,21522,20243,21523,21524,21525,21526,21527,21528,21529,20274,21530,21531,21532,21533,21534,21535,21536,21537,21538,21539,21540,21541,21542,16296,21543,21544,16368,21545,21546,16439,16384,16298,21547,21548,21549,21550,21551,21552,21553,21554,21555,21556,21557,7026,21558,21559,20434,21560,21561,21562,20468,20556,7029,21563,21564,21565,21566,21567,21568,21569,21570,21571,21572,21573,21574,21575,21576,21577,21578,21579,21580,21581,21582,20863,21583,21584,21585,21586,21587,21588,21589,21590,20206,21032,21033,7103,7082,21034,21035,21036,21037,182,21038,21039,96,21040,21041,21042,21043,21044,21045,21046,21047,7087,21290,21291,20238,21292,21293,21294,21295,21296,21297,21298,97,21299,21300,21301,21302,21303,21304,21305,21306,21591,21592,21593,21594,21595,21596,21597,21598,21599,21600,21601,21602,21603,21604,21605,21606,21607,21608,21609,21610,21611,21612,21613,21614,21018,21615,21616,21617,21618,21619,21620,20477,21621,21000,21622,21623,21624,21625,21626,21627,21628,21629,21630,21631,21632,21019,21633,21634,21635,21636,21637,21638,21639,16391,21276,21640,21641,21642,21643,21644,21645,21646,21647,21648,21649,21650,21651,21652,21653,21654,21655,21656,20743,21657,21658,21659,21660,21661,21662,21663,21664,21665,161,21666,21667,21668,21669,201,21670,141,21671,21672,21673,21674,21675,21676,21677,21678,21679,21680,186,21681,21682,21683,21684,21685,20478,16393,20764,21686,21687,21688,21689,21690,21691,21692,21693,21694,21695,21696,21332,21697,21698,21699,21700,103,21701,21702,21703,21704,21705,21706,21707,21708,21709,21710,21711,21055,21712,21713,21714,104,21715,21716,21717,21718,21719,21720,21721,21722,28,93,73,94,95,99,100,101,0,102,105,106,107,108,109,110,111,112,113,21723,21724,21725,21726,21727,21728,21729,21730,21731,21732,21733,21734,1801,21735,21736,21737,21738,21739,21740,21741,21742,21743,21744,21745,1794,21746,21747,21748,21749,21750,21751,21752,21753,21754,1785,21755,21756,21757,21758,21759,21760,21761,21762,21763,1776,21764,21765,21766,21767,21768,21769,21770,21771,1762,21772,21773,21774,21775,21776,21777,21778,21779,1772,21780,21781,21782,21783,21784,21785,21786,21787,1741,21788,21789,21790,21791,21792,21793,1755,21794
119,1904,1905,1906,1907,1908,1868,1888,1909,1910,1911,1912,1913,1914,1915,1916,5,1917,1918,1919,1920,1921,1922,1923,1924,25501,25502,25503,25504,25505,24213,25506,25507,25508,25509,9480,25510,25511,25512,24261,25513,25514,25515,25516,25517,25518,25519,25520,25521,25522,25523,25524,25525,25526,24463,25527,25528,14495,25529,25530,25531,25532,24525,25533,25534,25535,25536,25537,25538,25539,25540,25541,25542,25543,25544,25545,16581,25546,25547,16640,25548,25549,16725,16655,16585,25550,25551,25552,25553,25554,25555,25556,25557,25558,25559,25560,20664,25561,25562,20720,25563,25564,25565,20754,20839,20667,25566,25567,25568,25569,25570,25571,25572,25573,25574,25575,25576,25577,25578,25579,25580,25581,25582,25583,25584,25585,24844,25586,25587,25588,25589,25590,25591,25592,25593,24441,25020,25021,24208,24187,25022,25023,25024,25025,25026,25027,25028,117,25029,25030,25031,25032,25033,25034,25035,25036,24192,25298,25299,24458,25300,25301,25302,25303,25304,25305,25306,118,25307,25308,25309,25310,25311,25312,25313,25314,25594,25595,25596,25597,25598,25599,25600,25601,25602,25603,25604,25605,25606,25607,25608,25609,25610,25611,25612,25613,25614,25615,25616,25617,25006,25618,25619,25620,25621,25622,25623,20763,25624,24987,25625,25626,25627,25628,25629,25630,25631,25632,25633,25634,25635,25007,25636,25637,25638,25639,25640,25641,25642,16662,25284,25643,25644,25645,25646,25647,25648,25649,25650,25651,25652,25653,25654,25655,25656,25657,25658,25659,24710,25660,25661,25662,25663,25664,25665,25666,25667,25668,25669,25670,25671,25672,25673,25674,25675,24690,25676,25677,25678,25679,25680,25681,25682,25683,25684,25685,25686,25687,186,25688,25689,25690,20764,16664,24731,25691,25692,25693,25694,25695,25696,25697,25698,25699,25700,25701,25340,25702,25703,25704,25705,124,25706,25707,25708,25709,25710,25711,25712,25713,25714,25715,25716,25044,25717,25718,25719,125,25720,25721,25722,25723,25724,25725,25726,25727,114,115,74,95,116,120,121,122,123,0,126,127,128,129,130,131,132,133,134,25728,25729,25730,25731,25732,25733,25734,25735,25736,25737,25738,25739,2110,25740,25741,25742,25743,25744,25745,25746,25747,25748,25749,25750,2103,25751,25752,25753,25754,25755,25756,25757,25758,25759,2094,25760,25761,25762,25763,25764,25765,25766,25767,25768,2085,25769,25770,25771,25772,25773,25774,25775,25776,2071,25777,25778,25779,25780,25781,25782,25783,25784,2080,25785,25786,25787,25788,25789,25790,25791,25792,2053,25793,25794,25795,25796,25797,25798,2064,25799
181,2797,2798,2799,2800,2801,2211,2495,2802,2803,2804,2805,2806,2807,2808,2809,8,2810,2811,2812,2813,2814,2815,2816,2817,36678,36679,36680,36681,36682,29396,36683,36684,36685,36686,36687,36688,36689,36690,35594,36691,36692,36693,36694,36695,36696,36697,36698,36699,36700,36701,36702,36703,36704,32928,36705,36706,36707,36708,36709,36710,36711,35906,36712,36713,36714,36715,36716,36717,36718,36719,36720,36721,36722,36723,36724,32929,36725,36726,11737,36727,36728,18673,36072,17421,36729,36730,36731,36732,36733,36734,36735,36736,36737,36738,36739,29399,36740,36741,7102,36742,36743,36744,36272,22864,21497,36745,36746,36747,36748,36749,36750,36751,36752,36753,36754,36755,36756,36757,36758,36759,36760,36761,36762,36763,36764,27193,36765,36766,36767,36768,36769,36770,36771,36772,29397,29398,29400,8254,7952,29401,29402,29403,29404,29405,29406,29407,140,29408,29409,29410,29411,29412,29413,29414,29415,32927,32930,32931,13156,32932,32933,32934,32935,32936,32937,32938,160,32939,32940,32941,32942,32943,32944,32945,32946,36773,36774,36775,36776,36777,36778,36779,36780,36781,36782,36783,36784,36785,36786,36787,36788,36789,36790,36791,36792,36793,36794,36795,36796,7953,36797,36798,36799,36800,36801,36802,29419,36803,8255,36804,36805,36806,36807,36808,36809,36810,36811,36812,36813,36814,7954,36815,36816,36817,36818,36819,36820,36821,29443,13158,36822,36823,36824,36825,36826,36827,36828,36829,36830,36831,36832,36833,36834,36835,36836,36837,36838,32969,36839,36840,36841,36842,36843,36844,36845,36846,36847,36848,36849,36850,36851,36852,36853,36854,29423,36855,36856,36857,36858,36859,36860,36861,36862,36863,36864,36865,36866,36867,36868,36869,36870,36281,36080,36504,36871,36872,36873,36874,36875,36876,36877,36878,36879,36880,36881,32972,36882,36883,36884,36885,187,36886,36887,36888,36889,36890,36891,36892,36893,36894,36895,36896,29425,36897,36898,36899,188,36900,36901,36902,36903,36904,36905,36906,36907,176,177,178,179,180,182,183,184,185,186,0,189,190,191,192,193,194,195,196,36908,36909,36910,36911,36912,36913,36914,36915,36916,36917,36918,36919,3000,36920,36921,36922,36923,36924,36925,36926,36927,36928,36929,36930,2994,36931,36932,36933,36934,36935,36936,36937,36938,36939,2986,36940,36941,36942,36943,36944,36945,36946,36947,36948,2978,36949,36950,36951,36952,36953,36954,36955,36956,2963,36957,36958,36959,36960,36961,36962,36963,36964,2973,36965,36966,36967,36968,36969,36970,36971,36972,2943,36973,36974,36975,36976,36977,36978,2955,36979
190,2716,2944,2945,2770,2946,2219,2503,2811,2829,2947,2948,2880,2949,2911,2925,18,8,2950,2951,2952,2953,2954,413,2955,35401,35629,35630,35461,35631,8341,35496,35513,35632,35633,35563,35634,35597,35611,9553,176,35635,2956,35636,35637,35638,5808,35639,38497,38498,38499,38500,38501,38502,33053,38503,35829,38504,38505,38506,38507,38311,38508,2738,38509,38510,2737,38511,38512,38513,38514,38515,38516,36348,38517,38518,33054,38519,38520,34722,37795,38521,18686,38312,38522,2757,38523,38524,38525,38526,2754,5810,38527,36347,36230,36349,7109,36265,36283,21041,36350,36351,36352,21510,22875,7173,179,36353,36354,36355,36356,36357,5811,36358,38528,38529,38530,38531,38532,38533,38534,38535,38536,37796,38537,38538,27203,2795,38539,38540,38541,38542,38543,5812,2790,29523,29524,29525,8262,7959,29409,29427,29526,29527,29477,29528,29505,149,140,29529,29530,29531,2977,29532,2408,29533,8037,32900,33055,13164,32940,32957,33056,33057,33006,33058,33034,169,160,33059,33060,33061,33062,33063,2692,33064,36692,36920,36921,36746,36922,36787,36805,36923,36924,36856,36925,36887,36901,181,36926,36927,36928,36929,36930,2994,36931,37157,37158,37159,29206,37040,37057,37160,37161,37108,37162,21672,37139,28944,182,37163,37164,2969,37165,37166,5814,37167,37227,38544,38545,29304,38546,38547,38548,38549,38550,38551,38552,31267,32834,2849,38553,2847,38554,38555,38556,38557,38558,38559,37479,38560,38561,38562,37798,38563,38564,38314,34753,2868,38565,38566,38567,2864,38568,5816,38569,37794,37683,37700,37797,37732,37799,37760,37775,25111,185,37800,37801,37802,37803,37804,5817,37805,38570,38571,38572,38573,37925,38574,38575,38576,21740,38577,38578,2902,38579,38580,38581,38582,38583,2896,38584,38158,38159,38160,34756,38161,38162,38128,38141,303,187,38163,38164,38165,38166,2988,4538,38167,38223,38234,38313,29709,38264,38315,38293,319,188,38316,38317,38318,38319,38320,4740,38321,41,358,359,107,360,211,361,362,267,363,338,0,364,365,366,367,368,369,370,177,178,180,183,184,186,189,191,192,193,194,195,196,38585,38586,38587,38588,38589,38590,38591,38592,38593,38594,38595,5313,38596,38597,38598,38599,2830,38600,38601,38602,38603,5304,5441,38604,2718,38605,38606,38607,38608,38609,38610,5297,38611,5571,38612,38613,38614,38615,38616,2914,5281,38617,5819,38618,38619,2223,38620,38621,38622,5292,38623,5820,38624,5809,5802,5813,5815,5818,23,5821,38625,38626,2817,38627,38628,5274,38629
189,2715,2932,2933,2769,2934,2218,2502,2810,2828,2935,2936,2879,2937,2910,2924,17,2938,8,2939,2940,2941,2942,2943,420,35400,35618,35619,35460,35620,8340,35495,35512,35621,35622,35562,35623,35596,35610,9552,35624,176,35625,2966,35626,35627,35628,5889,38364,38365,38366,38367,38368,38369,33041,38370,35830,38371,38372,38373,38374,38300,38375,38376,2739,2736,38377,38378,38379,38380,38381,38382,38383,36336,38384,38385,33042,38386,38387,34576,37783,38388,18687,38301,38389,38390,2758,38391,38392,2753,38393,38394,5891,36335,36229,36337,7108,36264,36282,21040,36338,36339,36340,21509,22874,7172,36341,179,36342,36343,36344,36345,36346,5892,38395,38396,38397,38398,38399,38400,38401,38402,38403,37784,38404,38405,27204,38406,2796,38407,38408,38409,38410,2789,5893,29512,29513,29514,8261,7958,29408,29426,29515,29516,29476,29517,29504,148,29518,140,29519,29520,29521,2985,29522,2415,8036,32899,33043,13163,32939,32956,33044,33045,33005,33046,33033,168,33047,160,33048,33049,33050,33051,33052,2698,36691,36908,36909,36745,36910,36786,36804,36911,36912,36855,36913,36886,36900,36914,181,36915,36916,36917,36918,36919,3000,37146,37147,37148,29205,37039,37056,37149,37150,37107,37151,21671,37138,28943,37152,182,2959,37153,37154,37155,37156,5895,37226,38411,38412,29292,38413,38414,38415,38416,38417,38418,38419,31129,32821,38420,2848,38421,2846,38422,38423,38424,38425,38426,37478,38427,38428,38429,37786,38430,38431,38303,34607,38432,2867,38433,38434,38435,2863,38436,5897,37782,37682,37699,37785,37731,37787,37759,37774,25110,37788,185,37789,37790,37791,37792,37793,5898,38437,38438,38439,38440,37924,38441,38442,38443,21728,38444,38445,38446,2901,38447,38448,38449,38450,38451,2895,38148,38149,38150,34610,38151,38152,38127,38140,302,38153,187,38154,38155,2980,38156,38157,4545,38222,38233,38302,29708,38263,38304,38292,318,38305,188,38306,38307,38308,38309,38310,4746,40,345,346,106,347,210,348,349,266,350,337,351,0,352,353,354,355,356,357,38452,38453,38454,38455,38456,38457,38458,38459,38460,38461,38462,38463,5162,177,178,180,183,184,186,190,191,192,193,194,195,196,2717,38464,38465,38466,38467,38468,38469,38470,5148,38471,5448,38472,38473,38474,2831,38475,38476,38477,5139,38478,38479,5576,38480,2222,38481,38482,38483,5124,38484,38485,5900,38486,38487,38488,38489,2915,5135,38490,38491,5901,38492,38493,2816,38494,38495,5116,38496,5890,5883,5894,5896,5899,24,5902
192,2966,2739,2756,2967,2968,2221,2505,2813,2969,2849,2866,2970,2971,2913,2927,20,2940,2952,8,2972,395,2973,2974,2975,38739,38740,38741,38742,38743,29544,38744,38745,35529,38746,38747,38748,38177,38749,38750,38472,2718,2715,38751,38752,38753,38754,38755,35947,35726,35743,35948,35949,35797,13240,35814,35950,35846,35951,35952,35895,35910,14567,2932,35932,177,35953,5610,35954,35955,35956,36166,36015,36167,36168,36066,11746,36084,36169,17227,36170,36171,18685,17435,11827,36141,36152,178,36172,5611,36173,36174,36175,38756,38757,38758,29545,38759,38760,31494,38761,37622,38762,38178,22880,38763,38473,38605,2775,38764,5612,38765,38766,2772,38767,38768,38769,38770,38771,38772,38773,38774,37623,38775,38776,38777,27201,38778,38779,2793,38780,5613,2792,38781,38782,12677,29371,29546,8264,7961,29411,29547,29447,29464,29548,29549,29507,151,29520,29531,140,29550,2392,29551,29552,29553,33074,33075,33076,13166,32942,33077,32976,32992,33078,33079,33036,171,33049,33061,160,33080,2674,33081,2993,33082,36942,36715,36732,36943,36944,36789,36945,36825,36842,36946,36947,36889,36903,36916,36928,181,36948,2978,36949,36950,36951,36990,38783,38784,29326,38785,38786,38787,38788,38789,38790,31522,38791,29089,2831,38607,2829,38792,38793,38794,38795,38796,37411,37412,37413,29223,37277,37414,37312,37327,37415,37416,37374,17560,32733,37385,2947,183,37417,5616,37418,37419,37420,37621,37477,37494,37624,37527,37625,37626,37571,37584,25389,37596,37607,184,37627,5617,37628,37629,37630,38797,37689,38798,38799,38800,38801,38180,38802,31526,38475,38608,2886,38803,5618,38804,2882,38805,38806,38807,38808,38809,37923,38810,38811,38812,38813,17664,38814,38815,38816,2900,38817,2898,38818,38819,38820,38057,38069,38179,33468,38100,38181,38130,38143,305,38155,38165,187,38182,4521,38183,38184,38185,38330,38331,38332,31528,38333,38334,38295,321,38307,38318,188,38335,4723,38336,38337,3002,382,66,88,383,384,385,234,252,386,387,340,353,366,0,388,389,390,391,392,38377,38392,38474,2846,38434,38476,38460,189,38477,5139,38478,38479,5576,2737,38525,38606,38554,38567,38609,38593,190,38610,5297,38611,5571,38612,176,179,180,182,185,186,191,193,194,195,196,38821,38822,38823,38824,38825,38826,38827,5555,38828,38829,38830,5609,5601,5614,5615,5619,21,5620,5621,5622,38831,38832,2815,38833,38834,5550,38835,38836,38837,38838,38839,38840,38841,2930,5136,38842,38843,2509,38844,38845,38846,5294,38847
191,2956,2738,2755,2957,2958,2220,2504,2812,2959,2848,2865,2960,2961,2912,2926,19,2939,2951,2962,8,2963,404,2964,2965,38630,38631,38632,38633,38634,29534,38635,38636,35530,38637,38638,38639,38168,38640,38641,2717,38597,38642,2716,38643,38644,38645,38646,35937,35725,35742,35938,35939,35796,13239,35813,35940,35845,35941,35942,35894,35909,14566,35921,2944,35943,177,35944,5711,35945,35946,36156,36014,36157,36158,36065,11745,36083,36159,17226,36160,36161,18684,17434,11826,36140,36151,36162,178,36163,5712,36164,36165,38647,38648,38649,29535,38650,38651,31370,38652,37612,38653,38169,22881,38654,38464,38598,38655,2776,38656,5713,2771,38657,38658,38659,38660,38661,38662,38663,38664,38665,37613,38666,38667,38668,27202,38669,38670,38671,2794,2791,5714,38672,38673,12676,29370,29536,8263,7960,29410,29537,29446,29463,29538,29539,29506,150,29519,29530,29540,140,29541,2400,29542,29543,33065,33066,33067,13165,32941,33068,32975,32991,33069,33070,33035,170,33048,33060,33071,160,33072,2683,33073,2999,36932,36714,36731,36933,36934,36788,36935,36824,36841,36936,36937,36888,36902,36915,36927,36938,181,36939,2986,36940,36941,36989,38674,38675,29316,38676,38677,38678,38679,38680,38681,31398,38682,29078,38466,2830,38683,2828,38684,38685,38686,38687,37401,37402,37403,29222,37276,37404,37311,37326,37405,37406,37373,17559,32732,2935,37396,37407,183,37408,5717,37409,37410,37611,37476,37493,37614,37526,37615,37616,37570,37583,25388,37595,37606,37617,184,37618,5718,37619,37620,38688,37688,38689,38690,38691,38692,38171,38693,31402,38467,38600,38694,2885,38695,5719,38696,2881,38697,38698,38699,38700,37922,38701,38702,38703,38704,17654,38705,38706,38707,38708,2899,38709,2897,38710,38711,38056,38068,38170,33467,38099,38172,38129,38142,304,38154,38164,38173,187,38174,4529,38175,38176,38322,38323,38324,31404,38325,38326,38294,320,38306,38317,38327,188,38328,4732,2996,38329,371,65,87,372,373,374,233,251,375,376,339,352,365,377,0,378,379,380,381,2736,38391,38465,38421,38433,38468,38459,38469,189,38470,5148,38471,5448,38510,38524,38599,2847,38566,38601,38592,38602,190,38603,5304,5441,38604,38712,38713,38714,38715,38716,38717,38718,38719,5434,38720,38721,176,179,180,182,185,186,192,193,194,195,196,38722,38723,2814,38724,38725,5420,38726,38727,38728,5710,5702,5715,5716,5720,22,5721,5722,5723,38729,2508,38730,38731,38732,5126,38733,38734,38735,38736,38737,2931,5284,38738
404,5710,5711,5712,5713,5714,5702,2683,5715,5716,5717,5718,5719,2897,5720,4732,22,5148,5304,5434,194,191,5721,5722,5723,70603,70604,70605,70606,70607,51982,70608,70609,70610,70611,51989,70612,70613,60132,70436,38941,66490,70614,38619,38646,70615,38644,70616,70617,70618,70619,70620,70621,70622,14639,70623,70624,48480,70625,35879,60172,60150,14569,70626,38512,67816,2741,2738,70627,70628,38734,70629,70630,70631,70632,70633,11900,70634,70635,17380,70636,36128,19922,19894,11829,38391,70637,67817,2758,2755,70638,70639,70640,70641,70642,70643,23881,70644,70645,23894,70646,70647,37999,23902,23026,23884,64909,66492,70648,36392,2957,70649,36366,70650,70651,70652,70653,70654,70655,70656,70657,70658,70659,70660,70661,70662,27904,70663,70664,38714,36663,2958,70665,70666,70667,14638,70534,70535,70401,15510,70536,70537,70538,70539,51985,70540,60142,403,64901,2400,67809,2985,29519,70541,70542,31768,35183,35184,35185,15522,35186,35187,35188,35189,35190,33021,35191,173,34687,34832,34947,2507,2504,35192,35193,35194,70668,70669,70670,70671,70672,70673,70674,70675,70676,70677,70678,70679,60153,64911,66494,67820,2986,36938,38995,70680,70681,70682,70683,70684,35176,70685,70686,70687,70688,70689,70690,23911,70691,70527,64912,38980,70692,38489,38686,70693,70694,38685,70695,70696,70697,35177,70698,70699,70700,70701,70702,37359,70703,19901,32735,38423,70704,67822,2851,2848,70705,38731,70706,70707,49315,70708,70709,70710,70711,37554,70712,44841,25391,70713,38566,67823,2868,2865,70714,70715,70716,70717,49942,70718,70719,70720,38001,51994,70721,27853,64914,66496,70722,37838,2960,70723,70724,37813,37998,37880,37894,37907,37920,38000,37952,38002,21688,17590,25693,37982,37993,38003,186,2961,38004,38005,38006,70725,70726,70727,33539,70728,70729,70730,46469,406,4529,66497,67825,2988,38164,70731,57886,70732,60149,60151,60152,60154,60155,38280,46443,323,59669,59809,59922,2929,2926,60156,39004,60157,402,68,90,111,132,405,236,254,271,290,407,355,368,379,390,0,408,409,410,35923,64908,64910,64913,37595,38447,64627,64719,2942,2939,64915,64916,5779,66491,36151,66493,37398,66495,38580,66219,66312,2954,2951,66498,5772,66499,67815,67818,67819,67821,67824,38708,67705,2962,5764,67826,67827,2984,2774,2794,2987,2884,2900,2973,8,2989,2990,2991,2956,2220,2812,2959,2912,19,2963,2964,2965,70733,70734,70735,70736,70737,5566,70738,70739,70740,35945,33097,70741,70742,70743,5152,70744,70745,70746,70747,37410,38353,5310,70748
395,5609,5610,5611,5612,5613,5601,2674,5614,5615,5616,5617,5618,2898,5619,4723,21,5139,5297,193,5555,5620,192,5621,5622,69566,69567,69568,69569,69570,51891,69571,69572,69573,69574,51898,69575,69576,60046,69399,64829,38861,38480,69577,69578,38754,69579,38752,69580,69581,69582,69583,69584,69585,14631,69586,69587,48471,69588,35880,60086,60064,14568,38378,69589,2740,69053,69590,2739,38838,69591,69592,69593,69594,69595,69596,11892,69597,69598,17371,69599,36129,19822,19794,11828,69600,38525,2757,69054,69601,2756,69602,69603,69604,69605,69606,23785,69607,69608,23798,69609,69610,38008,23806,23017,23788,64831,66434,36383,69611,69612,2967,69613,36374,69614,69615,69616,69617,69618,69619,69620,69621,69622,69623,69624,69625,27807,69626,69627,36655,38823,69628,2968,69629,69630,14630,69497,69498,69364,15420,69499,69500,69501,69502,51894,69503,60056,394,2392,66426,2977,69046,69504,29531,31675,69505,35091,35092,35093,15432,35094,35095,35096,35097,35098,33022,35099,172,34678,34825,2506,35048,35100,2505,35101,35102,69631,69632,69633,69634,69635,69636,69637,69638,69639,69640,69641,69642,60067,64833,66436,2978,69057,38914,36948,69643,69644,69645,69646,69647,35084,69648,69649,69650,69651,69652,69653,23815,69654,69490,38900,66437,38616,69655,69656,38796,38793,69657,69658,69659,69660,35085,69661,69662,69663,69664,69665,37360,69666,19801,32734,69667,38555,2850,69059,69668,2849,69669,38845,69670,49220,69671,69672,69673,69674,37555,69675,44833,25390,38434,69676,2867,69060,69677,2866,69678,69679,69680,49933,69681,69682,69683,38010,51903,69684,27756,64835,66439,37831,69685,69686,2970,37821,69687,38007,37881,37895,37908,37921,38009,37953,38011,21689,17591,25694,37983,37994,186,38012,38013,2971,38014,38015,69688,69689,69690,33532,69691,69692,69693,46385,397,64836,4521,2980,69062,69694,38155,69695,57805,60063,60065,60066,60068,60069,38281,46359,322,59660,59802,2928,60021,60070,2927,60071,38927,393,67,89,110,131,396,235,253,270,289,398,354,367,378,389,399,0,400,401,64830,36141,64832,37386,64834,38448,64619,2941,64803,64837,2940,64838,5677,35933,66433,66435,66438,37607,38581,66213,2953,66396,66440,2952,5672,66441,2976,2773,2793,2979,2883,2899,2963,2981,8,2982,2983,69052,69055,69056,69058,69061,38817,69007,5663,2972,69063,69064,69696,69697,69698,69699,69700,5429,69701,69702,69703,2966,2221,2813,2969,2913,20,2973,2974,2975,69704,69705,69706,37419,38344,5144,69707,35956,33090,69708,69709,69710,5302,69711
420,5889,5890,5891,5892,5893,2415,5883,5894,5895,5896,5897,5898,2895,4545,5899,24,5162,196,5448,5576,5900,5901,189,5902,72447,72448,72449,72450,72451,9652,72452,72453,72454,72455,50959,35580,57987,58009,9559,65030,2722,72456,38755,72457,38486,2715,72458,72459,72460,72461,72462,72463,72464,49485,72465,72466,49493,72467,72468,57974,72469,72317,72470,38843,39087,69236,38381,72471,38379,72472,72473,72474,72475,72476,72477,20051,72478,72479,20063,72480,37977,18866,20070,20055,72481,36191,67935,69237,36144,72482,2933,72483,72484,72485,72486,7276,72487,72488,21212,72489,72490,36327,24072,24098,7179,65033,2776,38464,72491,72492,72493,2769,72494,72495,72496,72497,72498,72499,72500,72501,72502,72503,72504,72505,72506,28072,38454,36677,72507,72508,72509,72510,2934,72511,31869,31870,31871,10870,10859,31872,31873,31874,31875,31876,29490,31877,155,31208,2225,31470,31593,31878,31879,2218,31880,9651,72392,72393,72276,72394,72395,72396,49490,72397,72398,57982,419,65026,2999,67930,2698,72399,35246,33048,72400,72512,72513,72514,72515,72516,72517,72518,72519,72520,72521,72522,57991,72523,65035,3000,67938,69239,72524,72525,36914,39136,72526,72527,72528,31864,72529,72530,72531,72532,72533,37124,24081,72534,28950,65036,2835,38687,72535,38482,72536,2828,72537,72538,72539,72540,31865,72541,72542,72543,72544,72545,72546,72547,20077,72388,72548,38737,67940,39124,72549,38425,38422,72550,72551,47091,72552,72553,72554,72555,37979,72556,49498,28026,72557,37638,67941,69240,72558,37599,2936,72559,72560,52138,72561,72562,72563,37745,41348,72564,25117,65039,2886,72565,38475,72566,72567,2879,72568,37861,37976,37892,37905,37918,37934,37978,37980,21686,17588,25691,37981,186,37982,37983,37984,37985,2937,37986,57988,57989,57990,57992,57993,38112,42892,42919,309,57351,2917,57602,57718,38911,57994,2910,57995,72569,72570,72571,29793,72572,72573,72574,422,65040,3002,4746,69242,60119,72575,38307,72576,47,418,92,113,134,217,421,256,273,292,423,357,370,381,392,401,410,0,424,65031,65032,65034,65037,65038,38446,64639,64727,64815,65041,65042,2938,5940,2998,2760,2796,3001,2870,2902,2955,2965,2975,2983,2991,8,3003,35649,67936,67937,67939,37789,38706,67717,67942,5779,2939,67943,69235,36343,69238,37187,69241,38815,69025,5677,69243,2940,69244,35626,29560,72577,72578,72579,5431,72580,2941,72581,72582,72583,72584,37155,38199,5568,72585,2942,72586,2932,2502,2810,2935,2924,17,2943,72587,72588,72589,72590,72591,5322,72592
413,5808,5809,5810,5811,5812,2408,5802,5813,5814,5815,5816,5817,2896,4538,5818,23,195,5313,5441,5571,5819,5820,5821,190,71606,71607,71608,71609,71610,9645,71611,71612,71613,71614,50952,35581,57919,57941,9558,2721,66567,38645,71615,38613,71616,71617,2716,71618,71619,71620,71621,71622,71623,49412,71624,71625,49420,71626,71627,57906,71628,71476,38729,71629,67875,39023,71630,38513,71631,38511,71632,71633,71634,71635,71636,19971,71637,71638,19983,71639,37988,18859,19990,19975,36182,71640,67876,69192,71641,36154,71642,2945,71643,71644,71645,7269,71646,71647,21205,71648,71649,36328,23996,24022,7178,2775,66570,71650,38605,71651,71652,71653,2770,71654,71655,71656,71657,71658,71659,71660,71661,71662,71663,71664,71665,27995,36671,38587,71666,71667,71668,71669,71670,2946,31795,31796,31797,10789,10778,31798,31799,31800,31801,31802,29491,31803,154,2224,31340,31463,31588,31804,31805,31806,2219,9644,71551,71552,71435,71553,71554,71555,49417,71556,71557,57914,412,2993,66563,2692,69187,35149,71558,71559,33061,71671,71672,71673,71674,71675,71676,71677,71678,71679,71680,71681,57923,71682,2994,66572,67878,69195,71683,71684,39071,36926,71685,71686,71687,31790,71688,71689,71690,71691,71692,37125,24005,71693,28949,2834,66573,71694,38795,71695,38621,71696,2829,71697,71698,71699,31791,71700,71701,71702,71703,71704,71705,71706,19997,71547,38841,71707,39060,69197,38557,71708,71709,38556,71710,47084,71711,71712,71713,71714,37990,71715,49425,27949,37645,71716,67879,69198,37609,71717,71718,2948,71719,52065,71720,71721,71722,37746,41341,71723,25116,2885,66576,38600,71724,71725,71726,71727,2880,37862,37987,37893,37906,37919,37935,37989,37991,21687,17589,25692,186,37992,37993,37994,37995,37996,37997,2949,57920,57921,57922,57924,57925,38113,42817,42844,308,2916,57479,57595,57713,57926,38991,57927,2911,71728,71729,71730,29787,71731,71732,71733,415,2996,66577,67881,4740,71734,60200,71735,38317,46,411,91,112,133,216,414,255,272,291,416,356,369,380,391,400,409,417,0,2992,2759,2795,2995,2869,2901,2943,2964,2974,2982,2990,2997,8,66568,66569,66571,66574,66575,38579,66227,66316,66404,66578,66579,5859,2950,67874,36354,67877,37176,67880,38707,67711,67882,5772,67883,2951,35658,69193,69194,69196,37802,38816,69021,5672,69199,69200,2952,71736,71737,71738,37165,38191,5430,71739,71740,2953,35638,29566,71741,71742,71743,5567,71744,71745,2954,71746,71747,71748,71749,71750,5159,71751,2944,2503,2811,2947,2925,18,2955
232,3317,365,3542,3334,3543,3367,2538,3386,3406,3544,3545,3459,3546,3492,3507,3524,10,3547,3548,361,3549,3550,3551,3552,42959,40895,43137,42975,43138,43009,29806,43026,43139,43140,43055,43141,43087,43102,43119,218,43142,3553,43143,43144,43145,43146,43147,5275,5179,5194,5276,5277,2363,2646,2951,212,5241,5278,5279,4493,4695,4956,19,5269,5280,18,5281,5282,5283,5284,45977,45978,43360,45979,45980,33500,45981,45982,45983,44997,45984,18166,45584,45985,1334,45986,45987,5190,45988,1331,45989,20095,39603,43205,43361,43241,43259,43278,43295,43362,43363,43364,43325,22903,43341,219,43365,43366,43367,43368,43369,43370,43371,45990,45991,45992,45993,45994,45995,45996,45997,45998,44998,45999,46000,43575,3356,46001,46002,46003,46004,46005,46006,3351,40044,43789,43790,43690,29989,29972,43705,43791,43792,43736,43793,30933,43772,221,43794,43795,5218,3576,43796,43797,43798,33368,33383,33501,32731,17558,33403,33502,33503,33435,33504,33466,33482,162,33505,33506,2642,33507,33508,33509,33510,43862,44042,44043,43878,44044,43914,43931,44045,44046,43982,44047,44010,44024,222,44048,44049,5219,44050,44051,3592,44052,39373,44318,44319,44144,44163,44183,44320,44321,44236,44322,44269,44283,44300,223,44323,44324,3567,44325,44326,44327,44328,44389,46007,46008,46009,46010,46011,46012,46013,46014,46015,46016,45586,46017,3429,46018,3427,5221,46019,46020,46021,46022,46023,44699,46024,46025,46026,45000,46027,46028,45587,46029,3447,46030,46031,5222,3443,46032,46033,46034,41130,44867,44883,44999,44915,45001,44945,44961,44978,226,45002,45003,45004,45005,45006,45007,45008,46035,46036,46037,46038,45118,46039,46040,46041,46042,46043,46044,3483,46045,46046,46047,46048,46049,3477,46050,41893,45405,45406,45407,45408,45409,45374,45388,34186,228,45410,45411,5225,45412,3587,45413,45414,45476,45488,45585,45520,45535,45588,45566,34416,229,45589,45590,4691,45591,45592,45593,45594,45650,45800,45801,45684,45802,45714,45803,45804,45745,45805,45782,230,45806,45807,5226,45808,45809,45810,3601,0,79,220,224,225,227,231,233,234,235,236,237,238,42500,46051,46052,46053,46054,46055,46056,46057,5227,46058,46059,46060,46061,46062,46063,46064,3407,46065,46066,46067,46068,46069,46070,46071,3319,5216,5217,5220,5223,5224,5228,5229,5230,5231,5232,46072,46073,46074,46075,3495,46076,46077,46078,5915,46079,3371,46080,46081,46082,46083,46084,5834,46085,42511,34762,46086,46087,46088,3529,46089,42518,46090,3392,46091,46092,46093,46094
250,3615,3779,367,1659,3780,3631,2554,3648,3665,3781,3782,3697,3783,3729,3744,3761,11,3784,3785,3786,3787,362,3788,3789,46645,46832,46833,8839,46834,46682,46697,46718,46835,46836,46749,46837,46781,46795,46813,239,46838,3790,46839,46840,46841,46842,46843,48838,48839,5180,48840,48841,48842,33688,48843,13642,48844,48845,48846,48847,48438,48848,993,48849,48850,992,48851,5173,48852,48853,5295,5196,1752,5213,5296,2648,5297,5298,5229,4013,5259,306,4697,5299,21,5271,5281,5291,5300,18,5301,5302,22425,20534,22426,22295,21351,22312,22329,22427,22428,22429,22376,22390,22407,101,22430,22431,22432,22433,1747,22434,22435,48854,48855,48856,48857,48858,48859,48860,48861,48862,47871,48863,48864,26459,1978,48865,48866,48867,48868,5207,48869,1973,47031,47032,47033,46935,33578,46951,46966,47034,47035,46980,47036,46995,47012,240,47037,47038,47039,3813,47040,47041,47042,33564,32289,33689,32747,13180,33594,33690,33691,33623,33692,33653,33670,163,33693,33694,33695,33696,2643,33697,33698,47109,47256,47257,47141,47258,47176,47194,47259,47260,47223,47261,47237,35844,241,47262,47263,47264,47265,47266,3832,47267,47472,47473,47474,47339,47358,47376,47475,47476,25941,47477,47423,47436,47453,242,47478,47479,3804,47480,47481,47482,47483,44683,48870,48871,48872,48873,48874,48875,48876,48877,48878,48879,48440,48880,3445,48881,3443,48882,48883,5222,48884,48885,48886,47562,48887,48888,48889,47873,48890,48891,48441,48892,3686,48893,48894,48895,3682,5236,48896,48897,47870,47772,47789,47872,47804,47874,47820,47835,47852,244,47875,47876,47877,47878,4008,47879,47880,48898,48899,48900,48901,47987,48902,48903,48904,48905,48906,48907,3718,48908,48909,48910,48911,5237,3712,48912,48258,48259,48260,48261,48262,48263,48210,48224,48239,246,48264,48265,48266,48267,3825,48268,48269,48333,48344,48439,48361,48375,48442,48405,48420,247,48443,48444,48445,48446,4692,48447,48448,48510,48653,48654,48526,48655,48555,48656,48657,48601,48658,48634,248,48659,48660,48661,48662,48663,48664,3842,57,0,122,225,243,245,249,251,252,253,254,255,256,48913,48914,48915,48916,48917,48918,48919,48920,48921,48922,5240,48923,48924,48925,48926,48927,3666,48928,48929,48930,48931,5241,48932,48933,3617,48934,48935,48936,48937,48938,48939,48940,5242,48941,48942,48943,48944,48945,48946,3732,48947,48948,48949,48950,5233,3635,5234,5235,5238,5239,5243,5244,5245,48951,48952,48953,48954,48955,3766,48956,48957,48958,3654,48959,48960,48961,48962
286,4078,4270,4271,1675,369,4113,4129,4147,4165,4272,4273,3935,4274,4218,4233,4252,13,4275,4276,4277,4278,4279,4280,363,52204,52379,52380,9060,52381,52258,52275,52294,52382,52383,50601,52384,50840,52343,52361,274,52385,4281,52386,52387,52388,52389,5246,54836,54837,54838,54839,54840,54841,53049,54842,52553,54843,54844,54845,54846,54398,54847,4097,54848,54849,4096,54850,54851,54852,54853,54854,54855,22632,5197,54856,53050,54857,54858,54859,50717,54860,18566,54399,54861,1366,54862,19596,54863,54864,1363,54865,5191,22631,9282,1754,7753,22494,22510,22527,22633,22634,22635,22579,22594,22613,102,22636,22637,22638,22639,22640,22641,1748,744,5311,5215,2366,5312,5313,3255,5314,5244,4015,4496,5315,343,23,5273,5283,5293,5301,5309,5316,18,52841,52842,52843,52726,52742,52758,21107,52844,52845,30433,52846,52807,52823,276,52847,52848,52849,4300,52850,52851,5248,52914,52931,53051,52948,52964,52981,53052,53053,33755,53054,53013,53029,277,53055,53056,53057,53058,53059,53060,53061,53123,53291,53292,53170,53293,53209,53226,53294,53295,30498,53296,53258,53272,278,53297,53298,53299,53300,53301,4319,53302,53527,53528,53529,53377,53395,53412,53530,53531,17835,53532,53478,53492,53509,279,53533,53534,4292,53535,53536,53537,5250,53597,54866,54867,54868,54869,54870,54871,54872,54873,54874,54875,54401,54876,4185,54877,4183,54878,54879,54880,54881,54882,54883,47970,54884,54885,54886,50719,54887,54888,54402,54889,3716,54890,54891,49155,3712,54892,54893,5237,50716,50632,50647,50718,41361,50720,41676,50679,50698,262,50721,50722,50723,50724,50725,50726,4009,54894,54895,54896,54897,53905,54898,54899,54900,54901,54902,54903,4208,54904,54905,54906,54907,54908,4202,5252,54217,54218,54219,54220,54221,54222,54170,54184,54199,282,54223,54224,54225,54226,4312,54227,5253,54289,54300,54400,54317,54332,54403,54363,54378,283,54404,54405,54406,54407,54408,54409,54410,54470,54657,54658,54523,54659,54555,54660,54661,54601,54662,54638,284,54663,54664,54665,54666,54667,54668,4329,275,81,0,280,245,281,285,287,288,289,290,291,292,54909,54910,54911,54912,54913,54914,54915,54916,54917,54918,54919,54920,5256,54921,23517,54922,4166,54923,54924,54925,5408,54926,54927,5257,4080,54928,54929,54930,51602,54931,54932,54933,5537,54934,5258,54935,54936,54937,54938,4221,54939,54940,54941,5259,54942,4117,54943,54944,54945,54946,54947,54948,5260,54949,54950,54951,54952,54953,4257,54954,5247,5249,4153,5251,5254,5255,5261
64,809,1096,1097,873,1098,914,933,954,974,366,1099,1008,1100,1043,1059,1078,2,1101,358,1102,1103,1104,1105,1106,10935,11200,11201,10998,11202,11038,11057,11078,8694,11203,11112,11204,11147,11163,11182,48,11205,1107,11206,11207,11208,11209,11210,15029,15030,15031,15032,15033,15034,12964,15035,11438,15036,15037,15038,15039,14598,15040,833,15041,5167,832,15042,15043,15044,15045,15046,15047,12140,15048,15049,12965,15050,15051,5195,13952,15052,11815,14599,15053,856,15054,5168,15055,15056,853,15057,15058,12139,11947,12141,11985,12004,12025,12042,6966,12142,12143,12088,12102,12120,51,12144,12145,12146,12147,12148,12149,12150,15059,15060,15061,15062,15063,15064,15065,15066,15067,13953,15068,15069,12427,899,15070,15071,15072,15073,15074,15075,894,12709,12710,12711,12565,12581,12598,12614,8098,12712,12642,12713,12675,12692,53,12714,5171,12715,1130,12716,12717,12718,12780,12799,12966,12833,12850,12869,2647,12967,12897,12968,12929,12946,54,12969,2639,12970,12971,12972,12973,12974,13034,13256,13257,13088,13258,13129,13147,13259,13260,13196,13261,13225,13238,55,13262,5172,13263,13264,13265,1147,13266,13522,13523,13524,13374,13392,13412,6640,13525,13443,13526,13474,13488,13504,56,13527,13528,1121,13529,13530,13531,13532,43,5285,5286,2364,2952,5287,5228,5242,5288,5289,4494,4696,4957,20,5270,18,5290,5291,5292,5293,5294,15076,13611,15077,15078,15079,13954,15080,15081,14601,15082,996,15083,5173,15084,992,15085,15086,15087,13951,13837,13854,8931,13869,13955,13899,13915,13932,58,13956,13957,13958,13959,13960,13961,13962,15088,15089,15090,15091,14094,15092,15093,15094,15095,15096,15097,1033,15098,15099,15100,15101,15102,1027,15103,14402,14403,14404,9819,14405,14406,14356,14370,14385,60,14407,5176,14408,14409,1141,14410,14411,14473,14485,14600,14519,14534,14602,14565,14580,61,14603,4688,14604,14605,14606,14607,14608,14665,14850,14851,14718,14852,14750,14853,14854,14795,14855,14832,62,14856,5177,14857,14858,14859,14860,1155,49,50,52,0,57,59,63,65,66,67,68,69,70,15104,15105,15106,10574,15107,15108,15109,5178,15110,15111,15112,15113,15114,5166,5169,5170,975,5174,5175,5179,5180,5181,5182,5183,811,15115,15116,15117,15118,15119,15120,15121,15122,15123,15124,15125,15126,15127,15128,1046,15129,15130,5796,15131,15132,918,15133,15134,15135,15136,15137,15138,5877,15139,15140,15141,10591,15142,1083,15143,15144,15145,960,10585,15146,15147,15148
86,1169,1429,1430,1209,1431,1250,1269,1290,1311,1432,368,1347,1433,1379,1393,1411,3,1434,1435,1436,359,1437,1438,1439,15723,15919,15920,15778,15921,15812,15828,15849,15922,15923,6746,15924,15866,15881,15900,71,15925,1440,15926,15927,15928,15929,15930,19390,19391,19392,19393,19394,19395,17338,19396,11766,5181,19397,19398,19399,18974,19400,854,19401,19402,853,5168,19403,19404,19405,19406,19407,16499,19408,19409,17339,19410,19411,19412,18408,19413,16182,18975,19414,1193,19415,19416,19417,5185,1190,19418,19419,16498,16320,16500,16357,16376,16397,16414,16501,1753,16502,16447,16462,16480,73,16503,16504,16505,1744,16506,16507,16508,19420,19421,19422,19423,19424,19425,19426,19427,5214,18409,19428,19429,16773,1234,19430,19431,19432,5186,19433,19434,1229,17082,17083,17084,16912,16930,16947,16964,17085,17086,17013,17087,17045,17063,75,17088,17089,17090,1463,17091,17092,17093,17157,17174,17340,17209,17225,17244,17341,2649,17273,17342,17304,17320,76,17343,17344,17345,2640,17346,17347,17348,17413,17637,17638,17466,17639,17507,17525,17640,17641,17574,17642,17604,17618,77,17643,17644,17645,17646,17647,1482,17648,17934,17935,17936,17759,17778,17799,17937,17938,17850,17939,17884,17898,17915,78,17940,17941,1454,17942,17943,17944,17945,18008,19435,19436,19437,19438,19439,19440,5230,19441,19442,19443,18977,19444,1333,19445,1331,19446,5190,19447,19448,19449,5303,153,5304,5305,5243,4014,5260,5306,4698,5307,22,5272,5282,5292,18,5308,5309,5310,18407,18277,18294,18410,18327,18411,18356,18372,18389,80,18412,18413,18414,4005,18415,18416,18417,19450,19451,19452,19453,18498,19454,19455,19456,19457,19458,19459,1369,19460,19461,19462,5191,19463,1363,19464,18809,18810,18811,18812,18813,18814,18761,18775,18790,82,18815,18816,18817,18818,1475,18819,18820,18884,18895,18976,18929,18942,18978,18956,14701,83,18979,18980,18981,4689,18982,18983,18984,19042,19205,19206,19093,19207,19123,19208,19209,19153,19210,19186,84,19211,19212,19213,19214,19215,19216,1492,50,72,74,79,0,81,85,87,88,89,90,91,92,19465,19466,19467,19468,19469,19470,19471,19472,19473,5193,19474,19475,19476,19477,19478,19479,1312,19480,19481,19482,5194,19483,19484,19485,1171,19486,19487,19488,19489,19490,19491,5195,19492,19493,19494,5184,5187,5188,5189,1382,5192,5196,5197,5198,19495,1254,19496,19497,19498,19499,19500,19501,19502,19503,19504,19505,19506,19507,1416,19508,19509,19510,1296,19511,19512,19513,19514
128,1817,2054,2055,1545,2056,1877,1897,1918,1939,2057,2058,1986,370,2002,2017,2036,5,2059,2060,2061,2062,2063,360,2064,24136,24317,24318,20671,24319,20988,24195,24216,24320,24321,7051,24322,24265,24281,24299,114,24323,2065,24324,24325,24326,5199,24327,27417,27418,27419,27420,27421,27422,25440,27423,24482,27424,27425,27426,27427,26981,27428,1836,27429,27430,1835,27431,27432,27433,27434,27435,27436,20885,27437,27438,25441,27439,27440,27441,26614,5198,16737,26982,27442,1232,27443,27444,19681,27445,1229,5186,27446,20884,20422,20886,20727,20747,20768,20784,20887,20888,1755,20832,20847,20866,95,20889,20890,20891,20892,20893,1745,20894,27447,27448,27449,27450,27451,27452,27453,27454,27455,26615,27456,27457,24852,1861,27458,27459,27460,27461,27462,5201,1856,25162,25163,25164,24995,25013,25030,25047,25165,25166,25095,25167,25126,25144,117,25168,25169,25170,2084,25171,5202,25172,25236,25255,25442,25291,25308,25327,25443,25444,25371,25445,25402,25420,118,25446,25447,25448,25449,25450,25451,25452,25514,25740,25741,25567,25742,25608,25626,25743,25744,25677,25745,25707,25721,119,25746,25747,25748,25749,25750,2103,25751,26034,26035,26036,25863,25882,25903,26037,26038,25955,26039,25985,25999,26016,120,26040,26041,2077,26042,26043,5205,26044,26107,27463,27464,27465,27466,27467,27468,27469,27470,27471,27472,26984,27473,1962,27474,1960,27475,27476,27477,27478,27479,27480,26395,27481,27482,27483,26617,5245,27484,26985,27485,1977,27486,27487,27488,1973,27489,5207,27490,26613,26532,26549,26616,7412,4016,9487,26580,26595,123,26618,26619,26620,26621,26622,4006,26623,745,5317,2367,5318,196,3256,5319,5261,4497,5320,5321,24,5274,5284,5294,5302,5310,18,5322,26800,26801,26802,26803,26804,26805,26753,26767,26782,124,26806,26807,26808,26809,2096,5208,26810,26874,26884,26983,26917,26931,26986,26946,26961,125,26987,26988,26989,26990,26991,26992,26993,27053,27236,27237,27106,27238,27136,27239,27240,27180,27241,27217,126,27242,27243,27244,27245,27246,27247,2113,115,74,116,121,122,0,127,129,130,131,132,133,134,27491,27492,27493,27494,27495,27496,27497,27498,27499,27500,27501,5210,27502,27503,27504,27505,1940,27506,27507,27508,27509,5365,5211,27510,1819,23475,27511,27512,27513,27514,27515,5494,27516,5212,27517,27518,27519,27520,27521,2005,27522,27523,5213,27524,27525,1881,27526,27527,27528,27529,27530,5214,27531,5200,5203,5204,5206,5209,2041,5215,27532,27533,1924,27534,27535,27536,27537
364,740,5262,5263,1749,5264,2362,2645,2950,3251,5265,5266,4010,5267,4492,4694,4955,18,5268,5269,5270,5271,5272,5273,5274,6260,10343,10344,7231,10345,7808,8079,8379,10346,10347,9134,10348,9606,9800,10059,41,10349,5275,10350,10351,10352,10353,10354,66084,66085,66086,66087,66088,66089,34792,66090,13538,66091,66092,66093,66094,59769,66095,5179,66096,66097,5178,66098,66099,66100,66101,66102,66103,23523,66104,66105,34793,66106,66107,66108,51607,66109,18848,59770,66110,5196,66111,66112,66113,66114,5193,66115,66116,23522,20604,23524,21163,21440,21741,21982,23525,23526,23527,22812,22990,23227,107,23528,23529,23530,23531,23532,23533,23534,66117,66118,66119,66120,66121,66122,66123,66124,66125,51608,66126,66127,27289,5215,66128,66129,66130,66131,66132,66133,5210,31301,31302,31303,29069,29307,29529,29747,31304,31305,30370,31306,30784,31023,149,31307,31308,31309,5296,31310,31311,31312,32105,32362,34794,32837,33059,33309,34795,34796,33854,34797,34271,34507,169,34798,34799,34800,34801,34802,34803,34804,35635,38585,38586,36353,38587,36926,37163,38588,38589,37800,38590,38163,38316,190,38591,38592,38593,38594,38595,5313,38596,42383,42384,42385,40038,40294,40593,42386,42387,41303,42388,41730,41887,42111,211,42389,42390,5287,42391,42392,42393,42394,43163,66134,66135,66136,66137,66138,66139,66140,66141,66142,66143,59772,66144,5228,66145,5227,66146,66147,66148,66149,66150,66151,47078,66152,66153,66154,51610,66155,66156,59773,66157,5243,66158,66159,66160,5240,66161,66162,66163,51606,49903,50123,51609,50538,51611,50910,51108,51325,267,51612,51613,51614,51615,51616,51617,51618,66164,66165,66166,66167,53350,66168,66169,66170,66171,66172,66173,5261,66174,66175,66176,66177,66178,5256,66179,57440,57441,57442,57443,57444,57445,56843,56998,57172,303,57446,57447,57448,57449,5306,57450,57451,58207,58336,59771,58760,58943,59774,59320,59496,319,59775,59776,59777,59778,59779,59780,59781,60536,62932,62933,61220,62934,61617,62935,62936,62174,62937,62667,338,62938,62939,62940,62941,62942,62943,5321,358,359,360,361,362,363,0,365,366,367,368,369,370,66180,66181,66182,66183,66184,66185,66186,66187,66188,66189,66190,66191,66192,66193,66194,66195,3252,66196,66197,42500,66198,66199,66200,66201,741,66202,66203,66204,66205,66206,10574,66207,66208,66209,66210,66211,66212,66213,66214,4495,66215,48914,66216,66217,66218,2365,66219,66220,66221,66222,19469,66223,66224,66225,66226,66227,66228,66229,4960,54911,66230,66231,2955,66232,66233,66234,27496
366,43,64,5195,5285,5286,2364,2647,2952,5287,5228,5242,5288,5289,4494,4696,4957,20,5270,18,5290,5291,5292,5293,5294,756,466,488,757,758,549,569,590,611,629,759,760,682,698,717,382,741,1,761,762,763,764,765,809,1096,1097,873,1098,914,933,954,974,1099,1008,1100,1043,1059,1078,2,1101,358,1102,1103,1104,1105,1106,19778,65286,65391,65392,65312,34729,65324,65393,65347,65394,19462,18839,59709,19214,1458,65380,359,65395,65396,1436,65397,65398,23984,66323,66324,31322,66325,66326,66327,66328,65887,23747,57461,22995,23251,383,66202,1754,66329,66330,66331,66332,1751,66333,66334,66335,66336,66337,66338,66339,66340,48867,51791,66341,66342,27274,5497,66343,5213,66344,66345,5212,66346,5494,2127,31240,31323,29071,29309,29531,31324,31270,31283,31325,31326,30786,31025,151,31309,149,31327,5554,31328,31329,31330,2433,34814,34815,32839,33061,34816,34759,34773,34817,34818,34273,34509,171,34800,169,34819,34820,34821,5312,34822,2718,2737,38525,38605,38606,36928,38607,38554,38567,38608,38609,38165,38318,192,38593,190,38610,5297,38611,5571,38612,42307,66347,66348,66349,66350,66351,66352,66353,66354,66355,57463,66356,66357,385,66204,3251,5545,66358,66359,66360,66361,46225,65755,65756,65636,65650,65757,65682,65694,65758,65759,65729,59738,65742,3570,5265,361,65760,65761,65762,65763,65764,49306,47062,47266,65888,65830,65889,65890,65854,59750,65866,3809,65876,362,65891,3786,65892,65893,65894,52131,49909,50148,66362,66363,66364,57464,66365,66366,386,66205,4016,66367,66368,66369,4012,66370,66371,66372,66373,66374,53338,66375,66376,66377,66378,66379,66380,5541,66381,5260,66382,5258,66383,5537,66384,4342,57382,57462,57411,57424,57465,56845,57000,57174,305,57448,303,57466,57467,5564,57468,57469,4563,59791,59792,59793,59794,59795,59322,59498,321,59777,319,59796,59797,59798,59799,5320,4764,4780,62874,62952,62953,62954,62901,62914,62955,62956,62669,340,62940,338,62957,62958,5307,62959,5579,66,88,384,234,252,387,353,0,388,389,390,391,392,5178,66113,66203,66146,66160,66206,66188,364,10574,66207,66208,66209,66210,41,107,360,211,267,363,365,367,368,369,370,5464,66385,66386,66387,66388,66389,66390,66391,66392,66393,66394,5594,66395,66396,66397,4516,4958,66398,54929,10585,5695,2387,2954,66399,66400,66401,66402,10591,27514,5796,66403,66404,66405,4699,4979,66406,5877,2651,2975,66407,66408,66409,66410
365,5275,5179,5194,5276,5277,2363,2646,2951,212,232,5241,5278,5279,4493,4695,4956,19,5269,5280,18,5281,5282,5283,5284,66235,66236,66237,66238,66239,31313,66240,66241,10309,66242,66243,66244,57452,66245,66246,371,66193,5413,740,66247,66248,66249,66250,65235,65098,65111,65236,65237,65151,34714,65164,15207,65174,65238,65239,65209,59694,65222,1113,5262,65240,358,65241,65242,65243,65244,65383,65285,65384,19431,65311,34728,17646,19818,3542,65385,65386,18828,59708,65370,1447,65379,65387,359,65388,1435,65389,65390,66251,66252,23617,31314,66253,21756,3257,24096,65880,66254,57453,22996,66255,372,66194,66256,1755,66257,66258,1750,66259,66260,66261,66262,66263,66264,66265,66266,66267,65881,66268,66269,66270,27282,5368,66271,66272,5214,5211,66273,66274,5365,31225,31239,31315,29070,29308,29530,2237,2256,31282,31316,31317,30785,31024,150,31308,31318,149,5425,31319,31320,31321,34805,34806,34807,32838,33060,2523,2538,34772,34808,34809,34272,34508,170,34799,34810,169,34811,34812,34813,5318,38597,38510,38524,38598,38599,36927,2830,2847,38566,38600,38601,38164,38317,191,38592,38602,190,38603,5304,5441,38604,3018,3035,3258,3068,3087,3259,3129,3147,3260,3261,3196,3210,3227,374,3252,3262,9,3263,3264,3265,3266,3317,3334,3543,3367,3386,3406,3544,3545,3459,3546,3492,3507,3524,10,3547,3548,361,3549,3550,3551,3552,65879,47051,65806,49343,65829,65882,48909,65853,59749,48663,3798,65875,65883,362,3785,65884,65885,65886,66275,49908,66276,52092,66277,51730,57455,66278,51339,375,66196,66279,4015,66280,66281,66282,4011,66283,66284,66285,66286,53330,66287,66288,66289,66290,66291,66292,5412,66293,66294,5259,66295,5257,5408,66296,57367,57381,57454,4390,57423,57456,56844,56999,57173,304,57447,57457,303,57458,5436,57459,57460,59782,59783,59784,4608,59785,59786,59321,59497,320,59776,59787,319,59788,59789,5315,59790,62944,62859,62873,62945,62946,4848,4864,62913,62947,62948,62668,339,62939,62949,338,5299,62950,62951,5450,65,87,373,233,251,376,352,377,0,378,379,380,381,66097,66112,66195,5227,66159,66197,66187,42500,364,66198,66199,66200,66201,66297,66298,66299,5381,66300,66301,66302,66303,66304,66305,66306,41,107,360,211,267,363,366,367,368,369,370,66307,66308,2953,5634,4505,66309,66310,42511,27507,66311,2376,66312,5735,66313,4959,66314,54922,42518,66315,2650,66316,5834,66317,4969,66318,66319,66320,2965,5915,4700,66321,66322
368,5303,5181,86,1753,5214,153,2649,5304,5305,5230,5243,4014,5260,5306,4698,5307,22,5272,5282,5292,18,5308,5309,5310,66479,66480,6951,23559,7536,2398,66481,10721,10314,66482,51643,66483,66484,66485,66486,402,66218,5432,66487,745,66488,743,66489,65250,65100,1429,65125,65141,12727,34716,65251,15540,65175,65186,15099,65252,59696,14859,1115,65232,65242,1104,358,65253,65254,5317,1169,1430,1209,1431,1250,1269,1290,1311,1432,1347,1433,1379,1393,1411,3,1434,1435,1436,359,1437,1438,1439,23445,20608,23477,1569,21444,23560,23561,23493,23505,23520,23562,22994,23563,111,23532,23541,23549,107,23564,23565,23566,24326,27433,65459,25209,65486,65589,65590,65530,65539,51562,65591,65560,27907,2099,65571,5277,65582,360,65592,65593,2063,2131,2151,2168,2399,2206,2400,2401,2260,2275,2290,2308,2323,2402,403,2365,2376,2387,6,2403,2404,2405,34831,32366,34747,32841,34832,34833,34761,34774,33858,34790,34834,34835,173,34802,34812,34821,169,34836,34837,34838,66490,66491,36151,66492,66493,66494,38980,37398,66495,66496,38580,66497,59809,404,66219,66312,2954,2951,66498,5772,66499,42311,39601,66500,66501,66502,66503,66504,66505,51645,41537,66506,66507,42778,405,66220,66508,5563,3255,66509,66510,3254,46429,65612,46003,43818,44051,65770,65684,65695,65707,65721,65771,59740,65772,3572,65752,3550,65762,361,65773,5314,65774,65895,49318,65896,65897,65831,51590,65843,65898,59751,65899,3827,5266,65884,65892,362,65900,65901,65902,51536,49907,51644,51578,50542,51604,51646,51112,51647,271,51616,51625,51633,267,51648,51649,51650,66073,65938,52889,65963,55280,53536,54882,66006,66074,66029,66075,4316,66055,66060,5289,363,66076,4279,66077,66511,57380,66512,66513,66514,66515,66516,59811,66517,406,66221,66313,66400,4492,5766,66518,66519,59808,58340,59727,59810,58947,59767,59324,59812,323,59779,59789,59798,319,59813,59814,59815,63277,60775,61007,66520,62888,66521,66522,66523,66524,66525,66526,407,66222,4959,66401,4957,66527,66528,5781,68,90,132,236,254,290,355,379,390,0,408,409,410,66099,5193,66132,66148,66161,66178,66190,66199,66208,364,19469,66223,66224,66311,66258,66273,5735,66281,5257,66304,365,66314,54922,42518,5695,66331,5212,66399,66369,66383,66392,366,66402,10591,27514,41,149,190,211,303,338,367,369,370,66529,5707,66530,66531,66532,66533,66534,66535,66536,5182,66537,66538,66539,66540,5760,66541,66542,66543,5723,5232,66544,66545,66546
367,5295,5180,5196,1752,5213,5296,2648,5297,5298,5229,250,4013,5259,306,4697,5299,21,5271,5281,5291,5300,18,5301,5302,66411,66412,66413,23551,66414,66415,66416,66417,10313,8915,51635,9395,4520,66418,10667,393,66211,5424,66419,66420,744,66421,742,65245,65099,65112,65124,15071,65246,34715,13264,15450,3779,65185,65200,14419,59695,65247,1114,65231,65241,1103,65248,358,5311,65249,65399,65287,23459,65299,65400,34730,65401,65402,65348,51549,65359,19829,59710,65403,1468,5263,65388,65396,65404,359,65405,65406,23444,20607,23476,23552,21443,23553,23554,23492,1659,23519,1693,22993,23555,110,23531,23540,23548,23556,107,23557,23558,65584,65442,65458,65585,65485,65586,26042,27478,3780,51561,26839,65559,27810,2090,65570,65576,5286,65587,360,65588,2062,66422,66423,66424,66425,34824,66426,66427,66428,31281,51636,66429,59801,66430,394,66212,66308,66395,5662,2362,66431,66432,34823,32365,34746,32840,34825,34826,34760,2554,33857,34789,2604,34827,172,34801,34811,34820,34828,169,34829,34830,38861,35933,66433,66434,66435,66436,66437,66438,37607,66439,38581,4521,59802,395,66213,2953,66396,66440,2952,5672,66441,42312,66442,39834,66443,42668,66444,66445,41129,51638,66446,4522,66447,66448,396,66214,66449,5556,66450,3256,3253,66451,46345,65611,65625,65765,65766,65767,65683,3781,65706,46047,45433,59739,45808,3571,65751,3549,65761,65768,361,65769,5319,3615,3631,3648,3665,3782,3697,3783,3729,3744,3761,11,3784,3785,3786,3787,362,3788,3789,51535,49906,51637,51577,50541,51603,3954,51111,51639,270,51615,51624,51632,51640,267,51641,51642,52387,54853,66068,65962,55188,66069,65990,66005,54257,66028,66070,4307,66054,5279,66066,66071,363,4278,66072,4345,4358,4375,4393,4409,4425,4523,4455,4524,397,4495,4505,4516,4525,14,4526,4527,59800,58339,59726,59803,58946,59766,59323,59804,322,59778,59788,59797,59805,319,59806,59807,66452,66453,66454,66455,62887,63222,61833,62010,66456,66457,66458,398,66215,66309,4958,66459,4956,66460,5680,67,89,131,235,253,289,354,378,389,399,0,400,401,66098,66114,66131,66147,5240,66177,66189,66198,66207,48914,364,66216,66217,66307,66257,5211,5634,66280,66295,66303,66310,365,42511,27507,5594,66330,66345,66397,66368,5258,66391,66398,366,54929,10585,66461,66462,66463,66464,5645,66465,66466,66467,66468,41,149,190,211,303,338,368,369,370,66469,66470,66471,5231,66472,5659,66473,5183,66474,5622,66475,66476,66477,66478
370,745,5317,5198,1755,128,2367,5318,196,3256,5319,5245,4016,5261,4497,5320,5321,24,5274,5284,5294,5302,5310,18,5322,6265,10382,10280,7236,527,7812,10383,594,10384,10326,9139,10342,9610,10385,10386,47,10354,5339,10363,10369,5303,41,10387,66603,66604,19405,66605,66606,66607,66608,66609,13540,65908,66610,66611,66612,60291,66613,5446,66614,66319,5877,5183,66542,5181,66615,15927,65289,23461,2055,65314,65412,19806,65338,65413,51551,65360,18850,65414,65415,1470,65382,65390,65398,65406,1439,359,65416,23573,20610,1545,21168,23574,1612,21987,23575,23507,23521,22817,23576,23577,113,23534,5276,23550,23558,23566,107,23578,1817,2054,2056,1877,1897,1918,1939,2057,2058,1986,2002,2017,2036,5,2059,2060,2061,2062,2063,360,2064,31344,31242,2164,29074,31345,2225,29751,31346,31286,30375,31300,31347,31348,155,31312,31321,31330,5608,31337,149,31349,66616,66617,34886,66618,2999,33324,35366,65909,33855,66619,57484,66620,419,66231,66320,2651,66474,66543,2646,66621,2722,2998,2760,2776,2796,3000,2835,3001,2870,2886,2902,2917,3002,420,2955,2965,2975,2983,2991,8,3003,42422,42325,3051,42423,3092,40598,42424,42367,41308,42382,41734,42425,42426,217,42394,42403,5514,5298,42415,211,42427,43164,66622,66623,66624,66625,66626,66627,48885,66628,66629,66630,66631,66632,5577,66633,5915,66407,66475,5232,5229,66634,65795,47080,49332,47481,65833,51592,65844,65856,65910,65911,3829,65878,65886,65894,3789,65902,362,65912,51657,51658,3893,51659,50544,51605,50915,51660,51661,273,51618,51626,5288,51642,51650,267,51662,65925,66078,65952,66079,55441,65977,66080,66007,66019,66081,66082,4330,5267,66061,66067,66072,66077,363,66083,57483,57385,4372,57485,57426,57439,56848,57486,57487,309,57451,57460,57469,57476,5748,303,57488,58232,58338,59969,66635,66636,66637,66638,66639,422,66233,4700,66408,66476,66544,4696,66640,66641,66642,66643,66644,62886,66645,66646,66647,66648,66649,66650,423,66234,66321,66409,66651,66652,4955,5943,418,92,134,421,256,292,357,381,392,401,410,0,424,66230,66116,5210,66232,66163,66179,66192,66201,66210,66217,66224,364,27496,66250,66259,5365,3266,4011,66296,66306,27507,42518,365,66322,765,1751,5494,66361,66370,66384,66394,10585,27514,366,66410,742,66432,5622,66451,4527,66477,66468,367,66478,66489,2405,5723,3254,66519,66545,66536,368,66546,358,169,190,361,319,338,369,66653,66654,5902,66655,66656,66657,66658
369,744,5311,5197,1754,5215,2366,5312,5313,3255,5314,5244,4015,286,4496,5315,343,23,5273,5283,5293,5301,5309,5316,18,6264,10376,10279,7235,10297,7811,10377,10378,10379,10325,9138,663,9609,10380,720,46,10353,5338,10362,5295,10375,10381,41,66547,66548,65407,66549,66550,66551,35261,66552,13539,48852,66553,66554,66555,66556,66557,5440,66558,66315,5796,66469,5182,66559,5180,65275,65288,23460,65300,65313,65408,65409,17942,19448,51550,4271,18849,65410,19842,1469,65381,65389,65397,65405,1438,65411,359,23567,20609,23478,21167,23568,23569,21986,23570,23506,1675,22816,23571,1728,112,23533,23542,5285,23557,23565,23572,107,65429,65594,65460,65474,65595,65596,65516,65597,65540,51563,65551,65598,27999,2107,5264,65577,65583,65588,65593,65599,360,31338,31241,31257,29073,31339,31340,29750,31341,31285,30374,2304,31342,2342,154,31311,31320,31329,5607,31336,31343,149,32129,66560,66561,66562,66563,66564,66565,65903,33856,35032,57478,4998,412,66226,2650,66403,66470,66537,66566,2647,66567,66568,66569,66570,66571,66572,66573,66574,66575,66576,38579,57479,66577,413,66227,66316,66404,66578,66579,5859,2950,42416,42324,42339,42417,42418,40597,42419,42366,41307,3179,41733,42420,3231,216,42393,42402,5513,42409,5305,42421,211,43165,66580,66581,66582,66583,66584,66585,65905,66586,66587,66588,60250,66589,5572,66590,5834,66405,5231,66539,66591,5230,46841,47079,65904,65821,65832,51591,4273,65855,65906,49366,3828,65877,65885,65893,3788,65901,65907,362,51651,51652,51653,51654,50543,3935,50914,51655,3989,272,51617,5278,51634,51641,51649,51656,267,4078,4270,4113,4129,4147,4165,4272,4274,4218,4233,4252,13,4275,4276,4277,4278,4279,4280,363,57477,57384,57399,57480,57425,4422,56847,57481,4472,308,57450,57459,57468,57475,5747,57482,303,66592,58337,66593,58774,66594,59899,66595,5000,415,66229,66317,4699,66472,66540,66596,4695,4767,4997,4803,4820,4835,4852,4999,4884,4898,4916,5001,416,4960,4969,4979,4987,4995,5002,16,411,91,133,414,255,291,356,380,391,400,409,417,0,66225,66115,66133,66228,66162,5256,66191,66200,66209,66216,66223,54911,364,66249,1750,66274,3265,66282,5408,66305,42511,54922,66318,365,764,66332,66346,66360,4012,5537,66393,54929,10591,66406,366,66421,66431,66471,3253,4526,5659,66467,66473,367,743,2404,66538,66510,66518,5760,66535,66541,368,66597,66598,66599,66600,66601,5856,66602,358,169,190,361,319,338,370
231,3316,353,3531,3333,3532,3366,2537,3385,3405,3533,3534,3458,3535,3491,3506,3523,3536,10,348,3537,3538,3539,3540,3541,42958,40906,43126,42974,43127,43008,29805,43025,43128,43129,43054,43130,43086,43101,43118,43131,218,43132,3564,43133,43134,43135,43136,5128,5022,5038,5129,5130,2352,2634,2940,213,5085,5131,5132,4482,4683,4945,5113,20,17,5133,5134,5135,5136,5137,45859,45860,43348,45861,45862,33489,45863,45864,45865,44985,45866,18167,45573,45867,45868,1335,5033,45869,1330,45870,20014,45871,39614,43204,43349,43240,43258,43277,43294,43350,43351,43352,43324,22902,43340,43353,219,43354,43355,43356,43357,43358,43359,45872,45873,45874,45875,45876,45877,45878,45879,45880,44986,45881,45882,43576,45883,3357,45884,45885,45886,45887,3350,45888,40054,43779,43780,43689,29988,29971,43704,43781,43782,43735,43783,30932,43771,43784,221,5061,43785,43786,3584,43787,43788,33367,33382,33490,32730,17557,33402,33491,33492,33434,33493,33465,33481,33494,162,2629,33495,33496,33497,33498,33499,43861,44031,44032,43877,44033,43913,43930,44034,44035,43981,44036,44009,44023,44037,222,5062,44038,44039,44040,44041,3598,39384,44307,44308,44143,44162,44182,44309,44310,44235,44311,44268,44282,44299,44312,223,3556,44313,44314,44315,44316,44317,44388,45889,45890,45891,45892,45893,45894,45895,45896,45897,45898,45575,45899,45900,3428,5064,3426,45901,45902,45903,45904,45905,44698,45906,45907,45908,44988,45909,45910,45576,45911,45912,3446,5065,45913,45914,3442,45915,45916,41141,44866,44882,44987,44914,44989,44944,44960,44977,44990,226,44991,44992,44993,44994,44995,44996,45917,45918,45919,45920,45117,45921,45922,45923,45924,45925,45926,45927,3482,45928,45929,45930,45931,45932,3476,41903,45395,45396,45397,45398,45399,45373,45387,34185,45400,228,5068,45401,3579,45402,45403,45404,45475,45487,45574,45519,45534,45577,45565,34415,45578,229,4678,45579,45580,45581,45582,45583,45649,45789,45790,45683,45791,45713,45792,45793,45744,45794,45781,45795,230,5069,45796,45797,45798,3595,45799,42608,45933,45934,45935,45936,45937,45938,5070,45939,45940,45941,45942,45943,0,79,220,224,225,227,232,233,234,235,236,237,238,3318,5059,5060,5063,5066,5067,5071,5072,5073,5074,5075,45944,45945,45946,3408,45947,45948,45949,45950,45951,45952,45953,45954,3370,45955,45956,45957,45958,45959,45960,5914,45961,45962,45963,45964,3496,45965,45966,5833,45967,42619,45968,3391,45969,45970,45971,45972,42625,34617,45973,45974,45975,3530,45976
249,3614,3768,355,1658,3769,3630,2553,3647,3664,3770,3771,3696,3772,3728,3743,3760,3773,11,3774,3775,349,3776,3777,3778,46644,46820,46821,8838,46822,46681,46696,46717,46823,46824,46748,46825,46780,46794,46812,46826,239,46827,3801,46828,46829,46830,46831,48713,48714,5024,48715,48716,48717,33677,48718,13643,48719,48720,48721,48722,48427,48723,48724,994,991,48725,5016,48726,48727,48728,5146,5039,1740,5057,5147,2636,5148,5149,5073,4001,5103,307,4685,5150,5115,22,5125,5135,17,5151,5152,5153,22414,20533,22415,22294,21350,22311,22328,22416,22417,22418,22375,22389,22406,22419,101,22420,22421,1734,22422,22423,22424,48729,48730,48731,48732,48733,48734,48735,48736,48737,47860,48738,48739,26460,48740,1979,48741,48742,5050,48743,1972,48744,47019,47020,47021,46934,33577,46950,46965,47022,47023,46979,47024,46994,47011,47025,240,47026,47027,47028,3822,47029,47030,33563,32288,33678,32746,13179,33593,33679,33680,33622,33681,33652,33669,33682,163,33683,33684,2630,33685,33686,33687,47108,47244,47245,47140,47246,47175,47193,47247,47248,47222,47249,47236,35843,47250,241,47251,47252,47253,47254,47255,3839,47460,47461,47462,47338,47357,47375,47463,47464,25940,47465,47422,47435,47452,47466,242,3793,47467,47468,47469,47470,47471,44682,48745,48746,48747,48748,48749,48750,48751,48752,48753,48754,48429,48755,48756,3444,48757,3442,5065,48758,48759,48760,48761,47561,48762,48763,48764,47862,48765,48766,48430,48767,48768,3685,48769,48770,5079,3681,48771,48772,47859,47771,47788,47861,47803,47863,47819,47834,47851,47864,244,47865,47866,3995,47867,47868,47869,48773,48774,48775,48776,47986,48777,48778,48779,48780,48781,48782,48783,3717,48784,48785,5080,48786,48787,3711,48246,48247,48248,48249,48250,48251,48209,48223,48238,48252,246,48253,48254,3816,48255,48256,48257,48332,48343,48428,48360,48374,48431,48404,48419,48432,247,48433,48434,4679,48435,48436,48437,48509,48641,48642,48525,48643,48554,48644,48645,48600,48646,48633,48647,248,48648,48649,48650,48651,3835,48652,48788,48789,48790,48791,48792,48793,48794,48795,48796,5083,48797,48798,48799,57,0,122,225,243,245,250,251,252,253,254,255,256,3616,48800,48801,48802,48803,48804,48805,5084,48806,48807,48808,48809,48810,48811,3667,48812,48813,48814,5085,48815,48816,48817,5076,3634,5077,5078,5081,5082,5086,5087,5088,48818,48819,48820,48821,3733,48822,48823,48824,48825,48826,48827,3653,48828,48829,48830,48831,48832,48833,48834,48835,48836,3767,48837
