211,18,3245,3246,1624,3247,2236,3067,3086,3107,3248,3249,3161,3250,3195,3209,3226,9,3251,3252,385,3253,3254,3255,3256,41,358,359,107,360,149,169,190,361,362,267,363,303,319,338,0,364,365,366,367,368,369,370,42296,42297,42298,42299,42300,33303,40032,42301,13328,42302,42303,42304,42305,41881,42306,3018,42307,42308,3017,42309,42310,42311,42312,23450,42313,21977,42314,42315,40033,42316,42317,42318,41299,42319,18715,41882,42320,3037,42321,42322,5499,42323,3034,42324,42325,21976,20500,21978,21058,21837,21856,21876,21979,21980,21981,21927,21940,21957,99,21982,21983,1768,21984,21985,21986,21987,20601,42326,42327,42328,42329,42330,42331,42332,23497,23468,22809,42333,39813,3056,42334,42335,42336,42337,42338,42339,3051,29742,29743,23465,28944,29623,21672,29640,29744,29745,25111,29746,29709,29725,141,29747,29748,2382,3277,29749,29750,29751,29282,39896,40034,39929,33284,39946,40035,40036,33828,40037,34400,40013,200,40038,40039,5501,40040,40041,40042,40043,38128,40288,40289,21702,40290,40159,40177,40291,40292,40228,40293,40256,40270,201,40294,40295,5502,40296,40297,3293,40298,40587,40588,40589,40410,40429,40450,40590,40591,40504,40592,40537,40551,40568,202,40593,40594,3269,40595,40596,40597,40598,40661,42340,42341,42342,42343,42344,42345,42346,42347,42348,42349,41884,42350,3130,42351,3128,5504,42352,42353,42354,42355,42356,40977,42357,42358,42359,41301,42360,42361,41885,42362,3150,42363,42364,5505,3146,42365,42366,42367,41298,41203,37760,41300,25972,41302,41250,41264,41280,205,41303,41304,4028,41305,41306,41307,41308,42368,42369,30369,42370,41416,42371,42372,42373,42374,42375,42376,3185,42377,42378,42379,42380,42381,3179,42382,41724,41725,41726,41727,41728,41729,41692,41706,30916,207,41730,41731,4512,41732,3287,41733,41734,38141,41783,41883,41817,41832,41886,41862,30699,208,41887,41888,5508,41889,41890,41891,41892,29044,42105,42106,41988,42107,42019,42108,42109,30347,42110,42087,209,42111,42112,5509,42113,42114,42115,3303,197,198,199,203,204,206,210,212,213,214,215,216,217,42383,42384,42385,42386,42387,42388,42389,42390,5287,42391,42392,42393,42394,5269,42395,42396,3108,42397,42398,42399,42400,42401,42402,42403,20,5474,5500,5503,5506,5507,5510,5511,5512,5513,5514,5301,42404,42405,42406,3198,42407,42408,42409,5298,5310,2240,42410,42411,42412,42413,42414,5305,42415,42416,42417,42418,42419,42420,3231,42421,42422,42423,3092,42424,42425,42426,42427
210,17,3233,3234,1623,3235,2235,3066,3085,3106,3236,3237,3160,3238,3194,3208,3225,3239,9,374,3240,3241,3242,3243,3244,40,345,346,106,347,148,168,189,348,349,266,350,302,318,337,351,0,352,353,354,355,356,357,42164,42165,42166,42167,42168,33291,40020,42169,13329,42170,42171,42172,42173,41869,42174,42175,3019,3016,42176,42177,42178,42179,42180,23301,42181,21965,42182,42183,40021,42184,42185,42186,41288,42187,18716,41870,42188,42189,3038,5370,42190,3033,42191,42192,42193,21964,20499,21966,21057,21836,21855,21875,21967,21968,21969,21926,21939,21956,21970,99,1759,21971,21972,21973,21974,21975,20589,42194,42195,42196,42197,42198,42199,42200,23348,23319,22798,42201,39814,42202,3057,42203,42204,42205,42206,3050,42207,29732,29733,23316,28943,29622,21671,29639,29734,29735,25110,29736,29708,29724,29737,141,2371,29738,29739,3284,29740,29741,29281,39895,40022,39928,33283,39945,40023,40024,33827,40025,34399,40012,40026,200,5372,40027,40028,40029,40030,40031,38127,40277,40278,21701,40279,40158,40176,40280,40281,40227,40282,40255,40269,40283,201,5373,40284,40285,40286,40287,3300,40575,40576,40577,40409,40428,40449,40578,40579,40503,40580,40536,40550,40567,40581,202,3259,40582,40583,40584,40585,40586,40660,42208,42209,42210,42211,42212,42213,42214,42215,42216,42217,41872,42218,42219,3129,5375,3127,42220,42221,42222,42223,42224,40976,42225,42226,42227,41290,42228,42229,41873,42230,42231,3149,5376,42232,42233,3145,42234,42235,41287,41202,37759,41289,25971,41291,41249,41263,41279,41292,205,4019,41293,41294,41295,41296,41297,42236,42237,30358,42238,41415,42239,42240,42241,42242,42243,42244,42245,3184,42246,42247,42248,42249,42250,3178,41713,41714,41715,41716,41717,41718,41691,41705,30915,41719,207,4501,41720,3280,41721,41722,41723,38140,41782,41871,41816,41831,41874,41861,30698,41875,208,5379,41876,41877,41878,41879,41880,29043,42094,42095,41987,42096,42018,42097,42098,30346,42099,42086,42100,209,5380,42101,42102,42103,3296,42104,42251,42252,42253,42254,42255,42256,42257,5120,42258,42259,42260,42261,42262,197,198,199,203,204,206,211,212,213,214,215,216,217,19,5345,5371,5374,5377,5378,5381,5382,5383,5384,5385,5113,42263,42264,3109,42265,42266,42267,42268,42269,42270,42271,5144,2239,42272,42273,42274,42275,42276,42277,5140,5153,42278,42279,42280,3199,42281,42282,5149,42283,42284,42285,3091,42286,42287,42288,42289,42290,42291,42292,42293,42294,3232,42295
385,20,3017,5499,5474,5500,2382,5501,5502,5503,5504,5505,5506,5507,4512,5508,5509,213,5287,211,5510,5511,5512,5513,5514,382,66,88,383,384,151,171,192,234,252,386,387,305,321,340,353,366,0,388,389,390,391,392,39153,39362,39363,17709,39364,33117,39229,39247,13327,39365,39277,39366,39311,39326,39344,197,39367,3245,39368,39369,39370,39371,39372,19659,68460,19687,68461,68462,68463,68464,68465,68466,19675,19693,18834,68467,68468,39621,68469,3246,68470,68471,39599,68472,68473,68207,68166,68208,31495,68209,68210,68211,68212,49150,19692,57624,68213,31039,3267,66327,21986,68214,68215,23770,68216,1768,68163,68474,68475,68476,68477,68478,68479,68480,49102,49121,57621,68481,68482,42563,68483,42337,68484,68485,42336,68486,42560,29591,31519,31520,29089,31521,31522,31523,31524,31525,31526,31527,31528,31529,2238,31324,2236,31530,31531,31532,31533,31534,29284,68487,68488,68489,34290,68490,68491,68492,35017,68493,34525,68494,3069,66349,3067,68495,68496,68497,42417,68498,38130,40107,68499,57623,68500,68501,68502,68503,68504,68505,68506,57650,68507,3088,66350,3086,68508,42405,68509,42634,68510,68511,68512,68513,68514,68515,68516,68517,68518,68519,68520,57651,68521,68522,3269,66351,40593,42611,68523,68524,68525,68526,46215,68527,68528,68529,68530,68531,68532,68533,68534,68535,68536,68537,68538,40912,42386,3248,68539,68540,68541,68542,68543,46272,47059,68544,68545,68546,49129,68547,68548,68549,68550,41149,68551,3249,68552,41126,68553,68554,68555,68556,68557,38180,68558,68373,68559,57654,68560,68561,3270,66354,41308,68562,51848,68563,4028,68564,68565,68566,31539,68567,68568,68569,68570,68571,68572,68573,68574,42607,68575,42381,68576,42379,68577,42603,68578,41598,57648,57649,57652,57653,57655,56861,57656,31041,3197,57463,3195,57657,57658,42628,57659,57660,38143,59950,68579,68580,68581,68582,68583,30803,3211,66356,3209,68584,68585,68586,68587,42425,29046,41954,68588,68589,68590,68591,68592,68593,31541,68594,68595,3228,66357,3226,68596,68597,42413,68598,42642,3019,3036,3268,3130,3148,3271,3240,9,3272,3273,3274,3275,3276,42307,66347,66348,66352,66353,66355,66204,3251,5545,66358,66359,66360,66361,18,1624,3247,3107,3161,3250,3252,3253,3254,3255,3256,5133,68599,68600,68601,68602,68603,68604,68605,68606,68607,68608,5559,68609,68610,68611,41751,42113,68612,68613,5556,5568,29769,40297,68614,68615,68616,68617,5563,68618,42806,68619,68620,68621,41891,42134,68622,42881,40043,40318,68623,68624,68625,68626
374,19,3016,5370,5345,5371,2371,5372,5373,5374,5375,5376,5377,5378,4501,5379,5380,5120,212,5381,210,5382,5383,5384,5385,371,65,87,372,373,150,170,191,233,251,375,376,304,320,339,352,365,377,0,378,379,380,381,39152,39351,39352,17708,39353,33116,39228,39246,13326,39354,39276,39355,39310,39325,39343,39356,197,39357,3233,39358,39359,39360,39361,19534,67151,19562,67152,67153,67154,67155,67156,67157,19550,19568,18823,67158,67159,67160,39611,67161,3234,39587,67162,67163,67164,66898,66857,66899,31371,66900,66901,66902,66903,49032,19567,57507,66904,31029,64646,3257,66905,21975,23662,66906,1759,66907,66854,67165,67166,67167,67168,67169,67170,67171,48984,49003,57504,67172,67173,67174,42456,67175,42206,42203,67176,42451,67177,29590,31395,31396,29078,31397,31398,31399,31400,31401,31402,31403,31404,31405,31177,2237,31406,2235,31407,31408,31409,31410,29283,67178,67179,67180,34280,67181,67182,67183,34909,67184,34516,67185,64668,3068,67186,3066,67187,67188,67189,42291,38129,40106,67190,57506,67191,67192,67193,67194,67195,67196,67197,57533,67198,64669,3087,67199,3085,67200,42279,67201,42532,67202,67203,67204,67205,67206,67207,67208,67209,67210,67211,57534,67212,67213,64670,3259,42503,40581,67214,67215,67216,67217,46096,67218,67219,67220,67221,67222,67223,67224,67225,67226,67227,67228,67229,42254,40901,67230,3236,67231,67232,67233,67234,46153,47048,67235,67236,67237,49011,67238,67239,67240,67241,67242,41137,67243,3237,67244,41114,67245,67246,67247,67248,38171,67249,67064,67250,57537,67251,67252,64673,3260,67253,41296,67254,51754,67255,4019,67256,67257,31415,67258,67259,67260,67261,67262,67263,67264,67265,67266,42498,67267,42248,67268,42246,67269,42494,41597,57531,57532,57535,57536,57538,56851,57539,31031,57320,3196,57540,3194,42514,57541,57542,57543,38142,59844,67270,67271,67272,67273,67274,30793,64675,3210,67275,3208,67276,67277,42287,67278,29045,41953,67279,67280,67281,67282,67283,67284,31417,67285,67286,64676,3227,67287,3225,42275,67288,42528,67289,42175,64666,64667,64671,64672,64674,64602,5416,3239,64677,64678,64679,64680,3018,3035,3258,3129,3147,3261,3252,3262,9,3263,3264,3265,3266,5280,67290,67291,67292,67293,67294,67295,67296,67297,67298,67299,17,1623,3235,3106,3160,3238,3240,3241,3242,3243,3244,5430,29758,40285,67300,67301,67302,67303,67304,5426,5439,67305,67306,67307,41742,42103,67308,5435,67309,42805,40030,40307,67310,67311,67312,67313,42880,67314,67315,67316,41880,42125,67317
405,22,3022,5724,1786,5725,5703,5726,5727,5728,5729,5730,4047,5731,5732,5733,5734,5149,5305,5735,5736,216,5737,5738,215,402,68,90,111,132,403,173,404,236,254,271,290,406,323,407,355,368,379,390,0,408,409,410,39158,39411,39198,17714,39218,33122,39412,39413,13332,39268,39282,39300,39316,39414,39415,39360,39371,39382,39393,3291,39410,39416,197,16341,70749,19908,70750,70751,70752,70753,70754,70755,16823,18448,19923,70756,70757,42192,70758,70759,70760,3039,70761,70762,3038,21809,20641,23916,23895,23917,23918,23919,23920,23921,19913,23922,23923,23924,23413,23561,23925,23926,1629,23927,23928,1628,20426,39671,70763,70764,70765,70766,70767,70768,22466,20921,23930,70769,70770,70771,42338,42455,70772,3056,70773,70774,3055,70543,70544,20919,70527,35204,23911,70545,70546,70547,27853,70548,60154,70549,64902,2401,31458,70550,29740,70551,70552,3284,35179,70775,70776,70777,35203,70778,70779,70780,33893,70781,35221,70782,64918,66501,40080,70783,3292,70784,70785,40062,70730,70786,70787,23912,70788,70789,70790,70791,70792,70793,70794,70795,70796,42742,66502,70797,42828,42525,70798,70799,42410,70800,70801,70802,70803,70804,70805,70806,70807,51995,70808,70809,70810,70811,64919,66503,70812,70813,40639,42783,70814,3286,46418,70815,70816,70817,70818,70819,70820,70821,70822,70823,70824,70825,70826,70827,70828,70829,70830,3294,70831,42865,40931,40961,49316,70832,70833,70834,49339,70835,70836,70837,70838,70839,42366,70840,70841,3151,70842,70843,3150,41195,51993,51994,51996,27879,51997,51998,51999,52000,51504,51645,42482,52001,3166,52002,52003,3165,41365,41383,51974,70844,70845,70846,70847,70848,70849,70850,70851,42249,70852,70853,42606,3184,70854,70855,3183,70856,70857,70858,70859,70860,50752,70861,60160,52016,4530,66506,70862,57705,41733,70863,70864,3287,46469,58372,70865,70866,70867,70868,70869,60143,64922,66507,70870,41929,3295,70871,70872,41901,70531,70873,70874,70875,70876,70877,70878,70879,51975,70880,70881,64923,42778,42860,70882,42636,70883,70884,42281,42179,64917,39824,64920,41117,64921,64628,5435,64924,3243,64925,64926,3242,42311,39601,66500,66504,66505,41537,66220,66508,5563,3255,66509,66510,3254,5282,21994,70885,70886,70887,41546,70888,3265,70889,70890,3264,5135,70891,39853,70892,41323,70893,70894,3275,70895,70896,3274,23,2241,3293,3112,3200,3296,3283,3297,9,5770,70897,70898,70899,70900,70901,70902,5765,3289,42807,70903,70904,70905,70906,70907,70908,3021,3071,3285,3132,3213,3288,3290
396,21,3023,5623,1777,5624,5602,5625,5626,5627,5628,5629,4038,5630,5631,5632,5633,5140,5298,5634,5635,5636,217,214,5637,393,67,89,110,131,394,172,395,235,253,270,289,397,322,398,354,367,378,389,399,0,400,401,39159,39417,39199,17715,39219,33123,39418,39419,13333,39269,39283,39301,39317,39420,39421,39361,39372,39383,39394,39402,3298,197,39422,16340,69712,19808,69713,69714,69715,69716,69717,69718,16814,18439,19823,69719,69720,69721,42325,69722,69723,69724,3040,3037,69725,21810,20632,23820,23799,23821,23822,23823,23824,23825,19813,23826,23827,23828,23404,23554,23829,23830,23831,1630,1627,23832,20425,39672,69726,69727,69728,69729,69730,69731,22457,20912,23834,69732,69733,42205,69734,69735,42564,69736,3057,3054,69737,69506,69507,20910,69490,35112,23815,69508,69509,69510,27756,69511,60068,69512,2393,66427,69513,31575,69514,29751,3277,69515,35087,69738,69739,69740,35111,69741,69742,69743,33884,69744,35129,69745,64840,66443,69746,40072,69747,3299,40051,69748,69693,69749,69750,23816,69751,69752,69753,69754,69755,69756,69757,69758,69759,64841,42668,42902,69760,69761,42639,42272,69762,69763,69764,69765,69766,69767,69768,69769,69770,51904,69771,69772,69773,69774,64842,66444,69775,69776,42708,40646,3279,69777,46334,69778,69779,69780,69781,69782,69783,69784,69785,69786,69787,69788,69789,69790,69791,69792,69793,69794,3301,40923,42940,40960,49221,69795,69796,69797,49244,69798,69799,69800,69801,42235,69802,69803,69804,69805,3152,3149,69806,41196,51902,51903,51905,27782,51906,51907,51908,51909,51495,51638,51910,42589,51911,3167,3164,51912,41364,41384,51883,69807,69808,69809,69810,69811,69812,69813,69814,69815,42380,42499,69816,69817,3185,3182,69818,69819,69820,69821,69822,69823,50744,69824,60074,51925,64845,4522,57581,69825,69826,41723,3280,69827,46385,58363,69828,69829,69830,69831,69832,60057,64846,66447,41921,69833,69834,3302,41910,69835,69494,69836,69837,69838,69839,69840,69841,69842,51884,69843,69844,42704,66448,69845,42934,69846,42534,42407,69847,42180,39591,64839,64843,64844,41525,64620,5426,64847,64848,3244,3241,64849,42312,66442,39834,66445,41129,66446,66214,66449,5556,66450,3256,3253,66451,5281,69848,39845,69849,41314,69850,69851,69852,3266,3263,69853,5134,22001,69854,69855,69856,41556,69857,69858,3276,3273,69859,5668,69860,69861,69862,69863,69864,69865,3282,5664,24,2242,3300,3113,3201,3303,3290,9,3304,3020,3070,3278,3131,3212,3281,3283,42882,69866,69867,69868,69869,69870,69871
217,24,3298,3040,1630,3057,2242,3299,3300,3113,3301,3152,3167,3185,3201,3302,3303,3244,3256,3266,3276,396,3290,9,3304,47,418,92,113,134,155,419,420,421,256,273,292,309,422,423,357,370,381,392,401,410,0,424,42869,42870,39648,17987,42871,42872,42873,42874,13331,41175,42875,42876,42877,42878,42879,42880,42881,42530,42638,3023,42788,3021,42882,16343,39441,17749,39460,39479,39649,39650,39532,39651,16694,17856,18718,39652,39653,39591,39602,39613,39624,5623,39640,198,39654,22025,20506,21827,21064,22026,22027,21882,22028,21918,17841,21933,22029,22030,21975,21987,3257,22003,1777,22017,99,22031,20428,39878,39690,39708,39879,39880,39763,39881,22335,20790,22734,39882,39883,3235,39836,39845,39854,5624,39870,199,39884,29790,29613,20733,28950,29791,24081,29646,29792,29684,25117,29701,29793,29794,29741,29751,29761,29771,2393,29783,141,29795,31867,42883,42884,42885,42886,42887,42888,41176,33829,42889,41774,42890,42291,42423,42531,3073,5625,42789,3068,42891,42892,42893,42894,22860,42895,42896,42897,42898,42899,42900,40240,41775,42901,42292,3092,42532,42639,42902,42903,3085,42904,40640,40383,40400,40641,40642,40456,40643,40495,40510,40527,40543,40644,40645,40586,40598,40608,40618,3279,40632,202,40646,40662,42905,42906,42907,42908,42909,42910,41178,42911,42912,42913,42914,42915,42916,42917,42533,42640,5628,3134,3131,42918,40963,40979,41177,41012,41029,41043,41058,41075,41179,41180,41118,41129,41140,41151,5629,41167,204,41181,41346,41347,41348,41349,25978,41241,41256,41350,41351,41297,41308,41316,3270,4038,41338,205,41352,41367,41580,30321,41581,41582,41434,41583,41468,41484,41584,41585,41527,3250,41547,41556,5630,41572,206,41586,41773,41617,41632,41776,41666,41682,41698,41777,31904,41723,41734,41744,41754,4522,41766,207,41778,42919,41785,42920,42921,42922,42923,42924,31895,42294,42425,3215,42641,5632,42791,3211,42925,29123,42926,42927,42928,42002,42929,42930,42931,30420,42932,42933,3232,42426,42534,42642,42934,42935,3226,42936,42290,42193,42207,42293,42235,3178,42262,5385,42271,5140,42283,210,42295,42422,42325,3051,42424,42367,42382,42394,42403,5514,5298,42415,211,42427,5284,42439,42456,42472,3162,42499,42510,5634,42523,212,42535,5137,1626,42564,42580,42591,42607,42618,5635,42631,213,42643,21,5602,5626,5627,5631,5633,5636,214,5637,5782,42729,42790,3111,42766,42792,42787,215,42793,197,200,201,203,208,209,216,42937,42938,42939,42940,42941,42942,42943
216,23,3291,3039,1629,3056,2241,3292,3293,3112,3294,3151,3166,3184,3200,3295,3296,3243,3255,3265,3275,3283,405,3297,9,46,411,91,112,133,154,412,413,414,255,272,291,308,415,416,356,369,380,391,400,409,417,0,42794,42795,39641,17980,42796,42797,42798,42799,13330,41168,42800,42801,42802,42803,42804,42805,42806,42524,42632,42713,3022,42807,3020,16342,39440,17748,39459,39478,39642,39643,39531,39644,16693,17855,18717,39645,39646,39590,39601,39612,39623,39632,5724,39647,198,22018,20505,21826,21063,22019,22020,21881,22021,21917,17840,21932,22022,22023,21974,21986,21995,3267,22010,1786,22024,99,20427,39871,39689,39707,39872,39873,39762,39874,22334,20789,22733,39875,39876,39825,3247,39844,39853,39862,5725,39877,199,29784,29612,20732,28949,29785,24005,29645,29786,29683,25116,29700,29787,29788,29740,29750,29760,29770,29777,2401,29789,141,31793,42808,42809,42810,42811,42812,42813,41169,33830,42814,41768,42815,42285,42417,3072,42633,42714,5726,42816,3069,42817,42818,42819,22854,42820,42821,42822,42823,42824,42825,40241,41769,42826,3091,42418,42525,42634,42827,42828,42829,3086,40633,40382,40399,40634,40635,40455,40636,40494,40509,40526,40542,40637,40638,40585,40597,40607,40617,40625,3286,40639,202,40663,42830,42831,42832,42833,42834,42835,41171,42836,42837,42838,42839,42840,42841,42842,42526,42635,3133,5729,42843,3132,40962,40978,41170,41011,41028,41042,41057,41074,41172,41173,41117,41128,41139,41150,41159,5730,41174,204,41339,41340,41341,41342,25977,41240,41255,41343,41344,41296,41307,3260,41324,41331,4047,41345,205,41366,41573,30320,41574,41575,41433,41576,41467,41483,41577,41578,3238,41538,41546,41555,41564,5731,41579,206,41767,41616,41631,41770,41665,41681,41697,41771,31830,41722,41733,41743,41753,41760,4530,41772,207,42844,41784,42845,42846,42847,42848,42849,31821,42287,42420,42527,3214,42716,5733,42850,3210,29117,42851,42852,42853,42001,42854,42855,42856,30414,42857,42858,42288,3231,42528,42636,42859,42860,42861,3225,42284,42192,3050,42286,42234,42250,42261,5384,42270,42277,5149,42289,210,42416,42324,42339,42419,42366,3179,42393,42402,5513,42409,5305,42421,211,5283,1625,42455,42471,42483,42498,42509,42517,5735,42529,212,5136,42547,42563,42579,3163,42606,42617,42624,5736,42637,213,5675,42654,42715,3110,42691,42717,42712,42718,214,22,5703,5727,5728,5732,5734,5737,5738,215,42862,42863,42864,42865,42866,42867,42868,197,200,201,203,208,209,217
203,3114,9,3030,3115,3116,3117,3062,3118,3119,3120,3121,3122,3123,3124,3125,3126,3127,3128,3129,3130,3131,3132,3133,3134,40647,40457,21883,40648,40649,40650,29647,40651,218,40652,40653,40654,40655,40656,40657,40658,40659,40660,40661,40662,40663,40664,40665,0,197,198,99,199,141,200,201,202,204,205,206,207,208,209,210,211,212,213,214,215,216,217,39533,39430,21885,39534,39535,39486,39536,39537,39538,39539,21891,39540,39541,39542,39543,39544,39545,39546,39547,39548,39549,39550,17734,40666,40667,40668,40669,40670,40671,40672,21817,21890,40673,21935,40674,40675,40676,40677,40678,40679,40680,40681,40682,40683,39425,40684,40685,40686,40687,40688,40689,39449,16681,40690,39553,40691,40692,40693,40694,40695,40696,40697,40698,40699,29621,40700,40701,40702,29659,29658,40703,40704,29676,40705,40706,29720,40707,40708,40709,40710,40711,40712,40713,40714,40715,39953,39954,39446,39923,29657,39955,39956,39716,39957,39958,39959,39960,39961,39962,39963,39964,39965,39966,39967,39968,40716,40268,39507,40717,40718,40719,40720,40721,40722,40723,40724,40725,40726,40727,40728,40729,40730,40731,40732,40733,40734,40347,40735,40736,40737,40738,40739,40740,40741,40742,40743,40744,40745,40746,40747,40748,40749,40750,40751,40752,40753,40754,40755,40756,40757,40758,40759,40760,40761,40762,40763,40764,40765,40766,40767,40768,40769,40770,40771,40772,40773,40774,40775,40776,40777,40210,40778,39772,40779,40780,40781,40782,40783,40784,40785,40786,40787,40788,40789,40790,40791,40478,40792,40793,40794,40795,40796,40797,40798,40799,40800,40801,40802,40803,40804,40805,40806,40807,40808,40809,40810,39973,40811,40812,40813,40814,40815,40816,40817,40818,40819,40820,40821,40822,40823,40824,40825,40254,40826,40827,40828,40829,40830,40831,40832,34396,40833,40834,40835,40836,40837,40838,40839,40840,40841,40842,40843,40844,40845,40846,40847,40007,40848,40849,40850,40851,40852,40853,40854,40855,40856,39927,40857,40858,40859,40860,40861,39975,40862,40863,40864,40865,40866,40867,40868,40869,40870,40871,40872,3240,40873,40874,40875,40876,40877,40878,3236,40879,40880,40881,40882,40883,3252,40884,40885,40886,40887,40888,40889,40890,3248,40891,40892,40893,40894,40895,40896,40897,40898,40899,40900,40901,40902,40903,40904,40905,40906,40907,40908,40909,40910,40911,40912,40913,40914,40915,40916,40917,40918,40919,40920,40921,40922,40923,40924,3301,40925,40926,40927,40928,40929,40930,40931,3294,40932,3283,40933,40934,40935,40936,40937,40938,3290,40939,40940,40941,40942,40943,40944
224,3413,10,1324,3414,3415,3416,2532,3417,3418,3419,3420,3421,3422,3423,3424,3425,3426,3427,3428,3429,3430,3431,3432,3433,44375,44190,43302,44376,44377,44378,43712,44379,8432,44380,44381,44382,44383,44384,44385,44386,44387,44388,44389,44390,44391,44392,44393,218,0,79,219,220,221,162,222,223,225,226,227,228,229,230,231,232,233,234,235,236,237,238,18102,16142,18103,18104,18105,17254,18106,18107,18108,18109,18110,18111,18112,18113,18114,18115,18116,18117,18118,18119,18120,18121,18014,44394,44395,44396,44397,44398,44399,44400,43219,20796,44401,22894,44402,44403,44404,44405,44406,44407,44408,44409,44410,44411,16138,44412,44413,44414,44415,44416,44417,18036,18124,44418,18172,44419,44420,44421,44422,44423,44424,44425,44426,44427,29987,44428,44429,44430,33412,30928,44431,44432,30164,44433,44434,43766,44435,44436,44437,44438,44439,44440,44441,44442,44443,33410,33411,18033,32725,18069,33413,33414,25382,33415,33416,33417,33418,33419,33420,33421,33422,33423,33424,33425,33426,44444,44022,18073,44445,44446,44447,44448,44449,44450,44451,44452,44453,44454,44455,44456,44457,44458,44459,44460,44461,44462,39140,44463,44464,44465,44466,44467,44468,44469,44470,44471,44472,44473,44474,44475,44476,44477,44478,44479,44480,44481,44482,44483,44484,44485,44486,44487,44488,44489,44490,44491,44492,44493,44494,44495,44496,44497,44498,44499,44500,44501,44502,44503,44504,44505,43964,44506,26257,44507,44508,44509,44510,44511,44512,44513,44514,44515,44516,44517,44518,44519,44211,44520,44521,44522,44523,44524,44525,44526,44527,44528,44529,44530,44531,44532,44533,44534,44535,44536,26258,44537,25383,44538,44539,44540,44541,44542,44543,44544,44545,44546,44547,44548,44549,44550,44551,44552,44008,44553,44554,44555,44556,44557,44558,44559,33461,44560,44561,44562,44563,44564,44565,44566,44567,44568,44569,44570,44571,44572,44573,44574,33477,44575,44576,44577,44578,44579,44580,44581,44582,44583,32729,44584,44585,44586,44587,44588,25385,44589,44590,44591,44592,44593,44594,44595,44596,44597,44598,44599,3537,44600,44601,44602,44603,44604,44605,3533,44606,44607,44608,44609,44610,3548,44611,44612,44613,44614,44615,44616,44617,3544,44618,44619,44620,44621,44622,44623,44624,44625,44626,44627,44628,44629,44630,44631,44632,44633,44634,44635,44636,44637,44638,44639,44640,44641,44642,44643,44644,44645,44646,44647,44648,44649,44650,44651,3599,44652,44653,44654,44655,44656,44657,44658,3593,44659,3582,44660,44661,44662,44663,44664,44665,3590,44666,44667,44668,44669,44670,44671
225,3434,11,10,1539,1223,3435,1893,2862,3436,3420,1955,3437,3438,3439,3440,3441,3442,3443,3444,3445,3446,3447,3448,3449,44672,44673,22135,20791,43036,44674,37451,44675,8438,26099,44676,44677,37458,44678,44679,44680,44681,44682,44683,44684,44685,44686,44687,239,57,0,101,122,240,163,241,242,243,244,245,246,247,248,249,250,251,252,253,254,255,256,218,79,219,220,221,162,222,223,224,226,227,228,229,230,231,232,233,234,235,236,237,238,95,20792,16696,20793,20740,20794,20795,20796,20797,20798,20799,20800,20801,20802,20803,20804,20805,20806,20807,20808,20809,16695,74,16697,16698,16642,16699,16700,16701,121,260,16702,312,16703,16704,16705,16706,16707,16708,16709,16710,16711,33576,44688,43034,44689,25379,37473,44690,43957,30088,44691,44212,44692,44693,44694,44695,44696,44697,44698,44699,44700,44701,25378,25251,118,25380,184,25381,25382,25354,25367,25383,25384,25385,25386,25387,25388,25389,25390,25391,25392,25393,37576,35842,188,37577,36547,36707,37578,17553,37523,37579,17582,37567,37580,37581,37582,37583,37584,37585,37586,37587,37588,39147,43218,44702,44703,44704,44705,44706,44707,43515,44216,44708,44709,44710,44711,44712,44713,44714,44715,44716,44717,44718,44504,43219,18036,44505,43964,44506,44490,26257,44507,44508,44509,44510,44511,44512,44513,44514,44515,44516,44517,44518,44519,26253,26254,26255,26256,26226,26241,26258,26259,26260,26261,26262,26263,26264,26265,26266,26267,26268,26269,40950,44719,44720,43535,44721,44211,44722,44723,44724,44725,44726,44727,44728,44729,44730,44731,44732,44733,44734,44735,33443,44736,43290,18110,44737,44738,44573,44739,44740,44741,44742,44743,44744,44745,44746,44747,35841,44748,44749,44750,44751,44752,44753,44754,33647,44755,44756,44757,44758,44759,44760,44761,44762,44763,44764,18907,44765,44766,44767,44768,33664,44769,44770,44771,44772,44773,44774,44775,44776,44777,32745,33477,44778,44779,44780,44781,33607,44782,44783,44784,44785,44786,44787,44788,44789,44790,44791,44792,3775,3539,44793,44794,44795,44796,44797,3770,44798,3534,44799,44800,44801,3785,3549,44802,44803,44804,44805,44806,44807,3781,44808,3545,44809,44810,44811,44812,19551,44813,44814,44815,44816,44817,44818,44819,44820,44821,44822,19676,44823,44824,44825,44826,44827,44828,44829,44830,44831,44832,44833,44834,44835,44836,44837,44838,3840,44839,44840,44841,44842,44843,44844,44845,3833,44846,3819,44847,44848,44849,44850,44851,44852,3829,44853,44854,44855,44856,44857,44858
260,3310,12,1340,1223,3894,3895,3866,3896,3897,3898,1954,3899,3437,3900,3901,3902,3903,3904,3905,3906,3907,3908,3909,3910,43033,40652,218,16695,42988,43034,29801,43035,8437,26095,43036,20791,43037,43038,43039,43040,43041,43042,43043,43044,43045,43046,43047,35,257,80,0,123,144,258,259,205,244,261,262,263,264,265,266,267,268,269,270,271,272,273,17999,16157,220,18301,18302,18273,18303,18304,18305,18306,226,18307,18308,18309,18310,18311,18312,18313,18314,18315,18316,18317,74,16696,16697,16698,16642,16699,16700,16701,121,225,16702,312,16703,16704,16705,16706,16707,16708,16709,16710,16711,43424,16043,50177,50178,50179,50180,50181,50182,16714,18321,50183,18365,50184,50185,50186,50187,50188,50189,50190,50191,50192,30268,50193,50194,50195,30284,30283,50196,50197,30118,50198,50199,30341,50200,50201,50202,50203,50204,50205,50206,50207,50208,49839,49840,16712,49811,18290,49841,49842,26237,49843,49844,35558,49845,49846,49847,49848,49849,49850,49851,49852,49853,50209,50098,18292,50210,50211,50212,50213,50214,50215,50216,50217,50218,50219,50220,50221,50222,50223,50224,50225,50226,50227,41182,43442,26181,50228,50229,50230,50231,26189,50232,50233,50234,50235,50236,50237,50238,50239,50240,50241,50242,50243,50244,50245,26203,50246,50247,50248,50249,50250,26239,50251,26209,50252,50253,50254,50255,50256,50257,50258,50259,50260,50261,50262,26099,26151,26238,26188,26225,26240,26241,26242,26243,26244,26245,26246,26247,26248,26249,26250,26251,26252,40951,50263,50264,50265,50266,44721,50267,50268,50269,50270,50271,50272,50273,50274,50275,50276,50277,44676,40950,44691,44719,44720,43515,43535,44211,44722,44723,44724,44725,44726,44727,44728,44729,44730,44731,44732,35561,50278,50279,50280,50281,37458,50282,50283,49856,50284,50285,50286,50287,50288,50289,50290,50291,50292,50293,50294,50295,50296,40954,50297,47843,50298,50299,50300,50301,50302,50303,50304,50305,50306,49815,50307,50308,50309,50310,50311,47770,50312,50313,50314,50315,50316,50317,50318,50319,50320,50321,50322,3999,50323,50324,50325,50326,50327,50328,3994,50329,50330,50331,50332,50333,4011,50334,50335,50336,50337,50338,50339,50340,4007,50341,50342,50343,50344,50345,50346,50347,50348,50349,50350,50351,50352,50353,50354,50355,50356,50357,50358,50359,50360,50361,50362,50363,50364,50365,50366,46339,50367,50368,50369,50370,50371,50372,50373,4063,46423,50374,50375,50376,50377,50378,50379,4056,50380,4042,50381,50382,50383,50384,50385,50386,4052,50387,50388,50389,50390,50391,50392
280,4172,13,1357,1204,1184,4173,1265,4174,4175,4176,1326,4177,4178,4179,4180,4181,4182,4183,4184,4185,4186,4187,4188,4189,53586,53419,22534,16421,53587,53588,52765,53589,8434,18000,53590,20507,53591,53592,53593,53594,53595,53596,53597,53598,53599,53600,53601,274,275,81,102,0,276,277,278,279,245,262,281,282,283,284,285,286,287,288,289,290,291,292,18517,14116,16024,16004,18518,12910,18519,18520,18521,18522,18523,18524,18525,18526,18527,18528,18529,18530,18531,18532,18533,18534,73,16422,16137,16423,16370,16424,16425,16426,100,16427,16428,16429,16430,16431,16432,16433,16434,16435,16436,16437,16438,16136,72,16138,16139,16082,16140,16141,16142,79,16143,16144,16145,16146,16147,16148,16149,16150,16151,16152,16153,16154,52740,53602,53603,53604,17281,52773,53605,53606,30075,53607,53608,52818,53609,53610,53611,53612,53613,53614,53615,53616,53617,17280,12793,76,12830,17282,17283,17284,165,17269,17285,17286,17287,17288,17289,17290,17291,17292,17293,17294,17295,53618,53270,18490,53619,53620,53621,53622,53623,34011,53624,53625,53626,53627,53628,53629,53630,53631,53632,53633,53634,53635,53351,53636,22095,53637,53638,53639,53640,22102,53641,53642,53643,53644,53645,53646,53647,53648,53649,53650,53651,53652,53653,53654,22116,53655,53656,53657,53658,53659,18142,53660,22122,53661,53662,34061,53663,53664,53665,53666,53667,53668,53669,53670,18138,18139,18140,18141,227,18126,18143,18144,18145,18146,18147,18148,18149,18150,18151,18152,18153,18154,40952,50629,53671,53672,53673,53674,53675,53676,53677,53678,53679,53680,53681,53682,53683,53684,53685,53686,45076,53687,33933,53688,53689,53690,53691,53692,53693,53694,53695,53696,53697,53698,53699,53700,53701,53702,53256,53703,53704,53705,53706,53707,53708,53709,53007,53710,53711,53712,53713,53714,53715,53716,53717,53718,53719,53720,53721,53722,47995,53723,48022,53724,53725,53726,53727,53728,53729,53730,53731,53732,52946,53733,53734,53735,53736,53737,33935,53738,53739,53740,53741,53742,53743,53744,53745,53746,53747,53748,4266,53749,53750,53751,53752,53753,53754,4261,53755,53756,53757,53758,53759,4276,53760,53761,53762,53763,53764,53765,53766,4272,53767,53768,53769,53770,53771,53772,53773,53774,53775,53776,53777,5402,53778,53779,53780,53781,53782,53783,53784,53785,53786,53787,53788,5531,53789,53790,53791,53792,53793,53794,53795,53796,53797,53798,4327,53799,53800,53801,53802,53803,53804,53805,4320,53806,4306,53807,53808,53809,53810,53811,53812,4316,53813,53814,53815,53816,53817,53818
296,3314,14,4351,4379,4380,2613,2595,3490,4381,4382,4383,4384,4385,4386,4387,4388,4389,4390,4391,4392,4393,4394,4395,4396,43094,40656,22036,43095,43096,34407,218,30923,8441,43038,43097,43098,43084,43099,43100,43101,43102,43103,43104,43105,43106,43107,43108,37,293,294,103,295,0,166,187,207,297,263,298,299,300,301,302,303,304,305,306,307,308,309,55740,55713,22736,55741,48231,34150,55742,55743,55744,50835,22740,55745,55746,34238,55747,55748,55749,55750,55751,55752,55753,55754,22707,56069,56070,34408,56071,56072,56073,56074,22723,22739,56075,22783,56076,56077,56078,56079,56080,56081,56082,56083,56084,56085,55710,56086,48546,56087,56088,56089,56090,50799,50788,56091,55772,56092,56093,56094,56095,56096,56097,56098,56099,56100,167,18189,34409,30931,230,229,34410,34411,248,34412,34413,332,34414,34415,34416,34417,34418,34419,34420,34421,34422,33365,34176,34177,32788,228,34178,34179,34180,34181,34182,34183,34184,34185,34186,34187,34188,34189,34190,34191,34192,43860,38139,45291,45381,45382,44008,45383,45325,45341,45384,45385,45372,45386,45387,45388,45389,45390,45391,45392,45393,45394,41587,56101,56102,45775,56103,56104,56105,56106,56107,56108,56109,56110,56111,56112,56113,56114,56115,56116,56117,56118,56119,56120,56121,56122,45776,56123,56124,56125,56126,56127,56128,56129,56130,56131,56132,56133,56134,56135,56136,56137,56138,56139,56140,47004,38096,56141,55948,50805,56142,56143,56144,56145,56146,56147,56148,56149,56150,56151,56152,56153,41651,49858,45472,56154,56155,56156,56157,56158,56159,56160,56161,56162,56163,56164,56165,56166,56167,56168,56169,48501,34197,56170,56171,56172,56173,56174,56175,56176,56177,56178,56179,56180,56181,56182,56183,56184,38126,56185,56186,56187,56188,56189,56190,56191,34226,56192,56193,56194,56195,56196,56197,56198,56199,45474,56200,56201,56202,56203,56204,56205,34241,56206,56207,56208,56209,56210,56211,56212,56213,45647,32792,56214,56215,56216,56217,56218,34199,56219,56220,56221,56222,56223,56224,56225,56226,56227,56228,56229,4482,56230,56231,56232,56233,56234,56235,4477,56236,56237,56238,56239,56240,4493,56241,56242,56243,56244,56245,56246,56247,4489,56248,56249,56250,56251,46104,56252,56253,56254,56255,56256,56257,56258,56259,56260,56261,46223,56262,56263,56264,56265,56266,56267,56268,56269,56270,56271,56272,48654,56273,56274,56275,56276,56277,56278,4546,56279,48642,56280,56281,56282,56283,56284,4539,56285,4526,56286,56287,56288,56289,56290,56291,4535,56292,56293,56294,56295,56296,56297
229,3499,15,1328,3500,3501,2331,10,3384,3502,3424,3440,3503,3504,3490,3505,2613,3506,3507,3508,3509,3510,3511,3512,3513,45465,45466,45467,45468,45469,30923,29964,45470,8440,45471,45472,45473,43860,45474,43084,45475,45476,45477,45478,45479,45480,45481,45482,310,61,83,311,312,146,0,188,313,247,314,315,300,316,317,318,319,320,321,322,323,324,325,18170,16145,18171,18172,17057,79,18073,18173,18112,18174,283,18161,18175,328,18176,18177,18178,18179,18180,18181,18182,18183,18892,45483,45484,30924,44953,44276,45485,45187,44764,45486,45381,22883,43095,45487,45488,45489,45490,45491,45492,45493,45494,45495,16188,45496,45497,18036,45498,45499,45500,18907,18937,45501,18951,43563,45502,45503,45504,45505,45506,45507,45508,45509,147,30879,30925,30926,221,29970,30927,30928,30147,30929,30930,30754,30931,30932,30933,30934,30935,30936,30937,30938,30939,218,219,220,162,222,223,224,225,226,227,228,230,231,232,233,234,235,236,237,238,44017,38291,17616,44018,44019,43912,43702,18069,43964,44020,44021,44008,44022,44023,44024,44025,44026,44027,44028,44029,44030,39149,45510,45511,43765,44267,45512,45513,45514,45515,45516,45383,45517,45518,45519,45520,45521,45522,45523,45524,45525,45526,44568,44569,44570,43766,44454,44571,44494,44510,44572,44573,44559,44574,33477,44575,44576,44577,44578,44579,44580,44581,44582,44763,44692,37580,44765,26260,44766,44767,44754,44768,33664,44769,44770,44771,44772,44773,44774,44775,44776,45527,44860,45528,45529,45530,45531,45384,45532,45533,45534,45535,45536,45537,45538,45539,45540,45541,45542,45543,45544,245,33977,45545,18145,45546,45547,45548,45549,45550,45551,45552,45553,45554,45555,45556,45557,38139,45291,45382,45325,45341,45385,45372,45386,296,45387,45388,45389,45390,45391,45392,45393,45394,45558,45559,45560,45561,45562,45563,45564,332,45565,45566,45567,45568,45569,45570,45571,45572,34407,167,18189,34408,34409,34410,34411,248,34412,34413,34414,34415,34416,34417,34418,34419,34420,34421,34422,4683,45573,45574,45575,45576,45577,45578,4678,45579,45580,45581,45582,45583,4695,45584,45585,45586,45587,45588,45589,45590,4691,45591,45592,45593,45594,45595,45596,45597,45598,45599,45600,45601,45602,45603,3594,45604,45605,45606,45607,45608,45609,45610,45611,45612,45613,45614,3600,45615,45616,45617,45618,45619,35130,45620,45621,4747,45622,45623,45624,45625,45626,35222,45627,4741,45628,4728,3573,45629,45630,45631,45632,45633,4738,3563,45634,45635,45636,45637,45638
332,4854,16,4793,4855,4856,4857,2613,3505,4858,4859,3742,4860,4861,4387,4663,4862,4863,4864,4865,4866,4867,4868,4869,4870,61670,61533,61140,61671,61672,61673,30923,61674,8436,61675,61676,61677,45474,57092,43099,61678,61679,61680,61681,61682,61683,61684,61685,326,327,328,329,330,147,167,0,331,333,334,335,301,317,336,337,338,339,340,341,342,343,344,60928,60849,60929,60930,60931,18189,60932,60933,60934,60935,34460,60936,19135,34472,60937,60938,60939,60940,60941,60942,60943,60944,60863,61686,61687,61688,61689,61690,61691,61692,48412,61146,56200,22911,61693,61694,61695,61696,61697,61698,61699,61700,61701,61702,60846,61703,61704,48564,61705,61706,61707,48413,60945,61708,19132,61709,61710,61711,61712,61713,61714,61715,61716,61717,29280,61718,61719,61720,30931,30754,61721,61722,30946,61723,61724,30993,61725,61726,61727,61728,61729,61730,61731,61732,61733,34407,34408,34409,230,229,34410,34411,248,34412,34413,296,34414,34415,34416,34417,34418,34419,34420,34421,34422,45558,316,18175,45559,45560,44022,45561,44574,44768,45562,45563,45386,45564,45565,45566,45567,45568,45569,45570,45571,45572,61452,61734,61735,56111,56110,61736,61737,61738,61739,61740,56202,61741,61742,61743,61744,61745,61746,61747,61748,61749,61750,61751,61752,61753,61754,61755,61756,61757,48415,61758,48614,56123,59420,45776,61759,61760,61761,61762,61763,61764,61765,61766,46680,46993,247,48414,13656,48416,48417,13698,13731,48418,48419,48420,48421,48422,48423,48424,48425,48426,61551,49781,61767,61768,61769,61770,56203,61771,61772,61773,61774,61775,61776,61777,61778,61779,61780,61781,61782,61783,34427,53134,61784,61785,61786,61787,61788,61789,61790,61791,61792,61793,61794,61795,61796,61797,300,55746,56201,56130,56144,56204,56191,56205,34241,56206,56207,56208,56209,56210,56211,56212,56213,59416,59417,59418,59419,59421,59422,14761,34476,59423,59424,59425,59426,59427,59428,59429,59430,61798,32809,61799,61800,61801,61802,61803,34429,61804,61805,61806,61807,61808,61809,61810,61811,61812,61813,61814,4945,61815,61816,61817,61818,61819,61820,4940,61821,61822,61823,61824,61825,4956,61826,61827,61828,61829,61830,61831,61832,4952,61833,61834,61835,61836,61837,61838,61839,61840,61841,61842,61843,5653,61844,61845,61846,61847,61848,61849,61850,61851,61852,61853,61854,5754,61855,61856,61857,61858,61859,61860,61861,61862,61863,61864,5005,61865,61866,61867,61868,61869,61870,61871,4999,61872,4987,61873,61874,61875,61876,61877,61878,4996,61879,61880,61881,61882,61883,61884
33,595,1,479,596,597,598,560,599,600,601,602,603,604,605,606,607,608,609,610,611,612,613,614,615,8432,218,7116,8433,8434,8435,7694,8436,6115,8437,8438,8439,8440,8441,8442,8443,8444,8445,8446,8447,8448,8449,8450,25,26,27,28,29,30,31,32,0,34,35,36,37,38,39,40,41,42,43,44,45,46,47,6831,6703,6832,6833,6834,6780,6835,6836,6837,6838,6839,6840,6841,6842,6843,6844,6845,6846,6847,6848,6849,6850,71,8451,8452,8453,8454,8455,8456,8457,7045,7122,8458,7182,8459,8460,8461,8462,8463,8464,8465,8466,8467,8468,6698,8469,8470,8471,8472,8473,8474,6740,6853,8475,6900,8476,8477,8478,8479,8480,8481,8482,8483,8484,156,8485,8486,8487,7705,7704,8488,8489,7720,8490,8491,7778,8492,8493,8494,8495,8496,8497,8498,8499,8500,7966,7967,6738,7918,6801,7968,7969,7367,7970,7971,7972,7973,7974,7975,7976,7977,7978,7979,7980,7981,8501,8353,6805,8502,8503,8504,8505,8506,8507,8508,8509,8510,8511,8512,8513,8514,8515,8516,8517,8518,8519,48,8520,8521,8522,8523,8524,8525,8526,8527,8528,8529,8530,8531,8532,8533,8534,8535,8536,8537,8538,8539,8540,8541,8542,8543,8544,8545,8546,8547,8548,8549,8550,8551,8552,8553,8554,8555,8556,8557,8558,8559,8560,8561,8562,8295,8563,7428,8564,8565,8566,8567,8568,8569,8570,8571,8572,8573,8574,8575,8576,239,8577,8578,8579,8580,8581,8582,8583,8584,8585,8586,8587,8588,8589,8590,8591,8592,8593,8594,8595,7987,8596,8597,8598,8599,8600,8601,8602,8603,8604,8605,8606,8607,8608,8609,8610,310,8611,8612,8613,8614,8615,8616,8617,8031,8618,8619,8620,8621,8622,8623,8624,8625,8626,8627,8628,8629,8630,8631,8632,8048,8633,8634,8635,8636,8637,8638,8639,8640,8641,7923,8642,8643,8644,8645,8646,7989,8647,8648,8649,8650,8651,8652,8653,8654,8655,8656,8657,382,8658,8659,8660,8661,8662,8663,725,8664,8665,8666,8667,8668,371,8669,8670,8671,8672,8673,8674,8675,737,8676,8677,8678,8679,8680,8681,8682,8683,8684,8685,8686,8687,8688,8689,8690,8691,8692,8693,8694,8695,8696,8697,8698,8699,8700,8701,8702,8703,8704,8705,8706,8707,8708,8709,790,8710,8711,8712,8713,8714,8715,8716,783,8717,393,8718,8719,8720,8721,8722,8723,402,8724,8725,8726,8727,8728,8729
79,1318,3,1184,1319,1320,1321,1263,1322,1323,1324,10,1325,1326,1327,1328,1329,1330,1331,1332,1333,1334,1335,1336,1337,17994,17806,16421,17995,17996,17997,16971,17998,8433,17999,18000,18001,18002,18003,18004,18005,18006,18007,18008,18009,18010,18011,18012,71,50,72,73,74,75,76,77,78,0,80,81,82,83,84,85,86,87,88,89,90,91,92,16136,16004,16137,16138,16139,16082,16140,16141,16142,16143,280,16144,16145,16146,16147,16148,16149,16150,16151,16152,16153,16154,16019,18013,18014,18015,18016,18017,18018,18019,219,100,18020,16456,18021,18022,18023,18024,18025,18026,18027,18028,18029,18030,15999,18031,18032,18033,18034,18035,18036,220,16157,18037,16188,18038,18039,18040,18041,18042,18043,18044,18045,18046,16928,18047,18048,18049,16982,16981,18050,18051,16996,18052,18053,17057,18054,18055,18056,18057,18058,18059,18060,18061,18062,17251,17252,16040,17203,16102,17253,17254,162,17255,17256,17257,17258,17259,17260,17261,17262,17263,17264,17265,17266,18063,17616,16106,18064,18065,18066,18067,18068,18069,18070,18071,18072,18073,18074,18075,18076,18077,18078,18079,18080,18081,17697,18082,18083,18084,18085,18086,18087,18088,18089,18090,18091,18092,18093,18094,18095,18096,18097,18098,18099,18100,18101,18102,18103,18104,18105,18106,18107,18108,224,18109,18110,18111,18112,18113,18114,18115,18116,18117,18118,18119,18120,18121,218,221,222,223,225,226,227,228,229,230,231,232,233,234,235,236,237,238,262,18122,18123,18124,18125,18126,18127,18128,18129,18130,18131,18132,18133,18134,18135,18136,18137,18138,245,18139,165,18140,18141,18142,18143,18144,18145,18146,18147,18148,18149,18150,18151,18152,18153,18154,17602,18155,18156,18157,18158,18159,18160,18161,17298,18162,18163,18164,18165,18166,18167,18168,18169,18170,18171,18172,18173,18174,283,18175,328,18176,18177,18178,18179,18180,18181,18182,18183,18184,17207,18185,18186,18187,18188,18189,167,18190,18191,18192,18193,18194,18195,18196,18197,18198,18199,18200,1425,18201,18202,18203,3538,18204,18205,1421,18206,18207,3531,18208,18209,1435,18210,18211,18212,3550,18213,18214,18215,1432,3542,18216,18217,18218,18219,18220,18221,18222,18223,18224,18225,18226,18227,18228,18229,18230,18231,18232,18233,18234,18235,18236,18237,18238,18239,18240,18241,18242,18243,18244,18245,18246,18247,18248,1490,18249,18250,18251,18252,18253,18254,18255,1483,18256,1469,18257,18258,18259,18260,18261,18262,1479,18263,18264,18265,18266,18267,18268
100,1631,4,1204,1632,1319,1633,1578,1634,1635,1636,1637,1326,1638,1639,1640,1641,1642,1643,1644,1645,1646,1647,1648,1649,22032,21883,20507,18001,18000,22033,21065,22034,7116,218,18138,22035,18159,22036,22037,22038,22039,22040,22041,22042,22043,22044,22045,28,93,73,94,95,96,97,98,99,101,0,102,103,104,105,106,107,108,109,110,111,112,113,16421,16024,16422,16137,16423,16370,16424,16425,16426,280,16427,16428,16429,16430,16431,16432,16433,16434,16435,16436,16437,16438,16310,22046,18013,22047,22048,22049,22050,22051,20416,20513,22052,20558,22053,22054,22055,22056,22057,22058,22059,22060,22061,17995,16019,18014,18015,18016,18017,18018,18019,219,79,18020,16456,18021,18022,18023,18024,18025,18026,18027,18028,18029,21023,22062,17997,22063,21076,21075,22064,22065,21089,18139,22066,21133,22067,22068,22069,22070,22071,22072,22073,22074,22075,21326,21327,16331,21276,16391,21328,21329,20743,21330,21331,21332,21333,21334,21335,21336,21337,21338,21339,21340,21341,22076,21714,16395,22077,22078,22079,22080,22081,22082,22083,22084,22085,22086,22087,22088,22089,22090,22091,22092,22093,22094,21795,22095,22096,22097,22098,22099,22100,22101,18141,22102,22103,22104,22105,22106,22107,22108,22109,22110,22111,22112,22113,22114,22115,22116,22117,22118,22119,22120,22121,22122,22123,22124,22125,22126,22127,22128,22129,22130,22131,22132,22133,22134,22135,22136,21656,22137,20798,227,22138,22139,22140,22141,22142,22143,22144,22145,22146,22147,22148,22149,245,165,18140,18142,18126,18143,18144,18145,18146,18147,18148,18149,18150,18151,18152,18153,18154,22150,22151,22152,21347,22153,22154,22155,22156,22157,22158,22159,22160,22161,22162,22163,22164,22165,22166,22167,21700,22168,22169,22170,22171,22172,22173,22174,21391,22175,22176,22177,22178,22179,22180,22181,22182,22183,22184,22185,22186,22187,22188,22189,21408,22190,22191,22192,22193,22194,22195,22196,22197,22198,21281,22199,22200,22201,22202,22203,21349,22204,22205,22206,22207,22208,22209,22210,22211,22212,22213,22214,1738,22215,22216,22217,22218,22219,22220,1733,22221,22222,22223,22224,22225,1750,22226,22227,22228,22229,22230,22231,22232,1746,22233,22234,22235,22236,22237,22238,22239,22240,22241,22242,22243,22244,22245,22246,22247,22248,22249,22250,22251,22252,22253,22254,22255,22256,22257,22258,22259,22260,22261,22262,22263,22264,22265,22266,1802,22267,22268,22269,22270,22271,22272,22273,1795,22274,1781,22275,22276,22277,22278,22279,22280,1791,22281,22282,22283,22284,22285,22286
121,1946,5,1223,1947,1948,1949,1890,1950,1951,1952,1953,1954,1955,1956,1957,1958,1959,1960,1961,1962,1963,1964,1965,1966,26093,25910,20791,26094,26095,26096,25054,26097,8439,26098,26099,26100,26101,26102,26103,26104,26105,26106,26107,26108,26109,26110,26111,114,115,74,95,116,117,118,119,120,122,123,0,124,125,126,127,128,129,130,131,132,133,134,16695,220,16696,16697,16698,16642,16699,16700,16701,260,225,16702,312,16703,16704,16705,16706,16707,16708,16709,16710,16711,16329,26112,26113,26114,26115,26116,26117,26118,20702,20797,26119,20841,26120,26121,26122,26123,26124,26125,26126,26127,26128,26129,16038,26130,26131,26132,26133,26134,26135,16602,16714,26136,16743,26137,26138,26139,26140,26141,26142,26143,26144,26145,25011,26146,26147,26148,25065,25064,26149,26150,25079,26151,26152,25138,26153,26154,26155,26156,26157,26158,26159,26160,26161,25334,25335,16599,25284,16662,25336,25337,24710,25338,25339,25340,25341,25342,25343,25344,25345,25346,25347,25348,25349,26162,25719,16666,26163,26164,26165,26166,26167,26168,26169,26170,26171,26172,26173,26174,26175,26176,26177,26178,26179,26180,25800,26181,26182,26183,26184,26185,26186,26187,26188,26189,26190,26191,26192,26193,26194,26195,26196,26197,26198,26199,26200,26201,26202,26203,26204,26205,26206,26207,26208,26209,26210,26211,26212,26213,26214,26215,26216,26217,26218,26219,26220,26221,26222,26223,25659,26224,12340,26225,26226,26227,14497,26228,26229,26230,26231,26232,26233,26234,26235,26236,244,26237,26238,26239,26240,26241,26242,26243,26244,26245,26246,26247,26248,26249,26250,26251,26252,26253,243,26254,25354,26255,26256,26257,26258,26259,26260,26261,26262,26263,26264,26265,26266,26267,26268,26269,25705,26270,26271,26272,26273,26274,26275,26276,25396,26277,26278,26279,26280,26281,26282,26283,26284,26285,26286,26287,26288,14528,247,14559,25414,26289,26290,26291,26292,26293,26294,26295,26296,26297,25289,26298,26299,26300,26301,26302,25356,26303,26304,26305,26306,26307,26308,26309,26310,26311,26312,26313,2050,26314,26315,26316,26317,26318,26319,2046,26320,26321,26322,26323,26324,2060,26325,26326,26327,26328,26329,26330,26331,2057,26332,26333,26334,26335,26336,26337,26338,26339,26340,26341,26342,26343,5360,26344,26345,26346,26347,26348,26349,26350,26351,26352,5489,26353,26354,26355,26356,26357,26358,26359,26360,26361,26362,26363,2111,26364,26365,26366,26367,26368,26369,26370,2104,26371,2090,26372,26373,26374,26375,26376,26377,2100,26378,26379,26380,26381,26382,26383
142,2243,6,2141,2244,2245,2246,2196,2247,2248,2249,2250,2251,2252,1284,2253,2254,2255,2256,2257,2258,2259,2260,2261,2262,29796,29647,21065,29797,29798,29799,28951,29800,7694,29801,29802,29803,17550,218,29804,29805,29806,29807,29808,29809,29810,29811,29812,30,135,136,96,137,138,139,140,141,143,144,145,0,146,147,148,149,150,151,152,153,154,155,28471,28365,21067,28472,28473,28421,28474,28475,28476,28477,21073,17599,28478,28479,28480,28481,28482,28483,28484,28485,28486,28487,20962,29813,29814,29815,29816,29817,29818,29819,20984,21072,17463,21115,25227,29820,29821,29822,29823,29824,29825,29826,29827,29828,28360,29829,29830,29831,29832,29833,29834,28383,28490,17407,28520,29835,29836,29837,29838,29839,29840,29841,29842,29843,28925,29844,29845,29846,28962,28961,29847,29848,28977,29849,29850,29038,29851,29852,29853,29854,29855,29856,29857,29858,29859,29213,29214,28381,29182,28441,29215,29216,28701,29217,29218,183,29219,29220,29221,29222,29223,29224,29225,29226,29227,29860,29503,28444,29861,29862,29863,29864,29865,29866,29867,29868,17551,29869,29870,29871,29872,29873,29874,29875,29876,29877,29580,29878,29879,29880,29881,29882,29883,29884,29885,29886,17552,29887,29888,29889,29890,29891,29892,29893,29894,29895,29896,29897,29898,29899,29900,29901,29902,29903,29904,29905,29906,17501,29907,29908,29909,29910,29911,29912,29913,29914,29915,29916,29917,29918,29460,29919,28736,29920,29921,16942,29922,29923,29924,29925,29926,29927,29928,29929,29930,29931,29668,29932,29933,29934,29935,29936,17554,29937,29938,29939,29940,29941,29942,29943,29944,29945,29946,29947,29948,29949,29233,29950,29951,29952,29953,17520,29954,29955,29956,29957,29958,29959,29960,29961,29962,29963,188,77,17481,17538,17553,17555,17556,222,162,17557,17558,17559,17560,17561,17562,17563,17564,29964,29965,29966,29967,29968,29969,29970,221,29971,29972,29973,29974,29975,29976,29977,29978,29979,29186,29980,29981,29982,29983,29984,29234,29985,29986,29987,29988,29989,29990,29991,29992,29993,29994,29995,2352,29996,29997,29998,29999,30000,30001,2347,30002,30003,30004,30005,30006,2363,30007,30008,30009,30010,30011,30012,30013,2359,30014,30015,30016,30017,30018,30019,30020,30021,30022,30023,30024,30025,30026,30027,30028,30029,30030,30031,30032,30033,30034,30035,30036,30037,30038,30039,30040,30041,30042,30043,17629,30044,30045,30046,2416,30047,30048,30049,30050,17641,30051,30052,2409,30053,2396,30054,30055,30056,30057,30058,30059,2405,30060,30061,30062,30063,30064,30065
162,2529,7,1263,2530,1220,2254,2479,1284,2531,2532,1893,2533,2534,2535,10,2536,2537,2538,2539,2540,2541,2542,2543,2544,33361,33208,32263,25227,33362,29979,29213,29799,8435,25232,33363,33364,29804,33365,33366,33367,33368,33369,33370,33371,33372,33373,33374,156,54,76,157,158,139,159,160,161,163,164,165,166,0,167,168,169,170,171,172,173,174,175,17251,16082,17252,16040,16982,17203,16102,17253,17254,17255,17256,17257,79,17258,17259,17260,17261,17262,17263,17264,17265,17266,17166,33375,16637,29981,33376,33377,33378,33379,25251,32269,33380,22899,33381,33382,33383,33384,33385,33386,33387,33388,33389,16636,16078,16638,16619,16639,16640,16641,16642,118,16643,16644,74,16645,16646,16647,16648,16649,16650,16651,16652,16653,29186,29980,29982,29851,29219,142,29983,29984,29234,29985,29986,221,29987,29988,29989,29990,29991,29992,29993,29994,29995,32722,32723,17185,32689,183,32724,32725,25380,32726,32727,32728,32729,32730,32731,32732,32733,32734,32735,32736,32737,17550,188,77,17463,17481,17551,17552,17538,17553,17554,17555,17556,222,17557,17558,17559,17560,17561,17562,17563,17564,33109,33390,33391,33392,33393,33394,33395,33396,33397,33398,33399,33400,33401,33402,33403,33404,33405,33406,33407,33408,33409,33410,33411,18033,33412,18069,33413,33414,25382,33415,33416,33417,224,33418,33419,33420,33421,33422,33423,33424,33425,33426,25378,25379,184,25381,25354,25367,25383,25384,225,25385,25386,25387,25388,25389,25390,25391,25392,25393,33228,33427,29802,33428,33429,33430,33431,33432,33433,33434,33435,33436,33437,33438,33439,33440,33441,33442,33443,33444,32743,33445,33446,33447,33448,33449,18110,33450,33451,33452,33453,33454,33455,33456,33457,33458,187,33459,33460,33461,33462,33463,33464,228,32788,33465,33466,33467,33468,33469,33470,33471,33472,218,219,220,223,226,227,229,230,231,232,233,234,235,236,237,238,33473,32694,18113,33474,33475,33476,33477,32745,33478,33479,33480,33481,33482,33483,33484,33485,33486,33487,33488,2634,33489,33490,33491,33492,33493,33494,2629,33495,33496,33497,33498,33499,2646,33500,33501,33502,33503,33504,33505,33506,2642,33507,33508,33509,33510,33511,33512,19548,33513,33514,33515,33516,33517,33518,33519,3597,33520,33521,19673,33522,33523,33524,33525,33526,33527,3591,33528,33529,33530,19801,33531,33532,33533,33534,33535,2699,33536,33537,19901,33538,33539,33540,33541,2693,33542,2679,33543,33544,33545,3562,33546,33547,2689,33548,33549,33550,3574,33551,33552
183,2836,8,1261,2837,2838,2196,2497,2839,2840,2841,2842,2843,2844,2845,1284,2479,2846,2847,2848,2849,2850,2851,2852,2853,37216,37064,36290,37217,37218,29213,29434,28951,8442,37219,37220,37221,37222,29804,37223,37224,37225,37226,37227,37228,37229,37230,37231,176,177,178,179,180,140,160,181,182,184,185,186,187,188,0,189,190,191,192,193,194,195,196,15825,11644,17216,17217,11700,11739,17218,17219,17220,17221,17222,17223,77,76,17224,17225,17226,17227,17228,17229,17230,17231,36022,37232,37233,29214,37234,37235,37236,37237,36243,36295,37238,22868,37239,37240,37241,37242,37243,37244,37245,37246,37247,37248,36006,37249,37250,37251,37252,37253,37254,36042,36108,37255,17424,27067,37256,37257,37258,37259,37260,37261,37262,37263,139,28421,28381,28962,29182,28441,29215,29216,28701,29217,29218,142,29219,29220,29221,29222,29223,29224,29225,29226,29227,32964,32965,32966,13158,29443,32967,32968,32969,32970,32971,32972,32689,32973,32974,32975,32976,32977,32978,32979,32980,37264,36899,17426,37265,37266,37267,37268,37269,37270,37271,37272,37273,17551,37274,37275,37276,37277,37278,37279,37280,37281,36980,37282,37283,37284,37285,37286,37287,37288,37289,37290,37291,29881,29880,37292,37293,37294,37295,37296,37297,37298,37299,37300,37301,17477,29908,17501,37302,37303,37304,37305,37306,37307,17538,37308,37309,37310,37311,37312,37313,37314,37315,37316,37317,37318,36838,37319,36545,37320,37321,37322,17553,37323,37324,37325,37326,37327,37328,37329,37330,37331,37083,37332,37333,37334,37335,37336,37337,37338,37339,37340,37341,37342,37343,37344,37345,37346,37347,37348,37349,37350,32987,37351,37352,37353,37354,37355,17540,37356,37357,37358,37359,37360,37361,37362,37363,37364,36885,37365,37366,37367,37368,37369,37370,17556,32728,37371,37372,37373,37374,37375,37376,37377,37378,17550,17463,17481,17552,17554,17555,222,162,17557,17558,17559,17560,17561,17562,17563,17564,32722,159,17203,32723,17185,32724,32725,25380,32726,32727,32729,32730,32731,32732,32733,32734,32735,32736,32737,2940,37379,37380,37381,37382,37383,37384,2935,37385,37386,37387,37388,37389,2951,37390,37391,37392,37393,37394,37395,37396,2947,37397,37398,37399,37400,37401,37402,37403,37404,37405,37406,37407,37408,5717,37409,37410,37411,37412,37413,37414,37415,37416,37417,5616,37418,37419,37420,37421,37422,37423,37424,37425,37426,37427,37428,3001,37429,37430,37431,37432,37433,37434,37435,2995,37436,2982,37437,37438,37439,37440,37441,37442,2991,37443,37444,37445,37446,37447,37448
361,3319,18,5190,5216,5217,5218,2642,5219,5220,5221,5222,5223,5224,5225,4691,5226,234,5227,232,5228,5229,5230,5231,5232,43158,40661,22041,43159,43160,43011,29808,43028,8446,43043,43161,43162,43089,43104,43121,3564,43143,218,43163,43164,43165,43166,43167,41,358,359,107,360,149,169,190,211,362,267,363,303,319,338,0,364,365,366,367,368,369,370,65339,65282,23480,65340,65341,34724,65342,65343,65344,51596,23486,65345,59704,34502,18237,65346,3542,65347,65348,1432,65349,19511,23450,65600,65601,65602,65603,65604,65605,65606,23469,23485,65607,22986,65608,3565,65609,43370,65610,65611,65612,65613,43367,65614,65278,65615,65616,65617,65618,65619,65620,51564,51543,65621,59700,65622,46254,65623,46004,65624,65625,46003,65626,46251,29282,65627,65628,65629,31268,30781,65630,65631,31280,65632,65633,31020,65634,3369,65635,3367,65636,46310,65637,65638,65639,33370,34749,34750,32834,31267,34751,34752,34753,34754,34755,34756,34757,2540,34758,2538,34759,34760,34761,34762,34763,43864,38293,59702,65640,65641,65642,65643,65644,65645,65646,65647,65648,59731,3388,65649,3386,65650,46074,65651,46324,65652,42296,65653,65654,65655,65656,65657,65658,65659,65660,65661,65662,65663,65664,3567,65665,44323,46301,65666,65667,65668,65669,65670,65671,65672,65673,65674,65675,65676,65677,65678,65679,65680,59733,65681,44639,46053,3544,65682,65683,65684,65685,65686,65687,65688,38314,65689,65525,51572,65690,65691,59734,65692,44828,65693,3545,65694,3781,65695,48954,65696,42356,49902,65697,65698,65699,65700,65701,65702,65703,3568,65704,45008,65705,65706,65707,45004,65708,65709,65710,65711,34768,65712,65713,65714,65715,65716,65717,65718,46297,65719,46049,65720,46047,65721,46293,65722,38141,57375,65723,65724,65725,65726,65727,57402,34268,3494,65728,3492,65729,65730,46319,65731,65732,45478,59729,59730,59732,59735,59736,59317,34504,3509,59737,3507,59738,59739,59740,59741,46092,45652,32811,65733,65734,65735,65736,65737,34770,65738,65739,65740,3526,65741,3524,65742,65743,46083,65744,46331,20,1333,3566,3429,3445,3569,3537,10,3570,3571,3572,3573,3574,5269,65745,65746,65747,65748,65749,65750,3547,5265,65751,65752,65753,65754,3317,3334,3543,3406,3459,3546,3548,3549,3550,3551,3552,46225,65755,65756,65757,65758,65759,65760,65761,65762,65763,65764,46345,65765,65766,65767,45433,45808,65768,65769,5319,46429,43818,44051,65770,65771,65772,65773,5314,65774,5301,65775,65776,65777,45593,45829,65778,5310,33510,44072,65779,65780,65781,65782
348,3318,17,5033,5059,5060,5061,2629,5062,5063,5064,5065,5066,5067,5068,4678,5069,5070,233,5071,231,5072,5073,5074,5075,43148,40660,22040,43149,43150,43010,29807,43027,8445,43042,43151,43152,43088,43103,43120,43132,3553,43153,218,43154,43155,43156,43157,40,345,346,106,347,148,168,189,210,349,266,350,302,318,337,351,0,352,353,354,355,356,357,63746,63689,23331,63747,63748,34578,63749,63750,63751,51454,23337,63752,59563,34490,63753,18227,63754,3531,1421,63755,19380,63756,23301,64007,64008,64009,64010,64011,64012,64013,23320,23336,64014,22973,64015,64016,3554,64017,43359,64018,64019,43354,64020,64021,63685,64022,64023,64024,64025,64026,64027,51422,51401,64028,59559,64029,64030,46136,64031,45887,45884,64032,46131,64033,29281,64034,64035,64036,31130,30769,64037,64038,31142,64039,64040,31009,64041,64042,3368,64043,3366,64044,46198,64045,64046,33369,34603,34604,32821,31129,34605,34606,34607,34608,34609,34610,34611,34612,2539,34613,2537,34614,34615,34616,34617,43863,38292,59561,64047,64048,64049,64050,64051,64052,64053,64054,64055,59590,64056,3387,64057,3385,64058,45963,64059,46210,42164,64060,64061,64062,64063,64064,64065,64066,64067,64068,64069,64070,64071,64072,3556,46182,44312,64073,64074,64075,64076,64077,64078,64079,64080,64081,64082,64083,64084,64085,64086,64087,59592,64088,45935,44628,64089,3533,64090,64091,64092,64093,64094,64095,38303,64096,63932,51430,64097,64098,59593,64099,64100,44817,64101,3534,64102,3770,64103,48835,42224,49889,64104,64105,64106,64107,64108,64109,64110,64111,3557,64112,44995,64113,64114,64115,44991,64116,64117,64118,34622,64119,64120,64121,64122,64123,64124,64125,64126,46177,64127,45930,64128,45928,64129,46173,38140,57241,64130,64131,64132,64133,64134,57268,34256,64135,3493,64136,3491,46193,64137,64138,64139,45477,59588,59589,59591,59594,59595,59305,34492,59596,3508,59597,3506,59598,59599,45970,59600,45651,32810,64140,64141,64142,64143,64144,34624,64145,64146,64147,64148,3525,64149,3523,45958,64150,46207,64151,5113,64152,64153,64154,64155,64156,64157,5108,3536,64158,64159,64160,64161,19,1332,3555,3428,3444,3558,3548,3559,10,3560,3561,3562,3563,46106,64162,64163,64164,64165,64166,64167,64168,64169,64170,64171,3316,3333,3532,3405,3458,3535,3537,3538,3539,3540,3541,46344,43806,44039,64172,64173,64174,64175,64176,5163,46428,64177,64178,64179,45423,45798,64180,5156,64181,5144,33498,44061,64182,64183,64184,64185,5153,64186,64187,64188,45583,45820,64189
234,3564,20,1333,3565,3566,3369,2540,3388,3567,3429,3445,3568,3569,3494,3509,3526,3537,361,10,3570,3571,3572,3573,3574,46214,46215,46216,46217,46218,43810,30029,46219,8443,46220,46221,46222,45426,46223,46224,45944,3319,3316,46225,46226,46227,46228,46229,382,66,88,383,384,151,171,192,385,252,386,387,305,321,340,353,366,0,388,389,390,391,392,18230,16150,18231,18232,18058,17262,18077,18233,18117,18234,18235,18165,18179,18196,18206,1432,79,18236,18237,18238,18239,18240,19659,46230,46231,43811,46232,46233,46234,46235,44822,46236,45427,22908,46237,45945,5216,3339,46238,46239,46240,46241,3336,46242,16250,46243,46244,46245,46246,46247,46248,19676,19703,46249,18996,43573,46250,46251,3354,46252,46253,3353,46254,46255,29284,43660,43812,43692,29991,29974,43813,43724,30168,43814,43815,30935,43774,43785,5218,221,43816,43817,43818,43819,43820,33520,33521,19673,32733,17560,33522,33422,25389,33523,33524,33468,33484,33495,2642,162,33525,33526,33527,3591,33528,44063,38295,17620,44064,44065,43916,44066,43951,43968,44067,44068,44012,44026,44038,5219,222,44069,3577,44070,44071,44072,39153,46256,46257,46258,46259,46260,46261,46262,46263,46264,45429,46265,46266,3408,5220,3406,46267,46268,46269,46270,46271,44633,44634,44635,44439,44458,44636,44499,44515,44637,44638,44563,44578,44595,44606,3544,224,44639,44640,44641,44642,44643,44821,44697,37584,44823,26265,44824,44825,44758,44772,44788,44798,3781,225,44826,44827,44828,44829,44830,46272,44873,46273,46274,46275,46276,45430,46277,46278,45947,5223,3465,46279,46280,46281,3461,46282,46283,46284,46285,33712,45116,46286,46287,46288,46289,46290,46291,46292,46293,3481,46294,3479,46295,46296,46297,38143,45295,45428,45330,45346,45431,45376,45390,34188,45401,5225,228,45432,45433,45434,45435,45436,45605,45606,45607,45608,45609,45610,45568,34418,45579,4691,229,45611,45612,45613,45614,3600,45821,32813,45670,45822,45823,45824,45733,33672,45825,45826,45784,45796,5226,230,45827,45828,3588,45829,45830,5133,45869,45946,3426,45913,45948,45939,231,45949,45950,45951,45952,45953,18,5190,5217,5221,5222,5224,5227,232,5228,5229,5230,5231,5232,218,219,220,223,226,227,233,235,236,237,238,46298,46299,46300,46301,46302,46303,46304,46305,46306,46307,46308,46309,46310,46311,46312,46313,3527,46314,46315,5577,46316,46317,3390,46318,46319,46320,46321,5572,46322,5559,46323,46324,46325,3512,46326,46327,5568,2544,46328,46329,46330,46331,46332
233,3553,19,1332,3554,3555,3368,2539,3387,3556,3428,3444,3557,3558,3493,3508,3525,348,3548,3559,10,3560,3561,3562,3563,46095,46096,46097,46098,46099,43799,30018,46100,8444,46101,46102,46103,45415,46104,46105,3318,46062,46106,3317,46107,46108,46109,46110,371,65,87,372,373,150,170,191,374,251,375,376,304,320,339,352,365,377,0,378,379,380,381,18219,16149,18220,18221,18057,17261,18076,18222,18116,18223,18224,18164,18178,18195,1421,18215,18225,79,18226,18227,18228,18229,19534,46111,46112,43800,46113,46114,46115,46116,44812,46117,45416,22909,46118,5059,46063,46119,3340,46120,46121,3335,46122,46123,16240,46124,46125,46126,46127,46128,46129,19551,19578,46130,18987,43574,46131,46132,46133,3355,3352,46134,46135,46136,29283,43659,43801,43691,29990,29973,43802,43723,30167,43803,43804,30934,43773,5061,43795,43805,221,43806,43807,43808,43809,33511,33512,19548,32732,17559,33513,33421,25388,33514,33515,33467,33483,2629,33506,33516,162,33517,33518,33519,3597,44053,38294,17619,44054,44055,43915,44056,43950,43967,44057,44058,44011,44025,5062,44049,44059,222,44060,3585,44061,44062,39152,46137,46138,46139,46140,46141,46142,46143,46144,46145,45418,46146,46147,5063,3407,46148,3405,46149,46150,46151,46152,44622,44623,44624,44438,44457,44625,44498,44514,44626,44627,44562,44577,44594,3533,44617,44628,224,44629,44630,44631,44632,44811,44696,37583,44813,26264,44814,44815,44757,44771,44787,3770,44807,44816,225,44817,44818,44819,44820,46153,44872,46154,46155,46156,46157,45419,46158,46159,5066,46065,46160,3464,46161,46162,46163,3460,46164,46165,46166,33703,45115,46167,46168,46169,46170,46171,46172,46173,46174,46175,3480,46176,3478,46177,46178,38142,45294,45417,45329,45345,45420,45375,45389,34187,5068,45411,45421,228,45422,45423,45424,45425,45595,45596,45597,45598,45599,45600,45567,34417,4678,45590,45601,229,45602,45603,3594,45604,45811,32812,45669,45812,45813,45814,45732,33671,45815,45816,45783,5069,45807,45817,230,3580,45818,45819,45820,17,5033,5060,5064,5065,5067,5070,5071,231,5072,5073,5074,5075,5280,45987,46064,3427,46031,46066,46057,46067,232,46068,46069,46070,46071,46179,46180,46181,46182,46183,46184,46185,46186,46187,46188,46189,218,219,220,223,226,227,234,235,236,237,238,46190,46191,3389,46192,46193,46194,46195,46196,5449,46197,46198,46199,46200,46201,3528,46202,5442,46203,5430,2543,46204,46205,46206,46207,46208,5439,46209,46210,46211,3513,46212,46213
236,3583,22,1335,3338,3355,3584,2542,3585,3586,3431,3447,3463,3481,3587,3511,3588,3539,3550,3561,3572,10,3589,414,3590,46417,46418,22267,43398,46419,46420,46421,46422,8450,46423,45035,46424,46425,46426,46427,45961,46079,46428,46429,3323,46430,3321,46431,402,68,90,111,132,403,173,404,405,254,271,290,406,323,407,355,368,379,390,0,408,409,410,18249,16152,18027,18044,18250,17264,18251,18252,18119,18135,18152,18253,18181,18254,3531,18216,18227,18238,79,18255,1483,18256,16341,43209,43228,43399,43263,43400,43401,43316,20807,22147,43402,22907,43403,43357,43369,43379,43388,219,43404,5822,43405,43625,16052,43451,43626,43486,43627,43628,43543,16709,18315,43629,18916,43630,43586,43597,3555,43614,220,43631,5823,43632,35179,46432,46433,46434,33537,46435,46436,46437,30165,45036,46438,45623,46439,45962,3371,46198,46317,3366,46440,5824,46441,33536,33387,16651,32735,19901,33538,33424,25391,33439,33456,33539,33540,33497,33508,33518,33527,162,33541,2693,33542,46442,46443,19013,46444,46445,46446,46447,46448,46449,46450,43996,46451,45624,45963,46080,46199,3390,3387,46452,46453,46454,39158,46455,46456,46457,46458,46459,46460,46461,45038,46462,46463,46464,46465,45964,46081,46466,46467,3411,46468,5826,3410,44652,44408,44425,44653,44654,44655,44501,44517,44533,44550,44656,44580,44657,44608,44619,44630,44641,224,44658,3593,44659,44839,44840,44841,44842,26267,44730,44745,44843,44774,44844,44799,3545,44818,44828,225,44845,3833,44846,40961,44871,45037,44904,44919,44934,45039,44965,45040,44994,45006,45016,45025,226,45041,5828,45042,45266,45084,45267,33642,45268,45269,45151,45167,45270,45198,45271,45227,45238,45246,3569,227,45272,5829,45273,46469,45293,46470,46471,46472,46473,46474,45626,35210,3496,46082,46201,46319,3492,46475,5830,46476,45622,45492,45507,45625,45539,45555,45570,35222,45581,45592,45603,45613,229,45627,4741,45628,46477,32876,46478,46479,45700,46480,46481,33729,46482,46483,46484,45965,46083,3528,46320,3526,46485,46486,46487,5135,45870,45887,45902,3442,45931,45941,5073,45951,231,45966,5833,45967,5282,1331,46005,46020,46032,46049,46059,46069,5230,232,46084,5834,46085,46197,46121,46134,46200,46162,3478,46187,233,46202,5442,46203,46316,46240,3353,46318,46281,46295,46306,234,46321,5572,46322,218,221,222,223,228,230,235,237,238,46488,46489,46490,46491,46492,46493,46494,5773,46495,23,5804,5825,5827,5831,5832,5835,5770,46496,46497,3433,46498,46499,46500
235,3575,21,1334,3337,3354,3576,2541,3577,3578,3430,3446,3462,3480,3579,3510,3580,3538,3549,3560,3571,3581,10,3582,421,46333,46334,22259,43390,46335,46336,46337,46338,8449,46339,45027,46340,46341,46342,46343,45954,46072,46344,46345,46346,3322,46347,3320,393,67,89,110,131,394,172,395,396,253,270,289,397,322,398,354,367,378,389,399,0,400,401,18241,16151,18026,18043,18242,17263,18243,18244,18118,18134,18151,18245,18180,18246,18207,3542,18226,18237,18247,79,18248,1490,16340,43208,43227,43391,43262,43392,43393,43315,20806,22146,43394,22906,43395,43356,43368,43378,43387,43396,219,43397,5903,43617,16051,43450,43618,43485,43619,43620,43542,16708,18314,43621,18915,43622,43585,43596,43605,3566,43623,220,43624,5904,35087,46348,46349,46350,33530,46351,46352,46353,30166,45028,46354,45616,46355,3370,46073,46191,46310,46356,3367,46357,5905,33529,33386,16650,32734,19801,33531,33423,25390,33438,33455,33532,33533,33496,33507,33517,33526,33534,162,33535,2699,46358,46359,19005,46360,46361,46362,46363,46364,46365,46366,43997,46367,45617,45955,46074,3389,46311,46368,3388,46369,46370,39159,46371,46372,46373,46374,46375,46376,46377,45030,46378,46379,46380,46381,45956,46075,46382,46383,46384,3412,3409,5907,44644,44407,44424,44645,44646,44647,44500,44516,44532,44549,44648,44579,44649,44607,44618,44629,44640,44650,224,44651,3599,44831,44832,44833,44834,26266,44729,44744,44835,44773,44836,3534,44808,44817,44827,44837,225,44838,3840,40960,44870,45029,44903,44918,44933,45031,44964,45032,44993,45005,45015,45024,45033,226,45034,5909,45258,45083,45259,33641,45260,45261,45150,45166,45262,45197,45263,45226,45237,3558,45255,45264,227,45265,5910,46385,45292,46386,46387,46388,46389,46390,45619,35118,45957,3495,46193,46313,46391,3491,46392,5911,45615,45491,45506,45618,45538,45554,45569,35130,45580,45591,45602,45612,45620,229,45621,4747,46393,32868,46394,46395,45699,46396,46397,33721,46398,46399,46400,45958,46076,46194,3527,46401,3525,46402,46403,5134,1330,45886,45901,45914,45930,45940,5072,45950,45959,231,45960,5914,5281,45988,46004,46019,3443,46048,46058,46068,5229,46077,232,46078,5915,46190,46120,3352,46192,46161,46176,46186,46195,233,46196,5449,46309,46239,46253,46312,46280,3479,46305,46314,234,46315,5577,46404,46405,46406,46407,46408,46409,46410,46411,5678,218,221,222,223,228,230,236,237,238,5668,46412,46413,3432,46414,46415,46416,24,5885,5906,5908,5912,5913,5916
421,3320,24,1490,5903,5904,5905,5885,5906,5907,5908,3840,5909,5910,5911,5912,5913,5914,5915,5449,5577,5678,238,235,5916,43168,40662,22042,42978,42997,43169,29809,43170,8447,43044,43058,43075,43171,43105,43172,43133,43144,43154,43164,43173,218,3575,43174,47,418,92,113,134,155,419,420,217,256,273,292,309,422,423,357,370,381,392,401,410,0,424,18009,16286,20083,20084,20085,20065,20086,20087,20088,20089,20090,20091,20092,20093,20094,20095,19637,19761,19861,1337,1334,20096,16343,72593,72594,72595,72596,72597,72598,72599,20937,22482,72600,24099,72601,72602,72603,46120,72604,70278,3340,3337,72605,43432,16054,72606,72607,72608,72609,72610,72611,16839,18464,72612,20098,72613,45886,72614,72615,46255,70279,3357,3354,72616,31867,72617,72618,72619,31890,31889,72620,72621,30245,72622,72623,31905,72624,43828,72625,67945,69246,72626,43798,3576,72627,72412,72413,16837,72388,20077,72414,72415,28026,72416,72417,57992,72418,34701,72419,67932,2699,70261,3597,33517,72420,72628,72574,20079,72629,72630,72631,72632,72633,72634,72635,72636,72637,72638,72639,46370,46587,69247,72640,46328,45955,72641,42869,72642,72643,72644,72645,72646,72647,72648,72649,72650,72651,72652,72653,72654,72655,72656,72657,46407,44374,3578,72658,72659,72660,72661,72662,72663,72664,72665,49500,72666,72667,72668,72669,72670,72671,72672,67947,69249,70283,3599,44650,46627,44684,49497,49498,49499,28050,49501,49502,49503,49504,49505,45916,49506,49078,49195,49290,3449,3446,49507,40963,52140,72673,72674,72675,72676,72677,72678,72679,72680,72681,72682,46280,70284,3465,3462,72683,45068,45086,72684,49480,72685,72686,72687,72688,72689,72690,72691,72692,46048,46178,72693,70285,3483,3480,72694,42919,55853,72695,72696,72697,72698,72699,57998,57983,72700,45444,67949,69251,72701,45404,3579,72702,72703,72704,72705,72706,72707,48100,72708,49517,72709,59822,4747,69252,70287,3600,45612,72710,72711,72391,72712,72713,72714,72715,72716,49481,72717,72718,72719,46403,72720,67950,46622,72721,46212,46076,72722,5137,18209,72723,72724,72725,45226,72726,5163,69253,70289,3541,3538,72727,5284,72728,43596,72729,44810,72730,72731,67951,5319,70290,3552,3549,72732,46107,67944,43607,67946,45015,67948,67718,67789,3563,3560,67952,46226,43387,69245,69248,69250,45257,69026,69098,3574,3571,69254,46346,70280,70281,70282,70286,70288,70199,3581,5941,3323,3373,3598,3412,3498,3601,3590,10,3602,21,2541,3577,3430,3510,3580,3582,5782,72733,72734,72735,72736,72737,72738
414,3321,23,1483,5822,5823,5824,5804,5825,5826,5827,3833,5828,5829,5830,5831,5832,5833,5834,5442,5572,237,5773,5835,236,43175,40663,22043,42979,42998,43176,29810,43177,8448,43045,43059,43076,43178,43106,43179,43134,43145,43155,43165,218,43180,43181,3583,46,411,91,112,133,154,412,413,216,255,272,291,308,415,416,356,369,380,391,400,409,417,0,18010,16279,20003,20004,20005,19985,20006,20007,20008,20009,20010,20011,20012,20013,20014,20015,19630,19756,1336,19955,20016,1335,16342,71752,71753,71754,71755,71756,71757,71758,20930,22475,71759,24023,71760,71761,71762,71763,46240,3339,71259,71764,3338,43433,16053,71765,71766,71767,71768,71769,71770,16832,18457,71771,20018,71772,71773,46005,46135,71774,3356,71260,71775,3355,31793,71776,71777,71778,31816,31815,71779,71780,30238,71781,71782,31831,71783,71784,43835,67885,69202,43787,71785,71786,3584,71571,71572,16830,71547,19997,71573,71574,27949,71575,71576,57924,71577,71578,34842,2693,69189,3591,71242,71579,33527,71787,71733,19999,71788,71789,71790,71791,71792,71793,71794,71795,71796,71797,46453,71798,67886,46523,46204,71799,71800,46080,42794,71801,71802,71803,71804,71805,71806,71807,71808,71809,71810,71811,71812,71813,71814,71815,71816,44368,46491,71817,3586,71818,71819,71820,71821,71822,71823,71824,49427,71825,71826,71827,71828,71829,71830,71831,67888,69204,3593,71264,46562,44658,44685,49424,49425,49426,27973,49428,49429,49430,49431,49432,49433,46033,49071,49190,3448,49379,49434,3447,40962,52067,71832,71833,71834,71835,71836,71837,71838,71839,71840,46162,71841,3464,71265,71842,3463,45069,45085,71843,49407,71844,71845,71846,71847,71848,71849,71850,45931,71851,71852,46296,3482,71266,71853,3481,42844,55846,71854,71855,71856,71857,71858,57930,57915,45451,71859,67890,69206,45413,71860,71861,3587,71862,71863,71864,71865,71866,48094,71867,49444,59676,71868,67891,4741,3594,71268,71869,45603,71870,71550,71871,71872,71873,71874,71875,49408,71876,71877,71878,71879,46486,46558,69207,46326,71880,71881,45965,5136,71882,43586,71883,44800,71884,71885,5156,69208,3540,71270,71886,3539,5283,18217,71887,71888,71889,45238,71890,67892,5314,3551,71271,71891,3550,46108,43379,67884,67887,67889,45247,67712,3562,67857,67893,3561,46227,69201,43615,69203,45025,69205,69022,3573,69166,69209,3572,3322,3372,3592,3411,3497,3595,3582,3596,10,46430,71261,71262,71263,71267,71269,71231,5860,3589,5675,71892,71893,71894,71895,71896,71897,22,2542,3585,3431,3511,3588,3590
204,3135,3010,9,1619,1652,3136,3063,3137,3138,3121,3139,3140,3141,3142,3143,3144,3145,3146,3147,3148,3149,3150,3151,3152,40945,40946,262,245,244,40947,40948,40949,226,40950,40951,40952,40953,40954,40955,40956,40957,40958,40959,40960,40961,40962,40963,39254,39169,197,17703,39207,39255,39226,39256,39257,39258,39259,17842,39260,39261,30693,39262,39263,39264,39265,39266,39267,39268,39269,0,198,99,199,141,200,201,202,203,205,206,207,208,209,210,211,212,213,214,215,216,217,17700,20495,20528,21904,21833,21905,21906,21890,21907,17829,21908,21909,21910,21911,21912,21913,21914,21915,21916,21917,21918,101,21799,22319,22291,22320,22321,22322,22323,22324,242,22325,22326,22327,22328,22329,22330,22331,22332,22333,22334,22335,40964,40965,240,40966,39970,40967,40968,40203,29669,40969,40479,40970,40971,40972,40973,40974,40975,40976,40977,40978,40979,39969,39892,39204,39924,39243,39971,39716,39972,33823,39973,39974,39975,39976,39977,39978,39979,39980,39981,39982,39983,40980,40981,33276,34044,40982,40983,40984,33280,40985,40986,40237,40987,40101,40988,40989,40990,40991,40992,40993,40994,40995,40354,21816,40996,40997,40998,40999,41000,41001,39753,40483,41002,41003,41004,41005,41006,41007,41008,41009,41010,41011,41012,40776,21817,39449,40777,40210,40778,40762,39772,40779,40780,40781,40782,40783,40784,40785,40786,40787,40788,40789,40790,40791,41013,41014,41015,41016,41017,41018,40809,41019,41020,41021,41022,41023,41024,41025,41026,41027,41028,41029,41030,41031,41032,39771,25936,40478,41033,41034,41035,41036,41037,41038,41039,41040,41041,41042,41043,41044,41045,41046,39985,41047,21870,21891,41048,41049,40846,41050,41051,41052,41053,41054,41055,41056,41057,41058,41059,41060,41061,41062,41063,41064,41065,41066,41067,41068,41069,41070,41071,41072,41073,41074,41075,41076,41077,39774,41078,41079,41080,41081,41082,41083,41084,41085,41086,41087,41088,41089,41090,41091,40008,40007,41092,41093,41094,41095,41096,41097,41098,41099,41100,41101,41102,41103,41104,41105,41106,41107,41108,3242,41109,41110,41111,41112,41113,41114,41115,3237,41116,41117,41118,41119,3253,41120,41121,41122,41123,41124,41125,41126,41127,3249,41128,41129,41130,41131,41132,41133,41134,41135,41136,41137,41138,41139,41140,41141,41142,41143,41144,41145,41146,41147,41148,41149,41150,41151,41152,41153,41154,41155,41156,41157,41158,41159,5629,41160,41161,41162,41163,41164,41165,41166,5730,41167,41168,41169,41170,41171,41172,41173,41174,41175,41176,41177,41178,41179,41180,41181
243,3672,985,11,1653,887,3673,2548,3674,3675,1955,3676,3677,3467,3678,3679,3680,3681,3682,3683,3684,3685,3686,3687,3688,47530,47531,22352,22336,46729,47532,47533,47534,8580,47535,47536,47537,47538,47539,47540,47541,47542,47543,47544,47545,47546,47547,47548,13648,11448,57,12052,11350,13649,12879,13650,13651,13652,13653,275,13654,13655,13656,13657,13658,13659,13660,13661,13662,13663,13664,239,0,101,122,240,163,241,242,225,244,245,246,247,248,249,250,251,252,253,254,255,256,11961,20529,12335,22337,21345,22338,22339,20798,22340,22151,22341,22342,22343,22344,22345,22346,22347,22348,22349,22350,22351,8594,52,12336,12337,12280,12338,12339,12340,12341,8787,12342,12343,12344,12345,12346,12347,12348,12349,12350,12351,12352,47549,47550,46726,47551,33602,47552,47553,47202,30085,47554,47400,47555,47556,47557,47558,47559,47560,47561,47562,47563,47564,33601,32284,12281,32741,13620,33603,25354,33604,33605,33443,33606,33607,33608,33609,33610,33611,33612,33613,33614,33615,47565,47566,13049,47567,47568,47569,47570,13175,47571,47572,13204,47573,47123,47574,47575,47576,47577,47578,47579,47580,47581,25803,20812,47582,47583,47584,47585,47586,47587,26420,25934,47588,47589,47590,47591,47592,47593,47594,47595,47596,47597,47598,26253,20797,121,26254,26255,26256,26257,26226,26241,26258,26259,26260,26261,26262,26263,26264,26265,26266,26267,26268,26269,47599,47600,47601,47602,47603,47604,44734,47605,47606,47607,47608,47609,47610,47611,47612,47613,47614,47615,47616,47617,47618,26225,47619,40950,47620,47621,47622,47623,47624,47625,47626,47627,47628,47629,47630,45072,45073,45074,33631,45075,22324,227,45076,45077,44767,45078,45079,45080,45081,45082,45083,45084,45085,45086,47631,47632,47633,47634,47635,47636,47637,47638,47639,47640,47641,47642,47643,47644,47645,47646,47647,47648,47649,14497,47650,47651,45543,47652,47653,47654,47655,47656,47657,47658,47659,47660,47661,47662,33665,33664,47663,45695,47664,47665,47666,47667,47668,47669,47670,47671,47672,47673,47674,47675,47676,47677,47678,3776,47679,47680,47681,47682,47683,47684,47685,3771,47686,47687,47688,47689,3787,47690,47691,47692,47693,47694,47695,47696,47697,3782,47698,47699,47700,47701,15186,47702,47703,46165,47704,47705,47706,47707,47708,47709,47710,15311,47711,47712,46284,47713,47714,47715,47716,47717,47718,47719,47720,47721,47722,47723,47724,47725,47726,47727,47728,47729,47730,47731,47732,47733,47734,47735,47736,47737,47738,27973,47739,47740,47741,47742,47743,47744,28050,47745,47746,47747
244,3609,3689,12,11,619,3627,3690,3691,1932,1954,3677,3692,3135,3693,3694,3695,3696,3697,3698,3699,3700,3701,3702,3703,46639,46741,274,239,8819,46679,46742,46743,9024,46729,46744,22352,46745,46746,46747,46748,46749,46750,46751,46752,46753,46754,46755,47748,47749,257,275,13653,47750,47751,47752,13636,47616,47753,18334,47754,47755,47756,47757,47758,47759,47760,47761,47762,47763,47764,35,80,0,123,144,258,259,205,260,261,262,263,264,265,266,267,268,269,270,271,272,273,57,101,122,240,163,241,242,225,243,245,246,247,248,249,250,251,252,253,254,255,256,34,58,8782,8753,8783,8784,8785,8786,8787,7406,8788,8789,8790,8791,8792,8793,8794,8795,8796,8797,8798,46973,46912,8754,46930,46974,46713,25931,46975,30086,46976,40969,46977,46978,46979,46980,46981,46982,46983,46984,46985,46986,47765,47766,13666,47767,47768,47217,26237,47617,33617,44719,47769,47770,47771,47772,47773,47774,47775,47776,47777,47778,47779,47780,47781,46715,47782,47783,46948,47784,47785,47786,37888,47104,47787,47788,47789,47790,47791,47792,47793,47794,47795,25806,120,20812,25859,25932,25933,25917,25934,25935,25936,25937,25938,25939,25940,25941,25942,25943,25944,25945,25946,25947,26099,121,16714,26151,26238,26188,26239,26225,26240,26241,26242,26243,26244,26245,26246,26247,26248,26249,26250,26251,26252,47536,47554,47618,26420,47604,47619,40950,47620,47621,47622,47623,47624,47625,47626,47627,47628,47629,47630,47796,47797,47798,26561,47799,40951,47800,47801,47802,47803,47804,47805,47806,47807,47808,47809,47810,40945,40946,40947,40948,40949,204,226,40952,40953,40954,40955,40956,40957,40958,40959,40960,40961,40962,40963,47811,47812,26421,47813,47814,47815,47816,47817,47818,47819,47820,47821,47822,47823,47824,47825,47826,47827,47828,26563,47829,47830,47831,47832,47833,47834,47835,47836,47837,47838,47839,47840,47841,47008,47842,47843,47006,47844,47845,47846,47847,47848,47849,47850,47851,47852,47853,47854,47855,47856,47857,47858,47859,4001,47860,47861,47862,47863,47864,47865,47866,3995,47867,47868,47869,47870,4013,47871,47872,47873,47874,47875,47876,47877,47878,4008,47879,47880,47881,3800,47882,47883,47884,47885,47886,47887,47888,3794,47889,47890,3810,47891,47892,47893,47894,47895,47896,47897,47898,3805,47899,47900,47901,27781,47902,47903,47904,47905,47906,47907,47908,47909,27878,47910,47911,47912,47913,47914,47915,47916,47917,27972,47918,47919,47920,47921,47922,47923,28049,47924,47925,47926
245,3704,3705,13,1654,11,3706,2576,3707,1619,1326,3467,3135,3708,3709,3504,3710,3711,3712,3713,3714,3715,3716,3717,3718,47927,47928,22551,22352,46744,47929,47930,47931,47932,47536,40945,47933,47815,47934,47935,47936,47937,47938,47939,47940,47941,47942,47943,47944,47945,275,22552,13652,47946,33927,47947,47948,45073,47616,18536,47949,45543,47950,47951,47952,47953,47954,47955,47956,47957,47958,274,81,102,0,276,277,278,279,280,262,281,282,283,284,285,286,287,288,289,290,291,292,12052,9276,101,22353,21372,22354,20495,16427,22151,22355,22356,22188,22357,22358,22359,22360,22361,22362,22363,22364,22365,239,57,122,240,163,241,242,225,243,244,246,247,248,249,250,251,252,253,254,255,256,47959,47960,46679,47961,33929,47962,21904,33948,30068,40947,47963,45544,47964,47965,47966,47967,47968,47969,47970,47971,47972,33926,33928,12879,33930,33931,33932,165,33631,33616,33933,33934,33935,33936,33937,33938,33939,33940,33941,33942,33943,47973,47974,47975,47976,47977,47978,47979,33963,33633,40967,37902,34044,33977,47980,47981,47982,47983,47984,47985,47986,47987,17700,99,20528,21833,21905,21906,21890,21907,204,17829,21908,21909,21910,21911,21912,21913,21914,21915,21916,21917,21918,18138,100,79,18139,18140,18141,18142,227,18126,18143,18144,18145,18146,18147,18148,18149,18150,18151,18152,18153,18154,45072,45074,45075,22324,44734,40950,45076,45077,44767,45078,45079,45080,45081,45082,45083,45084,45085,45086,40946,40948,40949,226,40951,40952,40953,40954,40955,40956,40957,40958,40959,40960,40961,40962,40963,47988,47989,47990,47991,47992,22522,18523,47993,47994,47995,47996,47997,47998,47999,48000,48001,48002,48003,48004,48005,48006,22325,48007,48008,48009,48010,45547,48011,48012,48013,48014,48015,48016,48017,48018,48019,45542,45486,229,45545,45531,45546,45548,45549,45550,45551,45552,45553,45554,45555,45556,45557,48020,48021,48022,48023,48024,48025,48026,48027,48028,48029,48030,48031,48032,48033,48034,48035,48036,48037,48038,48039,4268,3778,48040,48041,48042,48043,48044,48045,4262,48046,3772,48047,48048,4278,3788,48049,48050,48051,48052,48053,48054,48055,4273,48056,3783,48057,48058,3798,48059,48060,48061,48062,3795,48063,48064,48065,48066,48067,3808,48068,48069,48070,48071,48072,3806,48073,48074,48075,48076,48077,23825,48078,48079,48080,48081,48082,48083,48084,48085,23921,48086,48087,48088,48089,48090,48091,48092,48093,20010,48094,48095,48096,48097,48098,48099,20090,48100,48101,48102
297,4397,4337,14,1686,4368,3623,2596,4398,4399,4383,4400,3945,4401,4402,4403,4404,4405,4406,4407,4408,4409,4410,4411,4412,56298,56299,9071,9516,9070,46907,56300,56301,9499,56302,50817,56303,56304,56305,56306,56307,56308,56309,56310,56311,56312,56313,56314,55582,55506,293,9326,55553,46942,13222,55583,55584,55585,50773,50772,55586,35888,9708,55587,55588,55589,55590,55591,55592,55593,55594,37,294,103,295,0,166,187,207,296,263,298,299,300,301,302,303,304,305,306,307,308,309,22694,20545,22724,22288,21392,22753,22754,22739,22755,9329,22756,22757,22758,22759,22760,22761,22762,22763,22764,22765,22766,7169,22695,55881,46959,34165,55960,55961,55947,55552,9514,55962,35887,55963,55964,55965,55966,55967,55968,55969,55970,55971,46892,46908,8750,46909,33572,46910,46911,37468,240,46912,40965,46913,46914,46915,46916,46917,46918,46919,46920,46921,46922,34193,32315,34166,32789,34194,34195,34180,34196,33806,34197,34198,34199,34200,34201,34202,34203,34204,34205,34206,34207,56315,56316,33027,56317,56318,56319,56320,33030,56321,56322,38107,56323,38050,56324,56325,56326,56327,56328,56329,56330,56331,41594,22722,56332,56333,56334,56335,56336,56337,50819,41245,56338,56339,56340,56341,56342,56343,56344,56345,56346,56347,56348,56140,22723,50799,47004,38096,56141,56126,55948,50805,56142,56143,56144,56145,56146,56147,56148,56149,56150,56151,56152,56153,56349,46924,56350,56351,56352,50820,56169,56353,56354,56355,56356,56357,56358,56359,56360,56361,56362,56363,50775,49857,50818,50803,50479,41651,50821,50822,50823,50824,50825,50826,50827,50828,50829,50830,50831,56364,56365,46673,34209,56366,21923,22740,56367,56368,56204,56369,56370,56371,56372,56373,56374,56375,56376,56377,56378,56379,56380,56381,56382,56383,56384,56385,56386,56387,56388,56389,56390,56391,56392,56393,56394,56395,56396,55950,56397,56398,56399,56400,56401,56402,56403,56404,56405,56406,56407,56408,56409,56410,34242,34241,56411,56412,56413,56414,56415,56416,56417,56418,56419,56420,56421,56422,56423,56424,56425,56426,56427,4483,56428,56429,56430,56431,56432,56433,56434,4478,56435,56436,56437,56438,4495,56439,56440,56441,56442,56443,56444,56445,56446,4490,56447,56448,56449,56450,56451,56452,56453,56454,56455,56456,56457,56458,56459,56460,56461,56462,56463,56464,56465,56466,56467,56468,56469,56470,56471,47032,56472,56473,56474,56475,56476,56477,56478,56479,47020,56480,56481,56482,56483,56484,56485,56486,56487,56488,56489,56490,56491,56492,56493,56494,56495,56496,56497,56498,56499,56500
247,3736,989,15,3737,1957,3628,11,2731,3738,3440,3679,3739,3740,3726,3741,3742,3743,3744,3745,3746,3747,3748,3749,3750,48322,48323,48324,48325,48326,46716,46715,48327,8582,48328,48329,48330,47107,48331,46778,48332,48333,48334,48335,48336,48337,48338,48339,13712,11452,61,13713,12343,13604,57,13049,13714,13655,13715,13716,13702,13717,13718,13719,13720,13721,13722,13723,13724,13725,13726,310,83,311,312,146,0,188,313,229,314,315,300,316,317,318,319,320,321,322,323,324,325,14481,48340,26286,46987,47828,47430,48341,45486,47649,48342,48217,22384,46789,48343,48344,48345,48346,48347,48348,48349,48350,26285,125,26287,25138,121,26172,26288,26212,14497,14528,26276,14559,25414,26289,26290,26291,26292,26293,26294,26295,26296,13605,46913,46988,46932,240,35836,46989,37473,30087,46990,46991,46992,46993,46994,46995,46996,46997,46998,46999,47000,47001,239,101,122,163,241,242,225,243,244,245,246,248,249,250,251,252,253,254,255,256,35835,35717,177,35755,35774,35837,35838,184,26255,35839,35840,35841,35842,35843,35844,35845,35846,35847,35848,35849,35850,39273,48351,48352,47006,47421,48353,48354,48355,48356,48357,48219,48358,48359,48360,48361,48362,48363,48364,48365,48366,48367,44763,44764,18907,44692,37580,44765,44510,26260,44766,44767,44754,44768,33664,44769,44770,44771,44772,44773,44774,44775,44776,47648,47555,47123,47650,47606,47651,45543,47638,47652,47653,47654,47655,47656,47657,47658,47659,47660,47661,48368,47766,48369,48370,48371,45527,48220,48372,48373,48374,48375,48376,48377,48378,48379,48380,48381,48382,48383,48384,275,47975,48385,283,48386,48387,45563,48388,48389,48390,48391,48392,48393,48394,48395,48396,47125,48125,48218,48159,48175,48221,48208,48222,13698,48223,48224,48225,48226,48227,48228,48229,48230,48397,48398,48399,48400,48401,48402,48403,13731,48404,48405,48406,48407,48408,48409,48410,48411,46680,333,332,48412,48413,48414,48415,13656,48416,48417,48418,48419,48420,48421,48422,48423,48424,48425,48426,48427,4685,48428,48429,48430,48431,48432,48433,48434,4679,48435,48436,48437,48438,4697,48439,48440,48441,48442,48443,48444,48445,48446,4692,48447,48448,48449,48450,48451,48452,48453,48454,48455,48456,48457,3834,48458,48459,48460,48461,48462,48463,48464,48465,48466,48467,48468,3841,48469,48470,48471,48472,48473,48474,48475,48476,48477,48478,48479,48480,48481,48482,48483,48484,48485,48486,48487,3810,48488,48489,48490,48491,48492,48493,3800,48494,48495,48496,48497,48498
333,4871,4774,16,4811,4827,3622,2614,927,4872,3742,4873,4874,4875,4876,990,4877,4878,4879,4880,4881,4882,4883,4884,4885,61885,61886,57124,60445,60444,46890,61887,61888,60429,61889,61890,61891,61892,61893,61894,61895,61896,61897,61898,61899,61900,61901,61902,60678,60614,327,60631,60650,60679,34347,60680,60681,60682,60683,59448,60684,12941,59468,60685,60686,60687,60688,60689,60690,60691,60692,326,328,329,330,147,167,0,331,332,334,335,301,317,336,337,338,339,340,341,342,343,344,60627,61081,61096,46893,61113,53006,61158,61146,61159,61160,61161,22914,61162,61163,61164,61165,61166,61167,61168,61169,61170,21134,17314,61311,61360,34380,53023,61361,61348,60649,60442,61362,12939,61363,61364,61365,61366,61367,61368,61369,61370,61371,46891,46892,46894,46895,33571,12877,13632,240,30084,46896,46897,13605,46898,46899,46900,46901,46902,46903,46904,46905,46906,34423,34365,34381,32806,12828,34424,248,34425,34426,34427,34428,34429,34430,34431,34432,34433,34434,34435,34436,34437,12876,11390,54,12794,11347,11411,12878,163,12879,12880,277,12881,57,12882,12883,12884,12885,12886,12887,12888,12889,61459,50878,61903,61904,61905,61906,61907,61908,61330,50881,61909,13637,61910,61911,61912,61913,61914,61915,61916,61917,61918,46680,48412,48413,46993,247,48414,48415,13656,48416,48417,13698,13731,48418,48419,48420,48421,48422,48423,48424,48425,48426,61919,61920,52940,61921,61922,61923,61782,61924,13732,61925,61926,61927,61928,61929,61930,61931,61932,61933,61934,49780,52735,61349,61935,61551,61936,61937,61938,61939,61940,61941,61942,61943,61944,61945,61946,61947,61948,61949,34453,52956,61130,34460,61950,61951,59422,61952,61953,61954,61955,61956,61957,61958,61959,61960,61961,57052,61962,61963,61964,61965,61966,13703,61967,61968,61969,61970,61971,61972,61973,61974,61975,13727,13728,13729,13730,13733,13734,13718,13735,13736,13737,13738,13739,13740,13741,13742,13743,61976,34477,34476,61977,61978,61979,61980,61981,61982,61983,61984,61985,61986,61987,61988,61989,61990,61991,61992,61993,4947,61994,61995,61996,61997,61998,61999,62000,4941,62001,62002,62003,62004,4958,62005,62006,62007,62008,62009,62010,62011,62012,4953,62013,62014,62015,62016,62017,62018,62019,62020,62021,5654,62022,62023,62024,62025,62026,62027,62028,62029,62030,62031,62032,5755,62033,62034,62035,62036,53073,62037,62038,62039,62040,62041,62042,62043,62044,53064,62045,62046,62047,62048,62049,62050,62051,62052,53051,62053,62054,62055,62056,62057,62058,53038,62059,62060,62061,62062
34,616,457,1,500,521,617,561,618,619,602,620,621,622,623,624,625,626,627,628,629,630,631,632,633,8730,8731,6159,6142,6141,8732,8733,8734,6123,8735,8736,8737,8738,8739,8740,8741,8742,8743,8744,8745,8746,8747,8748,6500,6345,26,6387,6408,6501,6447,6502,6503,6504,6505,6506,6507,6508,6509,6510,6511,6512,6513,6514,6515,6516,6517,25,27,28,29,30,31,32,0,33,35,36,37,38,39,40,41,42,43,44,45,46,47,6382,7028,7046,7135,7084,7136,122,7122,7137,7138,7139,7140,7141,7142,7143,7144,7145,7146,7147,7148,7149,6020,6362,7325,7440,7365,7441,7442,7426,6407,6139,7443,6571,7444,7445,7446,7447,7448,7449,7450,7451,7452,8749,8750,6137,8751,7983,8752,8753,8288,7715,8754,240,8755,8756,8757,8758,8759,8760,8761,8762,8763,8764,7982,7884,6404,7919,6468,7984,7367,7985,7986,7987,7988,7989,7990,7991,7992,7993,7994,7995,7996,7997,8765,8766,6472,8767,8768,8769,8770,7937,8771,8772,8322,8773,8164,8774,8775,8776,8777,8778,8779,8780,8781,58,123,8782,8783,8784,8785,8786,8787,7406,244,8788,8789,8790,8791,8792,8793,8794,8795,8796,8797,8798,8561,7045,6740,8562,8295,8563,8547,7428,8564,8565,8566,8567,8568,8569,8570,8571,8572,8573,8574,8575,8576,8799,8800,8801,8802,8803,8804,8594,8805,8806,8807,8808,8809,8810,8811,8812,8813,8814,8815,8816,8817,8818,7427,8819,239,8820,8821,8822,8823,8824,8825,8826,8827,8828,8829,8830,8831,8832,8833,8012,8834,101,6839,8835,8836,8631,8837,8838,8839,8840,8841,8842,8843,8844,8845,8846,8847,8848,8849,8850,8851,8852,8853,8854,8855,8856,8857,8858,8859,8860,8861,8862,8863,8864,7430,8865,8866,8867,8868,8869,8870,8871,8872,8873,8874,8875,8876,8877,8878,8049,8048,8879,8880,8881,8882,8883,8884,8885,8886,8887,8888,8889,8890,8891,8892,8893,8894,8895,731,8896,8897,8898,8899,8900,8901,8902,726,8903,8904,8905,8906,742,8907,8908,8909,8910,8911,8912,8913,8914,738,8915,8916,8917,8918,8919,8920,8921,8922,8923,8924,8925,8926,8927,8928,8929,8930,8931,8932,8933,8934,8935,8936,8937,8938,8939,8940,8941,8942,8943,8944,8945,5588,8946,8947,8948,8949,8950,8951,8952,8953,8954,5689,8955,8956,8957,8958,8959,8960,8961,8962,8963,8964,8965,8966,8967,8968
57,981,825,2,867,888,982,927,983,984,11,985,986,987,988,989,990,991,992,993,994,995,996,997,998,13579,13580,11107,11091,11090,13581,13582,13583,8527,13584,13585,13586,13587,13588,13589,13590,13591,13592,13593,13594,13595,13596,13597,11444,11288,49,11330,11351,11445,11390,11446,11447,11448,11449,11450,11451,11452,11453,11454,11455,11456,11457,11458,11459,11460,11461,48,50,51,52,53,54,55,56,0,58,59,60,61,62,63,64,65,66,67,68,69,70,11325,11942,11961,12049,11998,12050,12051,102,12052,12053,12054,12055,12056,12057,12058,12059,12060,12061,12062,12063,12064,10992,11305,12240,12353,12281,12354,12355,12341,11350,11088,12356,11515,12357,12358,12359,12360,12361,12362,12363,12364,12365,13598,13599,11086,13600,12877,13601,13602,13172,12622,13603,13419,13604,13605,13606,13607,13608,13609,13610,13611,13612,13613,12876,12794,11347,12828,11411,12878,163,12879,12880,277,12881,333,12882,12883,12884,12885,12886,12887,12888,12889,13614,13615,11415,13616,13617,13618,13619,12845,13620,13621,13206,13622,13049,13623,13624,13625,13626,13627,13628,13629,13630,13321,11960,13631,13632,13633,13634,13635,13636,12321,13423,13637,13638,13639,13640,13641,13642,13643,13644,13645,13646,13647,239,101,122,240,241,242,225,243,244,245,246,247,248,249,250,251,252,253,254,255,256,13648,13649,13650,13651,13652,13653,275,13654,13655,13656,13657,13658,13659,13660,13661,13662,13663,13664,13665,13666,13667,8787,13668,257,13669,13670,13671,13672,13673,13674,13675,13676,13677,13678,13679,13680,13681,13682,12905,13683,12037,81,13684,13685,315,13686,13687,13688,13689,13690,13691,13692,13693,13694,13695,13696,13697,13698,13699,13700,13701,13702,13703,13704,13705,13706,13707,13708,13709,13710,13711,13712,13713,12343,13714,13715,13716,13717,13718,13719,13720,13721,13722,13723,13724,13725,13726,13727,12941,317,13728,13729,13730,13731,13732,13733,13734,13735,13736,13737,13738,13739,13740,13741,13742,13743,13744,1093,13745,3774,13746,13747,13748,13749,3768,1088,13750,13751,13752,13753,1103,13754,3786,13755,13756,13757,3779,13758,13759,1099,13760,13761,13762,13763,13764,13765,13766,13767,13768,13769,13770,13771,13772,13773,13774,13775,13776,13777,13778,13779,13780,13781,13782,13783,13784,13785,13786,13787,13788,13789,13790,3830,13791,13792,13793,13794,13795,13796,13797,13798,13799,3837,13800,13801,13802,3828,13803,13804,13805,13806,13807,13808,3820,13809,13810,13811
