101,622,862,4,1520,1540,1650,1579,1651,1652,1637,1653,11,1654,1655,1656,1657,1658,1659,1660,1661,1662,1663,1664,1665,8831,8832,36,7138,34,8833,8012,8834,6839,8594,239,8835,8836,8631,8837,8838,8839,8840,8841,8842,8843,8844,8845,11954,11955,93,9271,11956,11957,11958,11959,11960,11961,52,51,11962,11963,11964,11965,11966,11967,11968,11969,11970,11971,11972,28,73,94,95,96,97,98,99,100,0,102,103,104,105,106,107,108,109,110,111,112,113,20167,20398,20417,20526,20455,20527,20528,20513,20529,9276,20530,20531,20532,20533,20534,20535,20536,20537,20538,20539,20540,7028,16293,20703,20810,20741,20811,20812,20797,12335,122,20813,20270,20814,20815,20816,20817,20818,20819,20820,20821,20822,22287,22288,7135,22289,21343,22290,22291,21649,21085,240,21904,22292,22293,22294,22295,22296,22297,22298,22299,22300,22301,21342,21242,20186,21277,20239,21344,20743,21345,21346,21347,21348,21349,21350,21351,21352,21353,21354,21355,21356,21357,22302,22303,20243,22304,22305,22306,22307,21295,22308,22309,21681,22310,21525,22311,22312,22313,22314,22315,22316,22317,22318,21799,199,22319,22320,22321,22322,22323,22324,242,204,22325,22326,22327,22328,22329,22330,22331,22332,22333,22334,22335,22135,20416,219,22136,21656,22137,22121,20798,227,22138,22139,22140,22141,22142,22143,22144,22145,22146,22147,22148,22149,22336,22337,22338,22339,22340,243,22151,22341,22342,22343,22344,22345,22346,22347,22348,22349,22350,22351,57,163,241,225,244,245,246,247,248,249,250,251,252,253,254,255,256,22352,12052,22353,21372,22354,20495,16427,22355,22356,22188,22357,22358,22359,22360,22361,22362,22363,22364,22365,22366,22367,22368,22369,22370,22371,22372,22373,22374,22375,22376,22377,22378,22379,22380,22381,22382,22383,22384,20800,22385,22386,12055,22387,22388,22389,22390,22391,22392,22393,22394,22395,22396,22397,21409,21408,22398,22399,22400,22401,22402,22403,22404,22405,22406,22407,22408,22409,22410,22411,22412,22413,22414,1740,22415,22416,22417,22418,22419,22420,22421,1734,22422,22423,22424,22425,1752,22426,22427,22428,22429,22430,22431,22432,22433,1747,22434,22435,22436,22437,22438,22439,3799,22440,22441,22442,22443,22444,3791,22445,22446,22447,22448,3811,22449,22450,22451,22452,3802,22453,22454,22455,22456,22457,22458,22459,22460,22461,22462,22463,22464,22465,22466,22467,22468,22469,22470,22471,22472,22473,22474,22475,22476,22477,22478,22479,22480,22481,22482,22483,22484,22485
122,500,842,5,1540,1850,1967,1891,1968,1969,1953,887,619,11,1970,1052,1971,1972,1973,1974,1975,1976,1977,1978,1979,6142,6382,28,7028,7046,7135,7084,7136,7122,7137,34,7138,7139,7140,7141,7142,7143,7144,7145,7146,7147,7148,7149,11675,11676,115,93,11677,11678,158,11679,11680,52,11681,50,11682,11683,11684,11685,11686,11687,11688,11689,11690,11691,11692,114,74,95,116,117,118,119,120,121,123,0,124,125,126,127,128,129,130,131,132,133,134,16293,20417,20703,20810,20741,20811,20812,20797,12335,101,20813,20270,20814,20815,20816,20817,20818,20819,20820,20821,20822,20666,16579,24667,24778,24708,24779,24780,24767,12336,8782,24781,24521,24782,24783,24784,24785,24786,24787,24788,24789,24790,26384,26385,24241,26386,25351,26387,26388,25652,25074,8753,25931,14494,26389,26390,26391,26392,26393,26394,26395,26396,26397,25350,25250,24417,25285,24459,25352,24710,12280,25353,25354,25355,25356,25357,25358,25359,25360,25361,25362,25363,25364,26398,26399,24463,26400,26401,26402,26403,25303,26404,26405,25687,26406,14495,26407,26408,26409,26410,26411,26412,26413,26414,25807,20701,26415,26416,26417,26418,26419,26420,8785,25935,26421,26422,26423,26424,26425,26426,26427,26428,26429,26430,26431,26222,20702,16602,26223,25659,26224,26208,12340,26225,26226,26227,14497,26228,26229,26230,26231,26232,26233,26234,26235,26236,8594,12337,12338,12339,12341,8787,243,12342,12343,12344,12345,12346,12347,12348,12349,12350,12351,12352,58,8783,8784,8786,7406,244,8788,8789,8790,8791,8792,8793,8794,8795,8796,8797,8798,239,57,240,163,241,242,225,245,246,247,248,249,250,251,252,253,254,255,256,26432,26433,26434,26435,26436,8836,26437,14499,8879,26438,26439,26440,26441,26442,26443,26444,26445,14492,14481,14493,14496,14498,61,14500,12412,14501,14502,14503,14504,14505,14506,14507,14508,26446,25415,25414,26447,26448,26449,26450,12284,8756,26451,26452,26453,26454,26455,26456,26457,26458,26459,26460,26461,2052,26462,26463,26464,3777,26465,26466,26467,2047,26468,26469,3769,26470,2062,26471,26472,26473,3789,26474,26475,26476,26477,2058,3780,26478,26479,26480,26481,26482,26483,3797,26484,26485,3792,26486,26487,26488,26489,26490,26491,26492,3809,26493,3803,26494,26495,26496,23786,26497,26498,26499,26500,26501,26502,26503,26504,23882,26505,26506,26507,26508,26509,26510,26511,26512,19968,26513,26514,26515,26516,26517,26518,20048,26519,26520,26521,26522,26523,26524
143,2263,2122,6,1560,2161,2264,2197,908,1871,2250,2265,2266,2267,1244,2268,2269,2270,2271,2272,2273,2274,2275,2276,2277,30066,30067,276,7718,7717,30068,30069,30070,7702,30071,30072,30073,16991,30074,30075,30076,30077,30078,30079,30080,30081,30082,30083,28207,28113,135,21098,28162,28208,28195,28209,28210,28211,28212,28213,17058,12687,28214,28215,28216,28217,28218,28219,28220,28221,28222,30,136,96,137,138,139,140,141,142,144,145,0,146,147,148,149,150,151,152,153,154,155,20948,20437,20985,21085,21020,20205,20723,21072,21086,21087,16352,21088,21089,21090,21091,21092,21093,21094,21095,21096,21097,7065,20949,28664,28747,28699,28748,28749,28734,28161,7346,15809,12685,28750,28751,28752,28753,28754,28755,28756,28757,28758,30084,240,7715,30085,29229,12622,25074,29453,28972,30086,29669,30087,30088,30089,30090,30091,30092,30093,30094,30095,30096,29228,29150,28158,29183,12577,29230,28701,29231,29232,29233,16925,29234,29235,29236,29237,29238,29239,29240,29241,29242,12621,12506,53,11980,12544,11371,12261,7955,12623,12624,12625,11701,12626,12627,12628,12629,12630,12631,12632,12633,12634,24933,117,24972,25008,24438,24688,25061,25075,25076,25077,16623,25078,25079,25080,25081,25082,25083,25084,25085,25086,25087,29917,20984,28383,29918,29460,29919,29904,28736,29920,29921,16942,29922,29923,29924,29925,29926,29927,29928,29929,29930,29931,30097,30098,30099,30100,30101,30102,29948,16906,30103,30104,30105,30106,30107,30108,30109,30110,30111,30112,30113,30114,30115,28735,30116,29668,16993,30117,30118,30119,30120,30121,30122,30123,30124,30125,30126,30127,30128,30129,29257,30130,21053,21073,30131,16959,29969,30132,30133,30134,30135,30136,30137,30138,30139,30140,16850,75,16889,16978,16992,16994,16063,16995,16996,16997,16998,16999,17000,17001,17002,17003,17004,30141,30142,28737,30143,30144,30145,30146,30147,30148,30149,30150,30151,30152,30153,30154,30155,30156,29277,221,30157,30158,30159,30160,30161,30162,30163,30164,30165,30166,30167,30168,30169,30170,30171,30172,30173,403,30174,30175,30176,30177,30178,30179,30180,2348,30181,30182,30183,30184,394,30185,30186,30187,30188,30189,30190,30191,30192,2360,30193,30194,30195,30196,30197,30198,30199,30200,30201,30202,30203,30204,30205,30206,30207,30208,30209,30210,30211,30212,30213,30214,30215,30216,30217,30218,30219,30220,17074,30221,30222,30223,30224,30225,30226,30227,30228,17086,30229,30230,30231,30232,30233,30234,30235,30236,30237,30238,30239,30240,30241,30242,30243,30244,30245,30246
163,2545,927,7,2445,884,2546,2480,948,2547,1893,2548,2549,2550,2551,11,2552,2553,2554,2555,2556,2557,2558,2559,2560,33553,33554,32044,32028,32027,33555,33556,33557,8490,33558,33559,33560,33561,22403,33562,33563,33564,33565,33566,33567,33568,33569,33570,12876,11390,54,12794,11347,12877,12828,11411,12878,12879,12880,277,12881,57,333,12882,12883,12884,12885,12886,12887,12888,12889,156,76,157,158,139,159,160,161,162,164,165,166,0,167,168,169,170,171,172,173,174,175,12789,32181,12275,32281,32215,32282,32283,32269,32284,32285,32286,22386,32287,32288,32289,32290,32291,32292,32293,32294,32295,12274,11716,12276,12257,12277,12278,12279,12280,12281,12282,12283,52,12284,12285,12286,12287,12288,12289,12290,12291,12292,33571,33572,32024,33573,32739,13172,33574,32982,29229,33575,33229,240,33576,33577,33578,33579,33580,33581,33582,33583,33584,32738,32655,12810,32690,12845,32740,25380,32741,32742,32743,32744,32745,32746,32747,32748,32749,32750,32751,32752,32753,13171,13049,55,13085,13103,13173,13174,13159,13175,13176,13177,13178,241,13179,13180,13181,13182,13183,13184,13185,13186,33114,32197,33585,33586,33587,33588,33589,33590,32524,33233,33591,22309,33592,33593,33594,33595,33596,33597,33598,33599,33600,25378,25251,118,25379,184,25381,25382,25354,25367,25383,25384,225,25385,25386,25387,25388,25389,25390,25391,25392,25393,33601,33602,13620,33603,33604,33605,33443,33606,243,33607,33608,33609,33610,33611,33612,33613,33614,33615,33616,33617,33618,25353,33619,33228,33620,21346,33621,33622,33623,33624,33625,33626,33627,33628,33629,33630,33631,33632,32769,33633,32253,17256,33634,33635,227,33636,33637,33638,33639,33640,33641,33642,33643,33644,13622,33645,33646,33647,33648,33649,33650,246,33651,33652,33653,33654,33655,33656,33657,33658,33659,239,101,122,242,244,245,247,248,249,250,251,252,253,254,255,256,33660,32806,230,33661,33662,33663,33664,33665,33666,33667,33668,33669,33670,33671,33672,33673,33674,33675,33676,33677,2636,33678,33679,33680,33681,33682,33683,33684,2630,33685,33686,33687,33688,2648,33689,33690,33691,33692,33693,33694,33695,33696,2643,33697,33698,33699,33700,15183,33701,33702,33703,33704,33705,33706,33707,3838,33708,33709,15308,33710,33711,33712,33713,33714,33715,3831,33716,33717,33718,15433,33719,33720,33721,33722,33723,33724,33725,33726,15523,33727,33728,33729,33730,33731,33732,33733,33734,33735,33736,3799,33737,33738,33739,33740,33741,33742,3811,33743,33744
184,2854,2731,8,2767,2785,2855,2498,2856,2857,2842,2858,2859,2860,2861,2862,1893,2863,2864,2865,2866,2867,2868,2869,2870,37449,37450,35559,35543,35542,37451,37452,37453,35525,37454,37455,37456,37457,37458,37459,37460,37461,37462,37463,37464,37465,37466,37467,35835,35717,177,35755,35774,35836,241,35837,35838,26255,35839,35840,35841,35842,247,35843,35844,35845,35846,35847,35848,35849,35850,176,178,179,180,140,160,181,182,183,185,186,187,188,0,189,190,191,192,193,194,195,196,35750,36227,36244,36307,36262,36308,36309,36295,36310,36311,36312,22870,25398,36313,36314,36315,36316,36317,36318,36319,36320,35456,32918,36449,36557,32914,36558,36559,36543,35773,35540,36560,35902,25417,36561,36562,36563,36564,36565,36566,36567,36568,240,37468,35538,37469,32982,37470,37471,36831,29453,37472,37084,37473,25379,37474,37475,37476,37477,37478,37479,37480,37481,32981,32898,32915,13159,32983,32984,32969,32985,32986,32987,32988,25380,32989,32990,32991,32992,32993,32994,32995,32996,37482,37483,32928,37484,37485,37486,37487,32935,37488,37489,36866,37490,36707,37491,37492,37493,37494,37495,37496,37497,37498,36985,36242,37499,37500,37501,37502,37503,37504,36522,37088,37505,37506,37507,37508,37509,37510,37511,37512,37513,37514,37515,37317,36243,36042,37318,36838,37319,37304,36545,37320,37321,37322,17553,37323,37324,37325,37326,37327,37328,37329,37330,37331,37516,37517,37518,37519,37520,37521,37349,37522,37523,25287,37524,37525,37526,37527,37528,37529,37530,37531,37532,37533,37534,36544,37535,37083,37536,37537,25010,37538,37539,37540,37541,37542,37543,37544,37545,37546,37547,37548,33014,37549,21037,17222,37550,37551,17555,25305,37552,37553,37554,37555,37556,37557,37558,37559,37560,37561,37562,37563,37564,37565,37566,37567,25384,37568,37569,37570,37571,37572,37573,37574,37575,37576,37577,36547,37578,37579,17582,37580,225,37581,37582,37583,37584,37585,37586,37587,37588,25378,163,162,25251,118,25381,25382,25354,25367,25383,25385,25386,25387,25388,25389,25390,25391,25392,25393,37589,2942,37590,37591,37592,37593,37594,37595,37596,2936,37597,37598,37599,37600,2953,37601,37602,37603,37604,37605,37606,37607,37608,2948,37609,37610,37611,37612,37613,37614,37615,37616,37617,37618,5718,37619,37620,37621,37622,37623,37624,37625,37626,37627,5617,37628,37629,37630,37631,37632,37633,37634,37635,25458,37636,37637,37638,37639,37640,37641,37642,37643,25467,37644,37645,37646,37647,37648,37649,37650,37651,25432,37652,37653,37654,37655,37656,37657,25445,37658
362,5233,5173,18,1747,5207,3635,2643,5234,5235,5222,5236,4008,5237,5238,4692,5239,254,5240,5241,5242,250,5243,5244,5245,65783,65784,9133,10319,9132,47073,65785,65786,10305,65787,51581,65788,65789,65790,65791,3821,65792,49061,65793,46843,65794,46841,65795,65167,65093,358,23508,65134,65168,34709,65169,65170,65171,51525,51524,65172,59689,59494,13770,65173,65174,1099,3779,65175,65176,48957,41,359,107,360,149,169,190,211,361,267,363,303,319,338,0,364,365,366,367,368,369,370,23437,20603,23470,22299,21438,23496,23497,23485,23498,23499,23500,22988,23501,1663,23502,23503,23504,1659,23505,23506,23507,7229,23438,65452,65532,34740,65533,65534,65524,65133,10317,65535,59688,65536,26511,65537,48927,65538,3780,65539,65540,2058,46904,46920,8762,47074,33582,47075,47076,37479,30094,46984,40977,46999,47077,3822,47040,47051,47062,240,47078,47079,47080,34764,32360,34741,32835,34765,34766,34753,34767,33852,34768,34769,34770,2558,34771,34772,34773,2554,34774,34775,34776,65796,65797,33053,65798,65799,65800,65801,33057,65802,65803,38573,65804,38504,3823,65805,65806,47266,47263,65807,49378,65808,42303,23468,65809,65810,65811,65812,65813,65814,51583,41301,65815,65816,65817,3824,65818,65819,49181,47482,65820,65821,47481,65687,23469,51564,65688,38314,65689,65677,65525,51572,65690,65691,59734,65692,44828,65693,3545,65694,3781,65695,48954,65696,65822,65823,65824,65825,65826,51584,65710,65827,59744,65828,47733,48917,65829,65830,3782,65831,65832,65833,51528,49901,51582,51570,50537,42356,51585,51106,51586,3701,51587,51588,51589,3697,51590,51591,51592,65834,65835,65836,34778,65837,21980,23486,65838,65839,59736,65840,48090,65841,65842,48938,3783,65843,4273,65844,65845,57374,65846,65847,65848,65849,65850,59746,65851,3825,65852,65853,65854,48264,49372,65855,65856,59742,58334,59720,59743,58941,59745,59318,59747,3748,59748,59749,59750,3744,59751,59752,59753,65857,34505,34504,65858,62880,65859,65860,65861,65862,65863,65864,3826,65865,48663,65866,48661,65867,65868,49387,996,22,1977,3447,3686,3716,3776,3798,3809,11,3827,3828,3829,65869,5271,65870,65871,65872,65873,65874,65875,65876,3784,5266,65877,65878,65879,65880,65881,49343,65882,48909,65883,3785,65884,65885,65886,49306,65887,48867,65888,65889,65890,65891,3786,65892,65893,65894,3615,3631,3648,3665,3729,3761,3787,3788,3789,65895,49318,65896,65897,65898,65899,65900,65901,65902,48852,65903,65904,65905,65906,49366,65907,65908,65909,49332,48885,65910,65911,65912
349,5076,5016,17,1734,5050,3634,2630,5077,5078,5065,5079,3995,5080,5081,4679,5082,5083,253,5084,5085,5086,249,5087,5088,64190,64191,9121,10181,9120,47065,64192,64193,10167,64194,51439,64195,64196,64197,64198,64199,3812,64200,49171,64201,46830,64202,46828,63574,63500,345,23359,63541,63575,34563,63576,63577,63578,51383,51382,63579,59548,59483,63580,13780,1088,63581,63582,3768,48826,63583,40,346,106,347,148,168,189,210,348,266,350,302,318,337,351,0,352,353,354,355,356,357,23288,20591,23321,22298,21425,23347,23348,23336,23349,23350,23351,22975,23352,23353,1662,23354,23355,23356,1658,23357,23358,7217,23289,63859,63939,34594,63940,63941,63931,63540,10179,63942,59547,63943,63944,26504,63945,48811,63946,3769,2047,63947,46903,46919,8761,47066,33581,47067,47068,37478,30093,46983,40976,46998,47069,47028,3813,47050,47061,47070,240,47071,47072,34618,32347,34595,32822,34619,34620,34607,34621,33839,34622,34623,34624,34625,2557,34626,34627,34628,2553,34629,34630,64203,64204,33041,64205,64206,64207,64208,33045,64209,64210,38440,64211,38371,64212,3814,47253,64213,64214,47252,64215,49289,42171,23319,64216,64217,64218,64219,64220,64221,51441,41290,64222,64223,64224,64225,3815,49055,64226,64227,47471,47468,64228,64094,23320,51422,64095,38303,64096,64084,63932,51430,64097,64098,59593,64099,64100,44817,64101,3534,64102,3770,64103,48835,64229,64230,64231,64232,64233,51442,64117,64234,59603,64235,48792,47724,64236,64237,64238,3771,64239,64240,51386,49888,51440,51428,50526,42224,51443,51093,51444,51445,3700,51446,51447,51448,3696,51449,51450,64241,64242,64243,34632,64244,21968,23337,64245,64246,59595,64247,64248,48081,48804,64249,64250,3772,64251,4262,64252,57240,64253,64254,64255,64256,64257,59605,64258,64259,3816,64260,64261,49277,48252,64262,64263,59601,58321,59579,59602,58928,59604,59306,59606,59607,3747,59608,59609,59610,3743,59611,59612,64264,34493,34492,64265,62752,64266,64267,64268,64269,64270,64271,64272,3817,64273,48650,64274,48648,49286,64275,64276,5115,64277,64278,64279,64280,64281,64282,64283,5109,3773,64284,64285,995,21,1976,3446,3685,3715,3787,3797,3808,3818,11,3819,3820,49210,64286,48741,64287,64288,64289,64290,64291,3774,64292,64293,64294,64295,64296,49249,64297,48785,64298,64299,3775,64300,64301,64302,49223,64303,64304,64305,64306,64307,64308,64309,3614,3630,3647,3664,3728,3760,3776,3777,3778,64310,64311,49236,48759,64312,64313,64314,48728,64315,64316,64317,64318,49272,64319
252,3801,994,20,3802,3803,3633,2556,3650,3804,3445,3684,3805,3806,3731,3746,3763,3775,3786,11,3807,3808,3809,3810,3811,49081,49082,49083,49084,49085,47054,49086,49087,8585,49088,49089,49090,48281,49091,49092,48809,3617,3614,49093,49094,49095,49096,49097,13773,11457,66,13774,13775,13609,12885,13626,13776,13660,13777,13778,13707,13722,13739,3768,13758,57,13779,13780,13781,13782,13783,382,88,383,384,151,171,192,385,234,386,387,305,321,340,353,366,0,388,389,390,391,392,15293,49098,49099,47055,49100,49101,49102,46236,47710,49103,48282,22395,49104,48810,48934,1664,49105,49106,49107,49108,1661,49109,11881,49110,49111,34990,49112,49113,49114,15311,15339,49115,14621,26457,27367,49116,1976,49117,49118,1975,49119,49120,46902,46918,47056,46937,33580,46953,47057,37477,30092,47058,47059,46997,47014,47027,47039,240,47060,47061,47062,47063,47064,33708,33709,15308,32749,13182,33710,25389,33611,33711,33712,33655,33672,33684,33695,163,33713,33714,33715,3831,33716,47277,47129,13240,47278,47279,47178,47280,32992,47211,47281,38809,47239,35846,47252,47264,241,47282,3814,47283,47284,47285,39277,49121,49122,49123,49124,49125,49126,49127,49128,49129,48284,49130,49131,3667,48936,3665,49132,49133,49134,49135,49136,44821,44822,19676,44697,37584,44823,44515,26265,44824,44825,44758,44772,44788,44798,3781,225,44826,44827,44828,44829,44830,47709,47560,47577,47711,47611,47712,46284,47643,47657,47673,47685,47696,243,47713,47714,47715,47716,47717,49137,47778,49138,49139,49140,46272,48285,49141,49142,48812,48937,3703,49143,49144,49145,3699,49146,49147,49148,49149,35023,47985,49150,18235,49151,49152,45610,49153,49154,49155,3716,49156,3714,49157,49158,49159,48116,48129,48283,48164,48180,48286,48212,48226,48241,48254,48266,246,48287,48288,48289,48290,48291,48459,48460,48461,48462,48463,48464,48407,48422,48434,48445,247,48465,48466,48467,48468,3841,48675,34433,34418,48676,48677,48678,48574,48589,48679,48680,48636,48649,48661,248,48681,48682,3826,48683,48684,48725,5135,48811,3442,48770,48813,48796,249,48814,5085,48815,48816,48817,992,5291,48935,48882,48895,48938,48921,250,48939,48940,5242,48941,48942,239,101,122,242,244,245,251,253,254,255,256,49160,49161,49162,49163,49164,49165,49166,49167,49168,49169,49170,49171,49172,49173,49174,49175,3764,49176,49177,49178,49179,49180,3652,49181,49182,49183,49184,49185,49186,49187,49188,49189,49190,3749,49191,49192,49193,2560,49194,49195,49196,49197,49198
251,3790,993,19,3791,3792,3632,2555,3649,3793,3444,3683,3794,3795,3730,3745,3762,3774,3785,3796,11,3797,3798,3799,3800,48963,48964,48965,48966,48967,47043,48968,48969,8586,48970,48971,48972,48270,48973,48974,3616,48925,48975,3615,48976,48977,48978,48979,13762,11456,65,13763,13764,13608,12884,13625,13765,13659,13766,13767,13706,13721,13738,13749,3779,13768,57,13769,13770,13771,13772,371,87,372,373,150,170,191,374,233,375,376,304,320,339,352,365,377,0,378,379,380,381,15168,48980,48981,47044,48982,48983,48984,46117,47701,48985,48271,22396,48986,48800,48926,48987,1665,48988,48989,1660,48990,48991,11870,48992,48993,34882,48994,48995,48996,15186,15214,48997,14611,26458,48998,27487,48999,1977,1974,49000,49001,49002,46901,46917,47045,46936,33579,46952,47046,37476,30091,47047,47048,46996,47013,47026,47038,47049,240,47050,47051,47052,47053,33699,33700,15183,32748,13181,33701,25388,33610,33702,33703,33654,33671,33683,33694,33704,163,33705,33706,33707,3838,47268,47128,13239,47269,47270,47177,47271,32991,47210,47272,38700,47238,35845,47251,47263,47273,241,47274,3823,47275,47276,39276,49003,49004,49005,49006,49007,49008,49009,49010,49011,48273,49012,49013,48802,3666,49014,3664,49015,49016,49017,49018,44811,44812,19551,44696,37583,44813,44514,26264,44814,44815,44757,44771,44787,3770,44807,44816,225,44817,44818,44819,44820,47700,47559,47576,47702,47610,47703,46165,47642,47656,47672,47684,47695,47704,243,47705,47706,47707,47708,49019,47777,49020,49021,49022,46153,48274,49023,49024,48803,48928,49025,3702,49026,49027,49028,3698,49029,49030,49031,34915,47984,49032,18224,49033,49034,45600,49035,49036,49037,49038,3715,49039,3713,49040,49041,48115,48128,48272,48163,48179,48275,48211,48225,48240,48253,48265,48276,246,48277,48278,48279,48280,48449,48450,48451,48452,48453,48454,48406,48421,48433,48444,48455,247,48456,48457,3834,48458,48665,34432,34417,48666,48667,48668,48573,48588,48669,48670,48635,48648,48660,48671,248,3817,48672,48673,48674,991,5125,48801,48757,48769,48804,48795,48805,249,5084,48806,48807,48808,48850,5281,48927,3443,48894,48929,48920,48930,250,48931,5241,48932,48933,49042,49043,49044,49045,49046,49047,49048,49049,49050,49051,49052,239,101,122,242,244,245,252,253,254,255,256,49053,49054,3651,49055,49056,49057,49058,49059,49060,49061,49062,49063,49064,49065,3765,49066,49067,49068,49069,2559,49070,49071,49072,49073,49074,49075,49076,49077,49078,3750,49079,49080
254,3821,996,22,1663,1977,3822,2558,3823,3824,3447,3686,3701,3716,3825,3748,3826,3776,362,3798,3809,11,3827,3828,3829,49294,49295,22665,22463,49296,49297,49298,49299,8592,49300,47907,49301,49302,49303,49304,48818,5233,49305,49306,3621,49307,3619,49308,13792,11459,68,12062,12363,13793,12887,13794,13795,13662,13677,13692,13796,13724,13797,13750,1099,13770,13781,57,13798,13799,3837,402,90,111,132,403,173,404,405,236,271,290,406,323,407,355,368,379,390,0,408,409,410,11970,20538,20820,22464,21355,22465,22466,22147,22349,22363,22467,22394,22468,22422,1747,22443,22452,101,22469,22470,22471,23882,11690,24788,26505,25362,26506,26507,26234,12350,8796,26508,14506,26509,26468,2058,3792,26494,122,26510,26511,26512,49309,49310,49311,49312,33726,49313,49314,49315,30089,47908,49316,48479,49317,48819,3635,49062,49180,3630,49318,49319,49320,33725,32293,12290,32751,15523,33727,25391,33613,33627,33642,33728,33729,33685,2643,33706,33715,163,33730,33731,33732,49321,49322,14639,49323,49324,49325,49326,35189,49327,49328,37907,49329,48480,48820,5234,49063,3652,3649,49330,49331,49332,39282,20921,49333,49334,49335,49336,49337,49338,27878,49339,49340,49341,49342,48821,5235,49343,49344,3670,49345,49346,3669,44839,20807,16709,44840,44841,44842,44517,26267,44730,44745,44843,44774,44844,44799,3545,44818,44828,225,44845,3833,44846,47727,47728,47729,47730,47613,47628,45084,47731,47659,47732,47686,3782,47706,47715,243,47733,47734,47735,47762,47776,47909,26250,47808,40961,47910,47839,47911,47867,4008,47888,47897,244,47912,47913,47914,48083,47956,48084,33941,48085,23921,18152,48002,48086,45555,48087,48046,4273,48063,3806,245,48088,48089,48090,49347,48127,49348,49349,49350,49351,49352,48482,49353,3733,5238,49065,49182,3729,49354,49355,49356,48478,48348,26294,48481,48379,48394,48409,48483,48435,4692,48457,48467,247,48484,48485,48486,49357,35223,35222,49358,48540,49359,49360,49361,49362,49363,49364,48822,5239,3765,49183,3763,49365,49366,49367,48726,5151,48743,48758,3681,48786,48797,48806,48815,249,48823,48824,48825,5173,18,5207,5222,5236,5237,5240,5241,5242,250,5243,5244,5245,49061,48989,49000,49064,49027,3713,49050,251,49066,49067,49068,49179,49107,1975,49181,49145,49157,49168,252,49184,49185,49186,239,240,241,242,246,248,253,255,256,49368,49369,49370,49371,49372,49373,49374,49375,49376,997,49377,49378,49379,49380,49381,49382,49383,49384,49385,3449,49386,49387,49388
253,3812,995,21,1662,1976,3813,2557,3814,3815,3446,3685,3700,3715,3816,3747,3817,349,3787,3797,3808,3818,11,3819,3820,49199,49200,22656,22454,49201,49202,49203,49204,8591,49205,47899,49206,49207,49208,49209,5076,48943,49210,49211,49212,3620,49213,3618,13784,11458,67,12061,12362,13785,12886,13786,13787,13661,13676,13691,13788,13723,13789,1088,13759,13769,13780,13790,57,3830,13791,393,89,110,131,394,172,395,396,235,270,289,397,322,398,354,367,378,389,399,0,400,401,11969,20537,20819,22455,21354,22456,22457,22146,22348,22362,22458,22393,22459,1734,22433,22442,22451,22460,101,22461,22462,23786,11689,24787,26497,25361,26498,26499,26233,12349,8795,26500,14505,26501,2047,26477,26485,3803,26502,122,26503,26504,49214,49215,49216,49217,33718,49218,49219,49220,30090,47900,49221,48470,49222,3634,48944,49054,49172,49223,3631,49224,49225,33717,32292,12289,32750,15433,33719,25390,33612,33626,33641,33720,33721,2630,33696,33705,33714,33722,163,33723,33724,49226,49227,14631,49228,49229,49230,49231,35097,49232,49233,37908,49234,48471,5077,48945,3651,49173,49235,3650,49236,49237,39283,20912,49238,49239,49240,49241,49242,49243,27781,49244,49245,49246,49247,5078,48946,49248,49249,49250,3671,3668,49251,44831,20806,16708,44832,44833,44834,44516,26266,44729,44744,44835,44773,44836,3534,44808,44817,44827,44837,225,44838,3840,47718,47719,47720,47721,47612,47627,45083,47722,47658,47723,3771,47697,47705,47714,47724,243,47725,47726,47761,47775,47901,26249,47807,40960,47902,47838,47903,3995,47878,47887,47896,47904,244,47905,47906,48075,47955,48076,33940,48077,23825,18151,48001,48078,45554,48079,4262,48055,3795,48072,48080,245,48081,48082,49252,48126,49253,49254,49255,49256,49257,48473,49258,5081,3732,49056,49175,49259,3728,49260,49261,48469,48347,26293,48472,48378,48393,48408,48474,4679,48446,48456,48466,48475,247,48476,48477,49262,35131,35130,49263,48539,49264,49265,49266,49267,49268,49269,5082,48947,49057,3764,49270,3762,49271,49272,5016,17,5050,5065,5079,5080,5083,5084,5085,5086,249,5087,5088,48851,5300,48868,48883,3682,48911,48922,48931,48940,48948,250,48949,48950,49053,48988,1974,49055,49026,49039,49049,49058,251,49059,49060,49171,49106,49118,49174,49144,3714,49167,49176,252,49177,49178,49273,49274,49275,49276,49277,49278,49279,49280,49281,239,240,241,242,246,248,254,255,256,49282,49283,49284,3448,49285,49286,49287,998,49288,49289,49290,49291,49292,49293
256,3621,3837,24,1665,1979,3637,3838,3839,3671,3840,3688,3703,3718,3735,3841,3842,3778,3789,3800,3811,3820,3829,11,3843,46651,46884,9066,8845,8830,46688,46885,46886,10884,46740,46755,46771,46787,46887,46888,46831,46843,46853,46863,46870,3821,239,46889,49462,49463,418,22681,49464,49465,49466,49467,13645,47742,49468,18665,49469,49470,49471,49472,15087,49075,49193,998,49383,996,49473,47,92,113,134,155,419,420,217,421,273,292,309,422,423,357,370,381,392,401,410,0,424,22479,20540,20822,22301,22480,22481,22335,22482,22351,22365,22382,22483,22484,22424,22435,3791,22453,22462,22471,101,22485,7149,20048,24790,26397,26519,26520,26431,26521,12352,8798,26445,26522,26523,3769,26478,26487,26496,26504,26512,122,26524,47088,46922,8764,46941,47089,47090,46972,47091,30096,46986,40979,47092,47093,47030,47042,47053,47064,47072,47080,240,47094,49474,49475,49476,49477,49478,49479,28026,47743,33624,49480,48316,49481,48833,48958,49076,2560,49288,49384,2555,49482,49483,49484,49485,49486,49487,49488,49489,49490,49491,49492,37905,48317,49493,48834,3654,49077,49194,49494,49495,3647,49496,42875,20790,47329,47524,47525,47382,47526,47414,25947,41043,47429,47527,47528,47471,47483,47493,47503,3815,47517,242,47529,44684,20937,16839,49497,49498,49499,49500,28050,49501,49502,49503,49504,49505,45916,49506,49078,49195,49290,3449,3446,49507,47548,47564,47744,47598,47615,47630,45086,47647,47745,47746,47688,47699,47708,47717,47726,47735,243,47747,47921,47922,47923,28049,47810,40963,47826,47924,47925,47869,47880,47889,3805,47906,47914,244,47926,47943,48097,47972,48098,48099,21918,20090,48004,48019,48100,48101,48047,3783,48065,48074,48082,48090,245,48102,48315,48133,48150,48318,48184,48200,48216,48319,48320,48257,48269,48280,48291,48299,48307,246,48321,49508,48346,28052,49509,49510,49511,49512,49513,48836,48960,3750,49196,49291,49386,3746,49514,49515,49516,49517,49518,48538,49519,49520,49521,49522,49523,49524,3767,48961,49079,49197,49525,49526,3761,49527,48832,5153,48744,48835,48772,3711,48799,48808,48817,5088,48825,249,48837,48957,5302,1973,48959,48897,48912,48924,48933,48942,48950,5245,250,48962,48979,48990,49002,49018,3698,49041,49052,49060,49068,251,49080,49097,1661,49120,49136,49146,49159,49170,49178,49186,252,49198,3618,49225,49289,49251,49261,49292,49281,253,49293,49308,49320,49385,3669,49356,49387,49376,254,49388,57,163,241,225,247,248,255,49528,49529,49530,49531,49532,49533,49534
255,3620,3830,23,1664,1978,3636,3831,3832,3670,3833,3687,3702,3717,3734,3834,3835,3777,3788,3799,3810,3819,3828,3836,11,46650,46878,9065,8844,8829,46687,46879,46880,10803,46739,46754,46770,46786,46881,46882,46830,46842,46852,46862,3812,46877,46883,239,49389,49390,411,22674,49391,49392,49393,49394,13644,47736,49395,18658,49396,49397,49398,14966,49399,49069,49187,49282,997,49400,995,46,91,112,133,154,412,413,216,414,272,291,308,415,416,356,369,380,391,400,409,417,0,22472,20539,20821,22300,22473,22474,22334,22475,22350,22364,22381,22476,22477,22423,22434,22444,3802,22461,22470,22478,101,7148,19968,24789,26396,26513,26514,26430,26515,12351,8797,26444,26516,26517,26469,3780,26486,26495,26503,26511,26518,122,47081,46921,8763,46940,47082,47083,46971,47084,30095,46985,40978,47085,47086,47029,47041,47052,47063,47071,47079,47087,240,49401,49402,49403,49404,49405,49406,27949,47737,33625,49407,48309,49408,48827,48952,2559,49188,49283,49377,49409,2556,49410,49411,49412,49413,49414,49415,49416,49417,49418,49419,37906,48310,49420,3653,48953,49070,49189,49421,49422,49423,3648,42800,20789,47328,47518,47519,47381,47520,47413,25946,41042,47428,47521,47522,47470,47482,47492,47502,47510,3824,47523,242,44685,20930,16832,49424,49425,49426,49427,27973,49428,49429,49430,49431,49432,49433,46033,49071,49190,3448,49379,49434,3447,47547,47563,47738,47597,47614,47629,45085,47646,47739,47740,47687,47698,47707,47716,47725,47734,47741,243,47915,47916,47917,27972,47809,40962,47825,47918,47919,47868,47879,3794,47898,47905,47913,47920,244,47942,48091,47971,48092,48093,21917,20010,48003,48018,48094,48095,3772,48056,48064,48073,48081,48089,48096,245,48308,48132,48149,48311,48183,48199,48215,48312,48313,48256,48268,48279,48290,48298,48306,48314,246,49435,48345,27975,49436,49437,49438,49439,49440,48829,48955,49072,3749,49285,49380,49441,3745,49442,49443,49444,49445,48537,49446,49447,49448,49449,49450,49451,48830,3766,49073,49191,49452,49453,49454,3760,48826,5152,1972,48828,48771,48787,48798,48807,48816,5087,48824,48831,249,48951,5301,48869,48954,48896,3712,48923,48932,48941,48949,5244,48956,250,48978,1660,49001,49017,49028,49040,49051,49059,49067,49074,251,49096,49108,49119,49135,3699,49158,49169,49177,49185,49192,252,49213,49224,49284,3668,49260,49286,49280,49287,253,3619,49319,49378,49346,49355,49381,49375,49382,254,49455,49456,49457,49458,49459,49460,49461,57,163,241,225,247,248,256
226,3311,3135,1325,10,1340,3363,3450,3451,3400,3452,3437,3453,3454,3455,3456,3457,3458,3459,3460,3461,3462,3463,3464,3465,42953,40776,18138,218,42989,43007,43048,43049,43050,43036,43051,22135,43052,43053,34181,43054,43055,43056,43057,43058,43059,43060,43061,40945,40946,262,245,244,40947,40948,40949,204,40950,40951,40952,40953,40954,40955,40956,40957,40958,40959,40960,40961,40962,40963,18000,16143,79,16157,18052,18122,18123,18089,18124,18125,18126,18127,18128,18129,18130,18131,18132,18133,18134,18135,18136,18137,0,219,220,221,162,222,223,224,225,227,228,229,230,231,232,233,234,235,236,237,238,17999,80,18301,18302,18273,18303,18304,18305,260,18306,18307,18308,18309,18310,18311,18312,18313,18314,18315,18316,18317,39969,43654,42984,43686,43729,43023,43462,43730,30162,43731,43732,43733,43734,43735,43736,43737,43738,43739,43740,43741,43742,44859,44860,258,44861,44862,43974,44863,44719,33427,44520,44864,44865,44866,44867,44868,44869,44870,44871,44872,44873,44874,44875,30557,29964,44876,44877,29968,44878,44879,44880,43991,43857,44881,44882,44883,44884,44885,44886,44887,44888,44889,39254,18035,43218,44229,43979,44177,44230,44216,43516,44231,44232,44233,44234,44235,44236,44237,44238,44239,44240,44241,44242,44380,18036,44890,44891,44892,44893,44894,43535,44895,44507,44896,44897,44898,44899,44900,44901,44902,44903,44904,44905,44906,44676,44691,44720,43515,26241,44721,44211,44722,44723,44724,44725,44726,44727,44728,44729,44730,44731,44732,41013,44907,44908,44909,44910,44243,44911,44912,44913,44914,44915,44916,44917,44918,44919,44920,44921,44922,44923,43743,44924,44925,18088,18109,44926,44265,44927,44928,44929,44930,44931,44932,44933,44934,44935,44936,41076,44937,43517,44938,44939,44940,44941,44942,44943,44944,44945,44946,44947,44948,44949,44950,44951,44952,44953,44954,44955,44956,44957,44958,44959,44960,44961,44962,44963,44964,44965,44966,44967,43768,44968,44969,43765,44970,44971,44972,44973,44974,44975,44976,44977,44978,44979,44980,44981,44982,44983,44984,41141,44985,44986,44987,44988,44989,44990,44991,44992,44993,44994,44995,44996,41130,44997,44998,44999,45000,45001,45002,45003,45004,45005,45006,45007,45008,45009,3563,45010,45011,45012,45013,45014,45015,45016,3557,45017,45018,3573,45019,45020,45021,45022,45023,45024,45025,45026,3568,45027,45028,45029,45030,45031,45032,45033,45034,5909,45035,45036,45037,45038,45039,45040,45041,5828,45042,41152,45043,45044,45045,45046,45047,45048,41160,45049,45050,45051,45052,45053,45054
261,638,3911,1341,12,519,2281,3912,3913,1934,3914,3692,3915,3168,3916,3917,3918,3919,3920,3921,3922,3923,3924,3925,3926,6158,9036,6854,35,6039,7732,9037,9038,9039,8819,9040,274,9041,9042,9043,9044,9045,9046,9047,9048,9049,9050,9051,50393,50394,18318,18334,47753,50395,50396,50397,13422,47796,50398,50399,50400,50401,50402,50403,50404,50405,50406,50407,50408,50409,50410,6741,16158,80,7400,17008,18319,18320,16683,18321,18322,17857,18323,18324,18325,18326,18327,18328,18329,18330,18331,18332,18333,257,0,123,144,258,259,205,260,244,262,263,264,265,266,267,268,269,270,271,272,273,29,7399,7401,7344,7402,7403,7404,7405,7406,7407,7408,7409,7410,7411,7412,7413,7414,7415,7416,7417,7418,30293,28491,7347,28989,30294,9009,25091,30295,30116,30296,29685,30297,30298,30299,30300,30301,30302,30303,30304,30305,30306,50411,50412,49626,50413,50414,50080,50415,47797,33763,50263,50416,50417,50418,50419,50420,50421,50422,50423,50424,50425,50426,50427,50428,8144,50429,50430,8308,50431,50432,50433,8319,49968,50434,50435,50436,50437,50438,50439,50440,50441,50442,25962,16682,120,25963,25964,25965,25966,25936,25951,25967,25968,25969,25970,25971,25972,25973,25974,25975,25976,25977,25978,26095,16714,50443,50444,50445,50446,50447,26561,50448,26240,50449,50450,50451,50452,50453,50454,50455,50456,50457,50458,50459,46744,46976,47798,25935,47619,47799,40951,47800,47801,47802,47803,47804,47805,47806,47807,47808,47809,47810,50460,50461,50462,50463,50464,41227,50465,50466,50467,50468,50469,50470,50471,50472,50473,50474,50475,41353,41354,30307,41355,41356,206,18306,41357,41246,41358,41359,41360,41361,41362,41363,41364,41365,41366,41367,50476,50477,9481,50478,50479,41667,50480,50481,50482,50483,50484,50485,50486,50487,50488,50489,50490,50491,50492,50493,50494,50495,50496,50497,50498,50499,50500,50501,50502,50503,50504,50505,50506,30343,50507,50508,30340,41998,50509,50510,50511,50512,50513,50514,50515,50516,50517,50518,50519,50520,50521,50522,50523,50524,10149,50525,50526,42236,50527,50528,50529,50530,50531,50532,50533,50534,50535,10287,50536,50537,42368,50538,50539,50540,50541,50542,50543,50544,50545,4025,50546,50547,50548,50549,50550,50551,50552,4020,50553,50554,4034,50555,50556,50557,50558,50559,50560,50561,50562,4029,50563,50564,50565,27782,50566,50567,50568,50569,50570,50571,50572,50573,27879,50574,50575,50576,50577,50578,50579,50580,50581,50582,50583,50584,50585,50586,50587,50588,50589,50590,50591,50592
262,3927,3928,1342,13,12,2293,3929,3930,1304,1325,3135,3168,3931,3191,3932,3933,3934,3935,3936,3937,3938,3939,3940,3941,50593,50594,18535,274,9040,30422,50595,50596,50597,46744,41353,22551,41667,50598,50599,50600,50601,50602,50603,50604,50605,50606,50607,50608,50609,18334,18536,47616,50610,50611,50612,50613,40946,47796,50614,50615,47831,50616,50617,50618,50619,50620,50621,50622,50623,50624,6854,14117,81,80,17020,18335,18336,16122,16143,17857,18337,17880,18338,18339,18340,18341,18342,18343,18344,18345,18346,18347,275,102,0,276,277,278,279,280,245,281,282,283,284,285,286,287,288,289,290,291,292,35,257,123,144,258,259,205,260,244,261,263,264,265,266,267,268,269,270,271,272,273,30423,30424,7732,30425,30426,30427,145,30428,30072,30307,30429,30430,30431,30432,30433,30434,30435,30436,30437,30438,30439,50625,50626,47751,50627,50628,30477,18122,40948,33748,50629,41669,50630,50631,50632,50633,50634,50635,50636,50637,50638,50639,50640,50641,50642,50643,50644,30461,50645,44862,30310,37889,30489,30557,50646,50647,50648,50649,50650,50651,50652,50653,17703,78,99,17755,17827,17828,17813,17829,206,17830,17831,17832,17833,17834,17835,17836,17837,17838,17839,17840,17841,18000,79,16157,18052,18123,18089,18124,226,18125,18126,18127,18128,18129,18130,18131,18132,18133,18134,18135,18136,18137,40945,40947,40949,204,40950,40951,40952,40953,40954,40955,40956,40957,40958,40959,40960,40961,40962,40963,41354,41355,41356,18306,41227,41357,41246,41358,41359,41360,41361,41362,41363,41364,41365,41366,41367,50654,50655,50656,50657,50658,18504,18522,50659,50660,50661,50662,50663,50664,50665,50666,50667,50668,50669,50670,41668,41608,207,41670,41655,41671,41672,41673,41674,41675,41676,41677,41678,41679,41680,41681,41682,50671,50672,18308,50673,50674,50675,50676,50677,50678,50679,50680,50681,50682,50683,50684,50685,50686,50687,50688,50689,50690,50691,50692,50693,50694,50695,50696,50697,50698,50699,50700,50701,50702,50703,50704,50705,50706,4003,50707,50708,50709,50710,50711,50712,50713,50714,3996,50715,50716,50717,4015,50718,50719,50720,50721,50722,50723,50724,50725,50726,4009,50727,4289,4024,50728,50729,50730,50731,4021,50732,4284,50733,50734,4297,4032,50735,50736,50737,50738,50739,4030,50740,4293,50741,50742,50743,19813,50744,50745,50746,50747,50748,50749,50750,50751,19913,50752,50753,50754,50755,50756,50757,50758,50759,20009,50760,50761,50762,50763,50764,50765,20089,50766,50767,50768
263,640,3942,3943,14,1935,12,3867,2711,3157,3944,3945,3916,3946,3947,3948,3949,3950,3951,3952,3953,3954,3955,3956,3957,6160,9067,9068,37,7408,35,8992,8144,9069,9070,9041,9071,9072,9073,9074,9075,9076,9077,9078,9079,9080,9081,9082,50769,50770,50771,50772,50773,47781,49616,50774,13426,50775,50776,50777,50778,49988,49661,50779,50780,50781,50782,50783,50784,50785,50786,9465,50787,294,25980,47812,49854,50278,41608,50788,50477,50789,18349,50790,49657,50791,50792,50793,50794,50795,50796,50797,50798,293,103,295,0,166,187,207,296,297,298,299,300,301,302,303,304,305,306,307,308,309,124,25979,25981,120,25413,25879,25899,25982,9514,9481,9546,25983,25137,25984,25985,25986,25987,25988,25989,25990,25991,257,80,123,144,258,259,205,260,244,261,262,264,265,266,267,268,269,270,271,272,273,8993,49796,49855,49814,35556,37681,49856,49857,33764,49858,49859,49860,49861,49862,49863,49864,49865,49866,49867,49868,35395,35555,35440,176,35476,35557,185,35558,35542,25964,35559,35560,35561,35562,35563,35564,35565,35566,35567,35568,35569,41242,41243,22722,41200,37757,40500,41244,41245,25968,41246,41247,41248,30340,41249,41250,41251,41252,41253,41254,41255,41256,43038,50799,50800,47843,50283,50801,50802,50803,50804,50805,50806,50807,50808,50809,50810,50811,50812,50813,50814,50815,50816,50817,46912,50818,50819,50820,50479,41651,50821,50822,50823,50824,50825,50826,50827,50828,50829,50830,50831,50476,50416,49968,50478,50465,41667,50480,50481,50482,50483,50484,50485,50486,50487,50488,50489,50490,50832,50833,274,50834,50642,282,50835,50836,41688,50837,50838,50839,50840,50841,50842,50843,50844,50845,50846,50847,50848,50849,50850,50851,50852,50853,50854,9102,50855,50856,50857,50858,50859,50860,50861,50862,49969,50863,50864,50865,50866,50867,50868,9086,50869,50870,50871,50872,50873,50874,50875,50876,334,49597,50877,331,50878,50879,50880,50881,9043,50882,50883,50884,50885,50886,50887,50888,50889,50890,50891,50892,50893,50894,50895,50896,50897,50898,50899,50900,4039,50901,50902,50903,50904,50905,50906,50907,50908,50909,50910,50911,50912,50913,4048,50914,50915,50916,4508,50917,50918,50919,50920,50921,50922,50923,4502,50924,50925,4518,50926,50927,50928,50929,50930,50931,50932,50933,4513,50934,4013,50935,50936,50937,50938,50939,50940,50941,50942,4001,50943,50944,50945,50946,50947,50948,50949,50950,50951,50952,50953,50954,50955,50956,50957,50958,50959,50960,50961,50962,50963
314,4557,4614,1390,15,4586,2314,3863,4615,4602,4616,3739,4617,4618,4448,4619,4620,4621,4622,4623,4624,4625,4626,4627,4628,58041,58147,14165,310,58106,8351,49824,58148,58149,48326,58150,48324,35607,58151,9709,58152,58153,58154,58155,58156,58157,58158,58159,58812,58813,14530,13716,13715,58814,49791,58815,14513,48368,58816,58817,58818,58819,58820,58821,58822,58823,58824,58825,58826,58827,58828,18880,16190,83,18908,17041,18270,18936,18924,18937,18938,14168,18771,18939,18940,18941,18942,18943,18944,18945,18946,18947,18948,61,311,312,146,0,188,313,229,247,315,300,316,317,318,319,320,321,322,323,324,325,18879,11822,58414,30677,49840,58492,58464,58493,14528,58103,35606,58494,58495,58496,58497,58498,58499,58500,58501,58502,58503,30706,28522,30679,29022,30265,30707,30694,30708,30144,30709,30710,30711,30712,30713,30714,30715,30716,30717,30718,30719,30720,49777,49792,13831,49793,49794,37677,49795,47766,258,44860,49796,49797,49798,49799,49800,49801,49802,49803,49804,49805,58829,58830,58831,29498,58832,58833,29501,58834,58835,58836,38273,38219,58837,58838,58839,58840,58841,58842,58843,58844,58845,58684,18906,48351,49871,38137,58639,58685,48357,58465,58686,56928,58687,58688,58689,58690,58691,58692,58693,58694,58695,58696,45471,18907,58846,58847,58848,58849,58850,48370,58851,44766,58852,58853,58854,58855,58856,58857,58858,58859,58860,58861,58862,48329,46990,48369,48356,47651,48371,45527,48220,48372,48373,48374,48375,48376,48377,48378,48379,48380,48381,58863,49807,58864,58865,58866,58697,56941,58867,58868,58869,58870,58871,58872,58873,58874,58875,58876,58877,58878,30721,49591,58879,18923,18174,58880,56929,58881,58882,58883,58884,58885,58886,58887,58888,58889,58890,56939,55774,56912,56940,56398,56942,56814,56943,56944,56945,56946,56947,56948,56949,56950,56951,56952,58891,58892,58893,58894,58895,58896,58897,58898,58899,58900,58901,58902,58903,58904,58905,58906,30755,58907,58908,30753,58909,58910,58911,58912,58913,58914,58915,58916,58917,58918,58919,58920,58921,58922,58923,58924,58925,58926,58927,58928,58929,58930,58931,58932,58933,58934,58935,58936,58937,58938,58939,58940,58941,58942,58943,58944,58945,58946,58947,58948,58949,58950,4710,58951,58952,58953,58954,58955,58956,58957,4705,58958,58959,4720,58960,58961,58962,58963,58964,58965,58966,58967,4715,58968,58969,58970,58971,58972,58973,58974,58975,58976,58977,58978,58979,58980,58981,58982,58983,58984,58985,58986,49921,58987,58988,58989,58990,58991,58992,49911,58993,58994,58995,58996,58997
334,4757,4886,4794,16,4828,2333,3862,542,3949,4887,4874,4888,4889,642,4890,4891,4892,4893,4894,4895,4896,4897,4898,4899,60355,60457,60392,326,60412,30844,60458,60459,60460,60444,60461,57124,7780,60462,57146,60463,60464,60465,60466,60467,60468,60469,60470,62063,62064,60696,59448,60683,62065,49775,62066,60666,61934,62067,62068,62069,62070,62071,62072,62073,62074,62075,62076,62077,62078,62079,60387,60850,328,60881,60898,49776,52800,60916,60945,60946,60947,18724,60948,60949,60950,60951,60952,60953,60954,60955,60956,60957,327,329,330,147,167,0,331,332,333,335,301,317,336,337,338,339,340,341,342,343,344,21132,17316,61312,30894,61372,52817,61331,61373,60442,60409,7777,61374,61375,61376,61377,61378,61379,61380,61381,61382,61383,30955,30880,30897,29040,30264,7649,265,30956,30943,30957,30958,30959,30960,30961,30962,30963,30964,30965,30966,30967,30968,49774,49777,49778,49779,7730,258,9020,49780,33762,49781,8993,49782,49783,49784,49785,49786,49787,49788,49789,49790,6062,7729,7613,30,6036,6103,144,7731,7717,7732,276,35,7733,7734,7735,7736,7737,7738,7739,7740,7741,49597,50877,50878,49860,263,50879,50880,50881,9043,50882,9102,9086,50883,50884,50885,50886,50887,50888,50889,50890,50891,61675,48413,62080,62081,62082,62083,62084,61349,62085,48416,9026,62086,62087,62088,62089,62090,62091,62092,62093,62094,62095,61890,46896,52735,61330,61923,61935,61551,61936,61937,61938,61939,61940,61941,61942,61943,61944,61945,61946,62096,62097,52717,62098,62099,61566,9105,62100,62101,62102,62103,62104,62105,62106,62107,62108,62109,62110,62111,30969,62112,52750,30976,60935,62113,57083,62114,62115,62116,62117,62118,62119,62120,62121,62122,62123,9099,9100,9101,9103,9104,9106,9074,9090,9107,9108,9109,9110,9111,9112,9113,9114,9115,62124,59375,62125,62126,62127,62128,62129,62130,62131,62132,62133,62134,62135,62136,62137,62138,30995,62139,62140,30992,62141,62142,62143,62144,62145,62146,62147,62148,62149,62150,62151,62152,62153,62154,62155,62156,62157,62158,62159,62160,62161,62162,62163,62164,62165,62166,5851,62167,62168,62169,62170,62171,62172,62173,62174,62175,62176,62177,62178,62179,5932,62180,4970,62181,62182,62183,62184,62185,62186,62187,4965,62188,62189,4979,62190,62191,62192,62193,62194,62195,62196,62197,4975,62198,62199,52865,62200,62201,62202,62203,62204,62205,62206,62207,52854,62208,62209,62210,62211,62212,62213,62214,62215,52843,62216,62217,62218,62219,62220,62221,52832,62222,62223,62224,62225
35,435,634,480,1,522,542,635,636,12,637,621,638,639,640,641,642,643,644,645,646,647,648,649,650,5955,6154,6000,25,6042,6062,6155,6156,6157,6141,6158,6159,6160,6161,6162,6163,6164,6165,6166,6167,6168,6169,6170,8969,8970,6522,6506,6505,8971,8972,8973,6486,8816,8974,8975,8976,8977,8978,8979,8980,8981,8982,8983,8984,8985,8986,5994,6704,27,6741,6762,6851,6852,81,6853,6854,6855,6856,6857,6858,6859,6860,6861,6862,6863,6864,6865,6866,26,28,29,30,31,32,0,33,34,36,37,38,39,40,41,42,43,44,45,46,47,6015,6367,7326,7347,7453,7454,7407,7455,6139,6039,6192,7456,7457,7458,7459,7460,7461,7462,7463,7464,7465,7729,7613,6036,7649,7730,6103,144,7731,7717,7732,276,7733,334,7734,7735,7736,7737,7738,7739,7740,7741,8987,8988,6519,8989,8990,8305,8991,8817,7999,8577,8992,8993,8994,8995,8996,8997,8998,8999,9000,9001,9002,9003,9004,6105,9005,9006,7683,9007,9008,9009,8321,8144,9010,9011,9012,9013,9014,9015,9016,9017,9018,257,80,123,258,259,205,260,244,261,262,263,264,265,266,267,268,269,270,271,272,273,8437,6740,9019,9020,9021,9022,9023,7427,9024,8564,9025,9026,9027,9028,9029,9030,9031,9032,9033,9034,9035,8736,8754,8818,7406,8804,8819,239,8820,8821,8822,8823,8824,8825,8826,8827,8828,8829,8830,9036,9037,9038,9039,9040,274,9041,9042,9043,9044,9045,9046,9047,9048,9049,9050,9051,9052,9053,7742,9054,9055,102,6838,9056,298,9057,9058,9059,9060,9061,9062,9063,9064,9065,9066,9067,9068,7408,9069,9070,9071,9072,9073,9074,9075,9076,9077,9078,9079,9080,9081,9082,9083,9084,9085,9086,9087,9088,9089,9090,9091,9092,9093,9094,9095,9096,9097,9098,7780,9099,9100,301,9101,9102,9103,9104,9105,9106,9107,9108,9109,9110,9111,9112,9113,9114,9115,9116,9117,9118,9119,9120,9121,9122,9123,4026,9124,9125,9126,9127,9128,9129,9130,9131,9132,9133,9134,4017,9135,9136,9137,9138,9139,9140,755,9141,3998,9142,9143,9144,9145,9146,749,9147,9148,764,9149,4012,9150,9151,9152,9153,9154,9155,759,9156,9157,9158,4043,9159,9160,9161,4035,9162,9163,9164,9165,4051,9166,9167,9168,9169,4044,9170,9171,9172,9173,9174,9175,9176,9177,9178,9179,9180,9181,9182,9183
58,803,999,847,2,889,909,1000,1001,968,619,986,1002,1003,1004,1005,1006,1007,1008,1009,1010,1011,1012,1013,1014,10929,11103,10973,48,11014,11033,11104,11105,8563,11090,11106,11107,11108,11109,11110,11111,11112,11113,11114,11115,11116,11117,11118,13812,13813,11466,11450,11449,13814,13815,13816,11430,13665,13817,13818,13819,13820,13821,13822,13823,13824,13825,13826,13827,13828,13829,10968,11646,50,11681,11702,11772,11773,11759,123,11774,11775,11776,11777,11778,11779,11780,11781,11782,11783,11784,11785,11786,49,51,52,53,54,55,56,0,57,59,60,61,62,63,64,65,66,67,68,69,70,10988,11310,12241,12262,12366,12367,12322,12368,11088,11011,11140,12369,12370,12371,12372,12373,12374,12375,12376,12377,12378,12635,12525,11008,12561,12636,11073,12263,7984,12624,12637,12638,12639,12640,12641,12642,12643,12644,12645,12646,12647,12648,13830,13831,11463,13832,13833,13188,8783,13666,12891,258,13834,13835,13836,13837,13838,13839,13840,13841,13842,13843,13844,13845,13846,11075,13847,13848,12594,13849,13850,13851,13205,13029,13852,13853,13854,13855,13856,13857,13858,13859,13860,13436,11680,11960,13437,13193,13406,6503,13423,12323,13438,13439,13440,13441,13442,13443,13444,13445,13446,13447,13448,13449,34,122,8782,8753,8784,8785,8786,8787,7406,244,8788,8789,8790,8791,8792,8793,8794,8795,8796,8797,8798,13585,13603,13667,12321,13653,13668,257,13669,13670,13671,13672,13673,13674,13675,13676,13677,13678,13679,13861,13862,13863,8802,13864,7399,13865,13866,13867,13868,13869,13870,13871,13872,13873,13874,13875,13876,13877,12649,13878,13879,11758,80,13880,13470,13881,13882,13883,13884,13885,13886,13887,13888,13889,13890,13891,13892,12324,8865,13893,13894,13895,13896,13897,13898,13899,13900,13901,13902,13903,13904,13905,13906,13907,13908,13909,13910,13911,13912,13913,13914,13915,13916,13917,13918,13919,13920,13921,12688,13922,13923,12686,13924,13925,13926,13927,13928,13929,13930,13931,13932,13933,13934,13935,13936,13937,13938,13939,13940,13941,8920,13942,13943,13944,13945,13946,13947,13948,13949,13950,13951,13952,13953,8931,13954,13955,13956,13957,13958,13959,13960,13961,13962,13963,1117,13964,13965,13966,13967,13968,13969,13970,1111,13971,13972,1127,13973,13974,13975,13976,13977,13978,13979,13980,1122,13981,13982,13983,13984,13985,13986,13987,5790,13988,13989,13990,13991,13992,13993,13994,13995,13996,5871,13997,13998,13999,8950,14000,14001,14002,14003,14004,14005,8942,14006,14007,14008
80,474,1003,1185,3,1224,1245,1338,1339,1305,1340,12,1341,1342,1343,1344,1345,1346,1347,1348,1349,1350,1351,1352,1353,6734,6735,6698,71,6736,6737,6738,6739,6740,29,6741,27,6742,6743,6744,6745,6746,6747,6748,6749,6750,6751,6752,13876,13877,11775,59,58,12649,13878,13879,11758,257,7399,13880,13470,13881,13882,13883,13884,13885,13886,13887,13888,13889,13890,15753,16005,72,16043,16064,16155,16156,16123,16157,16158,14117,16159,16160,16161,16162,16163,16164,16165,16166,16167,16168,16169,50,73,74,75,76,77,78,79,0,81,82,83,84,85,86,87,88,89,90,91,92,15770,11646,16603,16624,16712,16713,16682,16714,123,7400,15858,16715,16716,16717,16718,16719,16720,16721,16722,16723,16724,17005,16870,15788,16907,17006,15844,16625,17007,16993,17008,17009,17010,17011,17012,17013,17014,17015,17016,17017,17018,17019,18269,18270,11772,18271,18272,17566,18273,258,17267,18122,18274,18275,18276,18277,18278,18279,18280,18281,18282,18283,18284,18285,18286,15846,18287,18288,16943,18289,18290,18291,17583,17408,18292,18293,18294,18295,18296,18297,18298,18299,18300,17842,16042,198,17843,17571,17793,17844,206,16683,17845,17846,17847,17848,17849,17850,17851,17852,17853,17854,17855,17856,17999,220,18301,18302,18303,18304,18305,260,18306,226,18307,18308,18309,18310,18311,18312,18313,18314,18315,18316,18317,35,144,259,205,244,261,262,263,264,265,266,267,268,269,270,271,272,273,18318,18319,18320,18321,18322,17857,18323,18324,18325,18326,18327,18328,18329,18330,18331,18332,18333,6854,18334,17020,18335,18336,16122,16143,18337,17880,18338,18339,18340,18341,18342,18343,18344,18345,18346,18347,18348,18349,16684,18350,18351,6856,18352,18353,18354,18355,18356,18357,18358,18359,18360,18361,18362,18363,18364,18365,18366,18367,18368,18369,18370,18371,18372,18373,18374,18375,18376,18377,18378,17059,18379,18380,17056,18381,18382,18383,18384,18385,18386,18387,18388,18389,18390,18391,18392,18393,18394,18395,18396,18397,18398,18399,4000,18400,18401,18402,18403,18404,3992,18405,18406,18407,18408,18409,18410,4014,18411,18412,18413,18414,4005,18415,18416,18417,18418,1450,18419,18420,18421,18422,18423,18424,18425,1444,18426,18427,1460,18428,18429,18430,18431,18432,18433,18434,18435,1455,18436,18437,18438,18439,18440,18441,18442,18443,18444,18445,18446,18447,18448,18449,18450,18451,18452,18453,18454,18455,18456,18457,18458,18459,18460,18461,18462,18463,18464,18465,18466,18467
123,495,847,1224,5,1851,1872,1980,1981,1933,1982,619,519,12,672,1983,1984,1985,1986,1987,1988,1989,1990,1991,1992,7040,7041,71,114,7042,137,7043,7044,7045,7046,29,28,7047,7048,7049,7050,7051,7052,7053,7054,7055,7056,7057,10968,11466,11646,50,11681,11702,11772,11773,11759,58,11774,11775,11776,11777,11778,11779,11780,11781,11782,11783,11784,11785,11786,15770,16043,74,16603,16624,16712,16713,16682,16714,7400,80,15858,16715,16716,16717,16718,16719,16720,16721,16722,16723,16724,115,95,116,117,118,119,120,121,122,0,124,125,126,127,128,129,130,131,132,133,134,16565,16583,24668,24689,24791,24792,24749,24793,8782,7401,24257,24794,24795,24796,24797,24798,24799,24800,24801,24802,24803,25088,24953,24166,24990,25089,24211,24690,25090,25076,7344,25091,25092,25093,25094,25095,25096,25097,25098,25099,25100,25101,26525,26526,24489,26527,26528,25669,26529,8783,25365,26237,9479,26530,26531,26532,26533,26534,26535,26536,26537,26538,26539,26540,26541,24213,26542,26543,25026,26544,26545,26546,25686,9480,26547,26548,26549,26550,26551,26552,26553,26554,26555,25948,16601,20701,25949,25674,25897,25950,25935,7404,25951,9481,25952,25953,25954,25955,25956,25957,25958,25959,25960,25961,26098,16602,26556,26557,26558,26559,26560,8786,26561,26225,26562,26563,26564,26565,26566,26567,26568,26569,26570,26571,26572,34,8753,8784,8785,8787,7406,244,8788,8789,8790,8791,8792,8793,8794,8795,8796,8797,8798,7399,7402,7403,7405,7407,261,7408,7409,7410,7411,7412,7413,7414,7415,7416,7417,7418,35,257,144,258,259,205,260,262,263,264,265,266,267,268,269,270,271,272,273,9477,9465,9478,9482,9483,37,9484,9485,7500,9486,9487,9488,9489,9490,9491,9492,9493,26573,26574,26575,26576,26577,13881,26578,13923,26579,26580,26581,26582,26583,26584,26585,26586,25140,26587,26588,25137,26589,26590,26591,13835,7349,26592,26593,26594,26595,26596,26597,26598,26599,26600,26601,26602,26603,26604,26605,26606,4002,26607,26608,26609,26610,26611,26612,3993,26613,26614,26615,26616,26617,4016,26618,26619,26620,26621,26622,4006,26623,26624,2073,26625,26626,26627,4023,26628,26629,4018,2069,26630,26631,2081,26632,26633,26634,4033,26635,4027,26636,26637,2078,19772,26638,26639,26640,26641,26642,26643,26644,26645,19872,26646,26647,26648,26649,26650,26651,26652,26653,19972,26654,26655,26656,26657,26658,26659,20052,26660,26661,26662,26663,26664,26665
144,542,2278,2142,6,516,2179,2279,583,1873,2280,2266,2281,2282,12,2283,2284,2285,2286,2287,2288,2289,2290,2291,2292,6062,7729,7613,30,6036,7649,7730,6103,7731,7717,7732,276,35,7733,334,7734,7735,7736,7737,7738,7739,7740,7741,30247,30248,28227,28213,28212,30249,30250,30251,13370,30113,30252,30253,18384,30254,30255,30256,30257,30258,30259,30260,30261,30262,30263,7607,28366,136,7339,28403,28488,28489,28459,28490,28491,28492,18351,28493,28494,28495,28496,28497,28498,28499,28500,28501,28502,135,96,137,138,139,140,141,142,143,145,0,146,147,148,149,150,151,152,153,154,155,7060,7338,7340,7341,7342,7343,7344,7345,7346,7347,29,7348,7349,7350,7351,7352,7353,7354,7355,7356,7357,28986,28867,7628,28904,28987,7683,25103,28988,28974,28989,28990,28991,28992,28993,28994,28995,28996,28997,28998,28999,29000,30264,30265,28224,30266,8305,29470,30267,30114,29244,29932,258,30268,30269,30270,30271,30272,30273,30274,30275,30276,8144,8304,8184,32,8219,8306,8258,8307,8292,8308,8309,259,8310,8311,8312,8313,8314,8315,8316,8317,8318,25102,24954,117,25104,185,25105,25106,25077,25091,25107,205,25108,25109,25110,25111,25112,25113,25114,25115,25116,25117,29801,28383,30277,30278,30279,30280,30281,28735,30282,29920,18290,30283,30284,30285,30286,30287,30288,30289,30290,30291,30292,30072,30086,30115,25076,30102,30116,29668,16993,30117,30118,30119,30120,30121,30122,30123,30124,30125,30126,30293,30294,9009,30295,30296,29685,261,30297,30298,30299,30300,30301,30302,30303,30304,30305,30306,30307,30308,29001,30309,30310,21054,28477,30311,206,30312,30313,30314,30315,30316,30317,30318,30319,30320,30321,257,80,123,260,244,262,263,264,265,266,267,268,269,270,271,272,273,9010,30322,30323,30324,30325,30326,30327,30328,30329,30330,30331,30332,30333,30334,30335,30336,29040,30337,30338,209,30339,30340,30341,30342,30343,30344,30345,30346,30347,30348,30349,30350,30351,30352,30353,30354,30355,10146,30356,30357,30358,30359,30360,30361,30362,4045,30363,30364,30365,30366,10284,30367,30368,30369,30370,30371,30372,4036,30373,30374,30375,30376,2378,30377,30378,30379,30380,30381,30382,30383,2372,30384,30385,2388,30386,30387,30388,30389,30390,30391,30392,30393,2383,30394,30395,30396,30397,4000,30398,30399,30400,30401,30402,30403,30404,30405,4014,30406,30407,30408,30409,30410,30411,10792,30412,30413,30414,30415,30416,30417,10873,30418,30419,30420,30421
164,2427,2561,1264,7,2464,2198,2562,562,2518,1892,2549,2563,2564,2565,1580,2566,2567,2568,2569,2570,2571,2572,2573,2574,31929,32039,17280,156,31996,29132,32040,32041,32042,32027,32043,32044,8050,21410,32045,32046,32047,32048,32049,32050,32051,32052,32053,33745,33746,12893,277,12880,33747,33748,33749,12864,33616,33750,33751,33752,21358,33753,33754,33755,33756,33757,33758,33759,33760,33761,17153,16083,76,17188,16926,17267,15824,17240,16643,17268,17269,17270,16371,17271,17272,17273,17274,17275,17276,17277,17278,17279,54,157,158,139,159,160,161,162,163,165,166,0,167,168,169,170,171,172,173,174,175,17152,11720,32457,29167,32537,32538,32525,32539,12282,31993,8047,20222,32540,32541,32542,32543,32544,32545,32546,32547,32548,29243,28422,29168,28923,29244,7667,29203,28700,29232,29245,29246,21021,29247,29248,29249,29250,29251,29252,29253,29254,29255,33762,258,12891,33763,7999,32998,25365,33617,32755,33427,33764,33765,33766,33767,33768,33769,33770,33771,33772,33773,7866,7998,6781,31,7903,6082,7956,7366,7986,8000,8001,8002,7085,8003,8004,8005,8006,8007,8008,8009,8010,33245,17187,32197,33246,33003,33196,33247,33233,32526,33248,33249,21296,33250,33251,33252,33253,33254,33255,33256,33257,33258,25232,118,25269,25009,24190,25323,24709,25353,25366,25367,25368,20742,25369,25370,25371,25372,25373,25374,25375,25376,25377,33559,33575,33618,32524,33605,33619,33228,33620,21346,33621,33622,33623,33624,33625,33626,33627,33628,33629,33774,33775,33776,33777,33778,33259,33779,21278,33780,33781,33782,33783,33784,33785,33786,33787,33788,33789,33790,29256,33791,33792,17239,17255,33793,33281,21330,33794,33795,33796,33797,33798,33799,33800,33801,33802,33803,33804,32527,33805,33806,33807,33808,21361,33809,33810,33811,33812,33813,33814,33815,33816,33817,21224,97,21261,21315,21359,21360,20456,21362,21363,21364,21365,21366,21367,21368,21369,21370,29278,33818,33819,200,33820,33821,33822,33823,33824,33825,33826,33827,33828,33829,33830,33831,33832,33833,33834,33835,33836,33837,33838,33839,33840,33841,33842,33843,33844,33845,33846,33847,33848,33849,33850,33851,33852,33853,33854,33855,33856,33857,33858,33859,33860,33861,419,33862,33863,33864,33865,33866,33867,33868,2656,33869,33870,412,33871,33872,33873,33874,33875,33876,33877,33878,2666,33879,33880,33881,33882,33883,33884,33885,33886,33887,33888,33889,33890,33891,33892,33893,33894,33895,33896,33897,33898,33899,33900,21451,33901,33902,33903,33904,33905,33906,21461,33907,33908
185,2711,2871,2751,8,2786,2215,2872,2873,2825,2874,2859,2875,2876,2877,2878,1873,2879,2880,2881,2882,2883,2884,2885,2886,35395,35555,35440,176,35476,259,35556,35557,35558,35542,25964,35559,35560,35561,263,35562,35563,35564,35565,35566,35567,35568,35569,37659,37660,35855,35840,35839,37661,37662,37663,35822,37532,37664,37665,37666,37667,37668,37669,37670,37671,37672,37673,37674,37675,37676,35434,36010,178,36043,36061,36106,36107,36094,36108,36109,36110,18679,36111,25122,36112,36113,36114,36115,36116,36117,36118,36119,177,179,180,140,160,181,182,183,184,186,187,188,0,189,190,191,192,193,194,195,196,29386,35736,36450,29382,36569,36570,36523,36571,35540,35473,35590,36572,25141,36573,36574,36575,36576,36577,36578,36579,36580,29469,29367,29385,8258,29470,29471,29423,29472,29457,29473,29474,29475,25103,29476,29477,29478,29479,29480,29481,29482,29483,258,37677,35852,37678,37679,36848,37680,37533,32998,37332,37681,25104,37682,37683,37684,37685,37686,37687,37688,37689,37690,37691,37692,29396,37693,37694,29405,37695,37696,37697,36865,36687,37698,37699,37700,37701,37702,37703,37704,37705,37706,37101,36041,36242,37102,36853,37052,37103,37088,36524,37104,21668,37105,37106,37107,37108,37109,37110,37111,37112,37113,37114,37219,36042,37707,37708,37709,37710,37711,36544,37712,37320,37713,37714,37715,37716,37717,37718,37719,37720,37721,37722,37723,37455,37472,37534,36522,37521,37535,37083,37536,37537,25010,37538,37539,37540,37541,37542,37543,37544,37545,37724,37725,37726,37727,37728,37115,37729,37730,24991,37731,37732,37733,37734,37735,37736,37737,37738,37739,37740,29484,37741,37742,21038,17221,37743,21669,37744,25027,37745,37746,37747,37748,37749,37750,37751,37752,37753,37754,36525,37755,37756,21679,37757,37758,205,37759,37760,37761,37762,37763,37764,37765,37766,37767,37768,37769,37770,37771,37772,37773,25108,37774,37775,37776,37777,37778,37779,37780,37781,144,25102,24954,141,117,25105,25106,25077,25091,25107,25109,25110,25111,25112,25113,25114,25115,25116,25117,37782,37783,37784,37785,37786,37787,37788,37789,37790,37791,37792,37793,5898,37794,37795,37796,37797,37798,37799,37800,37801,37802,37803,37804,5817,37805,37806,2965,37807,37808,37809,37810,37811,37812,37813,2960,37814,37815,2974,37816,37817,37818,37819,37820,37821,37822,37823,2970,37824,37825,37826,37827,37828,25178,37829,37830,37831,37832,37833,37834,37835,37836,25189,37837,37838,37839,37840,37841,37842,37843,37844,25156,37845,37846,37847,37848,37849,37850,25167,37851
267,644,4004,4005,18,4006,2286,3870,3887,3161,4007,4008,3920,4009,3951,3967,3984,12,4010,4011,4012,4013,4014,4015,4016,6164,9128,9129,41,9130,7735,8995,9012,9131,9132,9045,9133,9076,9092,9109,35,9134,4017,9135,9136,9137,9138,9139,51521,51522,51523,51524,51525,51526,49897,51527,13430,51528,51529,51530,51531,51102,51532,3856,51533,51534,3855,51535,51536,51537,51538,10269,51539,359,51540,51541,49898,51542,42319,51543,50535,51544,18359,51103,51545,1350,51546,51547,51548,51549,1347,51550,51551,358,107,360,149,169,190,211,361,362,363,303,319,338,0,364,365,366,367,368,369,370,7227,51552,51553,31249,51554,51555,51556,51557,10317,10287,9602,51558,26600,1991,51559,27506,51560,51561,51562,51563,1986,30365,30366,10284,28994,30270,8312,25111,30367,30368,30300,30369,30330,30347,144,30370,30371,30372,4036,30373,30374,30375,49784,49799,49899,49817,49832,37683,49900,49901,33767,49902,49862,49877,258,49903,49904,49905,49906,49907,49908,49909,49971,50118,50119,8341,50120,50040,29477,50121,50122,50086,38572,35563,50100,259,50123,50124,50125,50126,50127,4055,50128,41298,41299,23468,41203,37760,40504,41300,41301,25972,41302,41250,41264,41280,205,41303,41304,4028,41305,41306,41307,41308,43043,51564,51565,51566,51567,51568,51569,51570,51571,51572,51573,51105,51574,3906,51575,3904,51576,51577,51578,51579,51580,51581,46984,51582,51583,51584,50537,42356,51585,51106,51586,3701,51587,51588,51589,3697,51590,51591,51592,50534,50419,50436,50536,50469,42368,50484,50500,50516,261,50538,50539,50540,50541,50542,50543,50544,51593,51594,31287,51595,50653,21981,51596,51597,41729,51598,51599,3941,51600,51601,51602,51603,51604,3935,51605,50904,50905,50906,50907,50908,50909,50856,50870,50885,263,50910,50911,50912,50913,4048,50914,50915,50975,50987,51104,51021,51036,51107,51067,51082,264,51108,51109,51110,51111,51112,51113,51114,30962,51319,51320,30916,51321,51221,51322,51323,51267,51324,51300,265,51325,51326,51327,51328,51329,51330,4065,257,80,123,260,244,262,266,268,269,270,271,272,273,51606,51607,51608,51609,51610,51611,51612,51613,51614,51615,51616,51617,51618,51619,5284,51620,3162,51621,51622,51623,51624,51625,5278,51626,646,5293,51627,51628,51629,51630,51631,51632,51633,51634,5288,51635,51636,51637,51638,3954,51639,51640,51641,51642,51643,2290,51644,51645,51646,51647,51648,51649,51650,51651,51652,51653,51654,51655,3989,51656,51657,51658,3893,51659,51660,51661,51662
266,643,3991,3992,17,3993,2285,3869,3886,3160,3994,3995,3919,3996,3950,3966,3983,3997,12,3998,3999,4000,4001,4002,4003,6163,9116,9117,40,9118,7734,8994,9011,9119,9120,9044,9121,9075,9091,9108,9122,35,9123,4026,9124,9125,9126,9127,51379,51380,51381,51382,51383,51384,49884,51385,13431,51386,51387,51388,51389,51089,51390,51391,3857,3854,51392,51393,51394,51395,51396,10131,51397,346,51398,51399,49885,51400,42187,51401,50524,51402,18360,51090,51403,51404,1351,51405,51406,1346,51407,51408,51409,345,106,347,148,168,189,210,348,349,350,302,318,337,351,0,352,353,354,355,356,357,7215,51410,51411,31111,51412,51413,51414,51415,10179,10149,9591,51416,26601,51417,1992,51418,27392,51419,51420,1985,51421,30354,30355,10146,28993,30269,8311,25110,30356,30357,30299,30358,30329,30346,30359,144,30360,30361,30362,4045,30363,30364,49783,49798,49886,49816,49831,37682,49887,49888,33766,49889,49861,49876,49890,258,49891,49892,49893,49894,49895,49896,49970,50107,50108,8340,50109,50039,29476,50110,50111,50085,38439,35562,50099,50112,259,50113,50114,50115,50116,50117,4062,41287,41288,23319,41202,37759,40503,41289,41290,25971,41291,41249,41263,41279,41292,205,4019,41293,41294,41295,41296,41297,43042,51422,51423,51424,51425,51426,51427,51428,51429,51430,51431,51092,51432,51433,3905,51434,3903,51435,51436,51437,51438,51439,46983,51440,51441,51442,50526,42224,51443,51093,51444,51445,3700,51446,51447,51448,3696,51449,51450,50523,50418,50435,50525,50468,42236,50483,50499,50515,50527,261,50528,50529,50530,50531,50532,50533,51451,51452,31149,51453,50652,21969,51454,51455,41718,51456,51457,51458,3940,51459,51460,51461,51462,51463,3934,50892,50893,50894,50895,50896,50897,50855,50869,50884,50898,263,50899,50900,4039,50901,50902,50903,50974,50986,51091,51020,51035,51094,51066,51081,51095,264,51096,51097,51098,51099,51100,51101,30961,51307,51308,30915,51309,51220,51310,51311,51266,51312,51299,51313,265,51314,51315,51316,51317,4058,51318,51464,51465,51466,51467,51468,51469,51470,51471,51472,51473,51474,51475,51476,257,80,123,260,244,262,267,268,269,270,271,272,273,645,5127,51477,51478,51479,51480,51481,51482,51483,5121,51484,51485,5136,51486,3163,51487,51488,51489,51490,51491,51492,5131,51493,2289,51494,51495,51496,51497,51498,51499,51500,51501,51502,51503,51504,3955,51505,51506,51507,51508,51509,51510,3892,51511,51512,51513,51514,51515,51516,51517,51518,51519,3990,51520
386,5460,5515,1455,20,5490,2383,3876,5516,5506,5517,3805,5518,5519,4513,5520,5521,5131,5288,273,5522,5523,5524,269,5525,67977,68076,19712,382,68035,31482,68077,68078,68079,49085,68080,49083,57611,68081,57189,64738,759,9127,68082,68083,51852,4026,68084,68627,68628,15341,13778,13777,68629,49954,68630,15327,49137,68631,68632,68633,68634,68635,51515,68636,4060,68637,49747,68638,49745,68639,19648,16252,88,19677,17109,18283,19702,19693,19703,19704,19705,18836,19706,19707,19364,19489,1353,19708,19709,19710,1349,19711,66,383,384,151,171,192,385,234,252,387,305,321,340,353,366,0,388,389,390,391,392,19647,11883,68312,31509,68392,68393,68372,68394,15339,68032,57609,68395,68396,51486,68397,26645,68398,68399,2078,4027,68400,31535,28587,31511,29090,30276,31536,31526,31537,30210,31538,31539,31540,31541,31187,31325,2292,31542,31543,31544,2288,31545,49790,49805,13843,49955,49956,37689,49957,47778,33773,44873,49868,49958,49896,49909,4061,49929,49938,49947,258,49959,68640,68641,68642,29544,68643,68644,29548,68645,68646,68647,38808,38747,68648,64771,50148,4062,68649,51951,68650,50114,68651,68556,19675,49121,68557,38180,68519,68558,49129,68373,68559,57654,68560,68561,3270,66354,41308,68562,51848,68563,4028,68564,46220,19676,68652,68653,68654,68655,68656,49139,68657,44824,68658,68659,68660,68661,51659,4063,68662,68663,50366,50363,68664,49089,47058,49138,49128,47712,49140,46272,48285,49141,49142,48812,48937,3703,49143,49144,49145,3699,49146,68665,68666,68667,68668,68669,68565,57663,68670,68671,64772,66363,50592,51839,68672,68673,4029,68674,68675,68676,31546,68677,68678,19692,18234,68679,57655,68680,68681,68682,51630,50756,68683,4293,68684,4030,68685,57661,55821,57639,57662,56464,57664,56862,57665,57666,57330,57464,3957,57667,57668,57669,3953,57670,68686,59949,68687,68688,68689,68690,68691,68692,64773,66365,4064,68693,68694,68695,51131,52190,31042,68696,68697,31041,63109,68698,68699,68700,68701,68702,68703,51350,66366,4065,68704,68705,52045,51327,68706,64770,63800,64763,52164,64297,51830,64612,4003,64774,64775,64776,3999,64777,52131,65394,51791,66362,65889,66364,66205,4016,66367,66368,66369,4012,66370,650,24,1992,3167,3926,3941,4025,4043,4052,12,4066,68707,5551,68708,68709,68710,68711,68712,68713,68714,4031,5546,51776,68715,68716,68717,68718,52183,68719,4032,68720,68721,68722,52153,51808,68723,68724,68725,4033,68726,3857,3872,3889,3906,3969,3986,4034,68727,52142,68728,68729,68730,68731,68732
375,5331,5386,1444,19,5361,2372,3875,5387,5377,5388,3794,5389,5390,4502,5391,5392,5121,5278,5393,272,5394,5395,5396,268,66668,66767,19587,371,66726,31358,66768,66769,66770,48967,66771,48965,57494,66772,57180,749,66243,66773,9138,51744,66774,66775,4017,67318,67319,15216,13767,13766,67320,49948,67321,15202,49019,67322,67323,67324,67325,67326,67327,51651,67328,4053,67329,49735,67330,49733,19523,16242,87,19552,17098,18282,19577,19568,19578,19579,19580,18825,19581,19582,19355,19480,19583,1352,19584,19585,19586,1348,65,372,373,150,170,191,374,233,251,376,304,320,339,352,365,377,0,378,379,380,381,19522,11872,67003,31385,67083,67084,67063,67085,15214,66723,57492,67086,67087,67088,51620,67089,26652,2069,67090,67091,4018,31411,28576,31387,29079,30275,31412,31402,31413,30199,31414,31415,31416,31417,31178,31316,31418,2291,31419,31420,31421,2287,49789,49804,13842,49949,49950,37688,49951,47777,33772,44872,49867,49952,49895,49908,49919,4054,49937,49946,49953,258,67331,67332,67333,29534,67334,67335,29538,67336,67337,67338,38699,38638,67339,50137,66276,67340,4055,67341,52036,67342,50124,67247,19550,49003,67248,38171,67210,67249,49011,67064,67250,57537,67251,67252,64673,3260,67253,41296,67254,51754,67255,4019,46101,19551,67343,67344,67345,67346,67347,49021,67348,44814,67349,67350,67351,51511,67352,67353,4056,50354,67354,67355,50353,48971,47047,49020,49010,47703,49022,46153,48274,49023,49024,48803,48928,49025,3702,49026,49027,49028,3698,67356,67357,67358,67359,67360,67256,57546,67361,67362,64682,66277,51738,50585,67363,67364,67365,4020,67366,67367,31422,67368,67369,19567,18223,67370,57538,67371,67372,51480,67373,67374,50747,67375,4284,67376,4021,57544,55810,57522,57545,56453,57547,56852,57548,57549,57321,57455,57550,3956,57551,57552,57553,3952,67377,59843,67378,67379,67380,67381,67382,67383,64684,66278,67384,4057,67385,67386,52117,51121,31032,67387,67388,31031,63005,67389,67390,67391,67392,67393,67394,64685,51339,67395,4058,51948,67396,67397,51314,52057,63793,51689,64681,64288,64683,64603,64686,4002,64687,64688,64689,3998,66275,65385,66268,52092,65882,51730,66196,66279,4015,66280,66281,66282,4011,67398,5423,67399,67400,67401,67402,67403,67404,67405,5417,4022,649,23,1991,3166,3925,3940,4034,4042,4051,4059,12,67406,67407,52079,51706,67408,67409,67410,67411,4023,51676,67412,67413,67414,67415,52111,67416,67417,4024,67418,52069,67419,67420,67421,67422,67423,3856,3871,3888,3905,3968,3985,4025
271,4044,3859,1351,22,1990,4045,3874,4046,4047,3908,3701,3924,3939,4048,3971,4049,4001,4014,4024,4033,12,4050,4051,4052,51956,51957,18649,402,51958,51959,51960,51961,9035,49296,50571,22665,51962,51963,51964,51501,51643,51965,10553,650,51966,648,51967,49755,49572,13888,13692,13677,49756,49603,49757,15535,47762,49637,49653,49758,49683,49759,49712,49723,49734,49745,257,49760,49761,4060,18445,16167,90,16722,18446,18281,18447,18448,18315,18331,18345,18449,18376,18450,3992,18415,18425,18434,80,18451,18452,18453,68,111,132,403,173,404,405,236,254,290,406,323,407,355,368,379,390,0,408,409,410,19872,11784,24801,26646,26536,26647,26648,26570,8796,7416,26649,26584,26650,26611,26622,4018,26636,123,26651,26652,26653,51968,51969,51970,51971,49940,51972,27853,51973,30119,50572,51974,51145,51975,51502,2290,51752,51853,2285,51976,51977,51978,49939,49803,13841,49821,49941,49942,49851,47776,33771,44871,49943,49944,49894,49907,49918,49928,258,49945,49946,49947,51979,51980,51981,51982,51983,51984,51985,51986,51987,51988,37894,51989,51146,51503,51644,51753,3891,3888,51990,51991,51992,41195,16823,20921,51993,51994,51995,51996,49339,27879,51997,51998,51999,52000,51504,51645,42482,52001,3166,52002,52003,3165,46423,16709,50190,50374,50375,50376,50260,26250,50275,44730,50377,50303,50378,50331,50342,50353,50364,260,50379,4056,50380,47907,47908,47909,27878,47628,47808,40961,47910,47839,47911,47867,4008,47888,47897,244,47912,47913,47914,50408,50423,50573,50457,50473,41365,50574,50504,50575,50531,50542,50552,50561,261,50576,50577,50578,50749,50622,50750,50636,50751,19913,18135,50668,50752,50683,50753,50714,50725,50732,4030,262,50754,50755,50756,52004,50792,27880,52005,52006,52007,52008,51148,52009,3955,51646,51755,51855,3951,52010,52011,52012,51144,50991,51008,51147,51040,51056,51071,51149,51099,51112,51123,51133,264,51150,51151,51152,52013,52014,52015,52016,51206,52017,52018,52019,52020,52021,52022,51505,51647,3988,51856,3986,52023,52024,52025,51394,51407,51420,51436,3696,51462,51474,51483,51491,266,51506,51507,51508,51536,1347,51562,51578,51590,51604,51616,51625,51633,267,51648,51649,51650,51751,5439,51692,51754,51718,3936,51742,268,51756,5395,51757,51852,5567,1988,51854,51819,51833,51843,269,51857,51858,5524,35,144,259,205,263,265,270,272,273,52026,52027,52028,52029,52030,52031,52032,52033,52034,3860,52035,52036,52037,52038,52039,52040,52041,52042,52043,3910,52044,52045,52046
270,4035,3858,1350,21,1989,4036,3873,4037,4038,3907,3700,3923,3938,4039,3970,4040,4000,4013,4023,4032,4041,12,4042,4043,51865,51866,18640,393,51867,51868,51869,51870,9034,49201,50563,22656,51871,51872,51873,51493,51635,10442,51874,51875,649,51876,647,49748,49571,13887,13691,13676,49749,49602,49750,15445,47761,49636,49652,49751,49682,49752,49711,49722,49733,49744,49753,257,4053,49754,18436,16166,89,16721,18437,18280,18438,18439,18314,18330,18344,18440,18375,18441,18404,4005,18424,18433,18442,80,18443,18444,67,110,131,394,172,395,396,235,253,289,397,322,398,354,367,378,389,399,0,400,401,19772,11783,24800,26638,26535,26639,26640,26569,8795,7415,26641,26583,26642,26610,26621,26629,4027,26643,123,26644,26645,51877,51878,51879,51880,49931,51881,27756,51882,30120,50564,51883,51136,51884,2289,51636,51745,51846,51885,2286,51886,51887,49930,49802,13840,49820,49932,49933,49850,47775,33770,44870,49934,49935,49893,49906,49917,49927,49936,258,49937,49938,51888,51889,51890,51891,51892,51893,51894,51895,51896,51897,37895,51898,51137,51494,51637,3890,51847,51899,3889,51900,51901,41196,16814,20912,51902,51903,51904,51905,49244,27782,51906,51907,51908,51909,51495,51638,51910,42589,51911,3167,3164,51912,46339,16708,50189,50367,50368,50369,50259,26249,50274,44729,50370,50302,50371,50330,50341,50352,50363,50372,260,50373,4063,47899,47900,47901,27781,47627,47807,40960,47902,47838,47903,3995,47878,47887,47896,47904,244,47905,47906,50407,50422,50565,50456,50472,41364,50566,50503,50567,50530,50541,50551,50560,50568,261,50569,50570,50741,50621,50742,50635,50743,19813,18134,50667,50744,50682,50745,50713,50724,4021,50739,50746,262,50747,50748,51913,50791,27783,51914,51915,51916,51917,51139,51918,51496,3954,51747,51849,51919,3950,51920,51921,51135,50990,51007,51138,51039,51055,51070,51140,51098,51111,51122,51132,51141,264,51142,51143,51922,51923,51924,51925,51205,51926,51927,51928,51929,51930,51931,51497,51639,51748,3987,51932,3985,51933,51934,51393,1346,51419,51435,51448,51461,51473,51482,51490,51498,266,51499,51500,51535,51549,51561,51577,3697,51603,51615,51624,51632,51640,267,51641,51642,51744,5431,1987,51746,51717,51732,51741,51749,268,5394,51750,51845,5559,51793,51848,51818,3937,51842,51850,269,51851,5523,51935,51936,51937,51938,51939,51940,51941,51942,51943,35,144,259,205,263,265,271,272,273,51944,51945,51946,3909,51947,51948,51949,3861,51950,51951,51952,51953,51954,51955
273,650,4060,1353,24,1992,2292,4061,4062,3167,4063,3703,3926,3941,3957,4064,4065,4003,4016,4025,386,4043,4052,12,4066,6170,9177,6866,47,7465,7741,9178,9179,9180,8830,9051,9066,9082,9181,9182,9127,9139,9147,759,9162,4044,35,9183,52120,52121,18461,18665,49468,52122,52123,52124,13433,47921,52125,52126,52127,52128,52129,52130,52131,51758,5515,3861,52041,3859,52132,6752,16169,92,16724,17019,18462,18463,17856,18464,18333,18347,18362,18465,18466,18406,18417,18426,1455,18444,18453,80,18467,418,113,134,155,419,420,217,421,256,292,309,422,423,357,370,381,392,401,410,0,424,7057,20052,24803,25101,26660,26661,25961,26662,8798,7418,9493,26663,26664,3993,26623,26630,2078,26645,26653,123,26665,30416,28502,7357,29000,30417,10873,25117,30418,30126,30306,30321,30419,30420,30364,30375,30384,2383,30401,30409,144,30421,52133,52134,52135,52136,52137,52138,52139,47922,33768,52140,50958,52141,51516,51658,51759,3876,51950,52042,3871,52142,52143,52144,52145,9652,52146,52147,31876,52148,52149,52150,37892,50959,52151,51517,3893,51760,5516,52152,52153,3886,52154,41346,16694,20790,41347,41348,40510,41349,41043,25978,41241,41256,41350,41351,41297,41308,41316,3270,4038,41338,205,41352,43044,16839,52155,52156,52157,52158,52159,28049,52160,49501,52161,52162,52163,52164,52165,51761,5517,51952,3910,3907,52166,46755,46986,47923,25947,47630,47810,40963,47826,47924,47925,47869,47880,47889,3805,47906,47914,244,47926,50586,50587,50588,50589,50475,41367,50490,50590,50591,50533,50544,50553,4029,50570,50578,261,50592,50607,50763,30439,50764,50765,17841,20089,50670,41682,50766,50767,50715,4009,50733,4293,50748,50756,262,50768,50957,50798,25991,50960,50831,50846,50862,50961,50962,50903,50915,50924,4513,50941,50949,263,50963,52167,50989,52168,52169,52170,52171,52172,52173,51519,51660,3973,5520,51953,52044,3969,52174,31907,52175,52176,31904,51204,52177,52178,52179,52180,52181,52182,3990,51661,51762,5521,52183,52184,3984,52185,51515,51409,51421,51518,51450,3934,51476,51484,5131,51500,51508,266,51520,51657,51551,1986,51659,51592,51605,51618,51626,5288,51642,51650,267,51662,51677,5451,51693,51708,3921,51733,51743,51750,51757,268,51763,5460,20,5490,5506,5518,5519,5522,5523,5524,269,5525,647,51887,51951,51912,51921,51954,51943,270,51955,51967,51978,52043,3165,52012,52045,52034,271,52046,257,258,259,260,264,265,272,52186,52187,52188,52189,52190,52191,52192
272,649,4053,1352,23,1991,2291,4054,4055,3166,4056,3702,3925,3940,3956,4057,4058,4002,4015,375,4034,4042,4051,4059,12,6169,9170,6865,46,7464,7740,9171,9172,9173,8829,9050,9065,9081,9174,9175,9126,9138,749,9155,4035,9169,9176,35,52047,52048,18454,18658,49395,52049,52050,52051,13432,47915,52052,52053,52054,52055,52056,52057,52058,5386,51859,51944,3860,52059,3858,6751,16168,91,16723,17018,18455,18456,17855,18457,18332,18346,18361,18458,18459,18405,18416,1444,18435,18443,18452,18460,80,411,112,133,154,412,413,216,414,255,291,308,415,416,356,369,380,391,400,409,417,0,7056,19972,24802,25100,26654,26655,25960,26656,8797,7417,9492,26657,26658,26612,4006,2069,26637,26644,26652,26659,123,30410,28501,7356,28999,30411,10792,25116,30412,30125,30305,30320,30413,30414,30363,30374,2372,30393,30400,30408,30415,144,52060,52061,52062,52063,52064,52065,52066,47916,33769,52067,50951,52068,51510,51652,3875,51860,51945,52035,52069,3872,52070,52071,52072,9645,52073,52074,31802,52075,52076,52077,37893,50952,52078,3892,51653,5387,51861,52079,52080,52081,3887,41339,16693,20789,41340,41341,40509,41342,41042,25977,41240,41255,41343,41344,41296,41307,3260,41324,41331,4047,41345,205,43045,16832,52082,52083,52084,52085,52086,27972,52087,49428,52088,52089,52090,52091,52092,5388,51862,3909,52037,52093,3908,46754,46985,47917,25946,47629,47809,40962,47825,47918,47919,47868,47879,3794,47898,47905,47913,47920,244,50579,50580,50581,50582,50474,41366,50489,50583,50584,50532,50543,4020,50562,50569,50577,50585,261,50606,50757,30438,50758,50759,17840,20009,50669,41681,50760,50761,3996,50726,4284,50740,50747,50755,50762,262,50950,50797,25990,50953,50830,50845,50861,50954,50955,50902,50914,4502,50933,50940,50948,50956,263,52094,50988,52095,52096,52097,52098,52099,52100,51512,51655,5391,3972,51947,52038,52101,3968,31833,52102,52103,31830,51203,52104,52105,52106,52107,52108,52109,51513,3989,5392,51863,52110,52111,52112,3983,51509,51408,1985,51511,51449,51463,51475,5121,51492,51499,51507,51514,266,51651,51550,51563,51654,51591,3935,51617,5278,51634,51641,51649,51656,267,5331,19,5361,5377,5389,5390,5393,5394,5395,5396,268,51778,5574,51794,51809,3922,51834,51844,51851,51858,51864,269,51876,51886,51946,3164,51920,51948,51942,51949,270,648,51977,52036,52003,52011,52039,52033,52040,271,52113,52114,52115,52116,52117,52118,52119,257,258,259,260,264,265,273
206,3168,3169,1305,1304,9,2282,3170,3171,3172,3173,3141,3156,3174,3175,3176,3177,3178,3179,3180,3181,3182,3183,3184,3185,41353,41354,17857,262,261,30307,41355,41356,18306,40951,41227,41357,41246,41358,41359,41360,41361,41362,41363,41364,41365,41366,41367,41368,41369,17842,17858,39258,41370,41371,41372,41373,41045,41030,41374,41375,41080,41376,41377,41378,41379,41380,41381,41382,41383,41384,80,16042,78,198,16625,17843,17571,17793,17844,16683,17845,17846,17847,17848,17849,17850,17851,17852,17853,17854,17855,17856,17703,279,99,145,17755,17827,17828,17813,17829,17830,17831,17832,17833,17834,17835,17836,17837,17838,17839,17840,17841,0,197,199,141,200,201,202,203,204,205,207,208,209,210,211,212,213,214,215,216,217,30308,28492,144,29001,30309,30310,21054,28477,29668,29685,30311,30312,30313,30314,30315,30316,30317,30318,30319,30320,30321,41385,41386,39226,41387,41388,41389,39487,39985,33818,41390,41391,41392,41393,41394,41395,41396,41397,41398,41399,41400,41401,41402,41403,30489,41404,41405,29005,41406,39988,29688,37913,41407,41408,41409,41410,41411,41412,41413,41414,41415,41416,41417,17738,20493,41418,41419,41420,41421,41422,21871,41423,41424,41425,41426,41427,41428,41429,41430,41431,41432,41433,41434,41435,17739,39430,41436,41437,41438,41439,21891,41440,41441,41442,41443,41444,41445,41446,41447,41448,41449,41450,41451,41452,41044,41046,41047,21870,40809,40478,41048,41049,40846,41050,41051,41052,41053,41054,41055,41056,41057,41058,41228,41229,41230,39539,25967,41231,40533,41232,41233,41234,41235,41236,41237,41238,41239,41240,41241,41453,41454,30539,41455,41456,17792,17814,41457,41458,41459,41460,41461,41462,41463,41464,41465,41466,41467,41468,41469,41470,21872,41471,41472,41473,41474,41475,41476,41477,41478,41479,41480,41481,41482,41483,41484,41485,41486,39541,41487,41488,41489,41490,41491,41492,41493,41494,41495,41496,41497,41498,41499,30580,41500,41501,30577,41502,41503,41504,41505,41506,41507,41508,41509,41510,41511,41512,41513,41514,41515,41516,41517,41518,3244,41519,41520,41521,41522,41523,41524,41525,41526,3238,41527,41528,41529,3255,41530,41531,41532,41533,41534,41535,41536,41537,41538,3250,41539,41540,3264,41541,41542,41543,41544,3261,41545,41546,41547,41548,41549,3273,41550,41551,41552,41553,41554,3271,41555,41556,41557,41558,41559,41560,41561,41562,41563,41564,5630,41565,41566,41567,41568,41569,41570,41571,5731,41572,41573,41574,41575,41576,41577,41578,41579,41580,41581,41582,41583,41584,41585,41586
227,3466,3467,1326,1637,10,3468,2550,3469,3470,3471,3438,3454,3472,3473,3474,3475,3476,3477,3478,3479,3480,3481,3482,3483,45055,45056,22150,22135,43051,45057,45058,45059,45060,44676,44922,45061,44940,45062,45063,45064,45065,45066,45067,45068,45069,45070,45071,45072,45073,245,22151,243,45074,33631,45075,22324,44734,40950,45076,45077,44767,45078,45079,45080,45081,45082,45083,45084,45085,45086,18138,280,100,79,18139,165,18140,18141,18142,18126,18143,18144,18145,18146,18147,18148,18149,18150,18151,18152,18153,18154,101,20416,219,22136,20743,21656,22137,22121,20798,22138,22139,22140,22141,22142,22143,22144,22145,22146,22147,22148,22149,218,0,220,221,162,222,223,224,225,226,228,229,230,231,232,233,234,235,236,237,238,45087,45088,43007,45089,33632,45090,43238,45091,30156,43743,45092,45093,45094,45095,45096,45097,45098,45099,45100,45101,45102,33630,32285,163,32769,33633,32253,17256,33443,33228,33634,33635,33636,33637,33638,33639,33640,33641,33642,33643,33644,45103,45104,33977,45105,45106,45107,45108,32772,33445,43747,37914,45109,45110,45111,45112,45113,45114,45115,45116,45117,45118,39200,18018,43199,45119,45120,45121,45122,45123,18088,45124,45125,45126,45127,45128,45129,45130,45131,45132,45133,45134,45135,45136,18019,16142,45137,45138,45139,45140,18110,45141,45142,45143,45144,45145,45146,45147,45148,45149,45150,45151,45152,45153,44733,44735,44736,43290,26258,44211,44737,44738,44573,44739,44740,44741,44742,44743,44744,44745,44746,44747,44923,44924,44925,18109,44243,44926,44265,44927,44928,44929,44930,44931,44932,44933,44934,44935,44936,45154,45155,45156,34027,45157,22101,22122,45158,45159,45160,45161,45162,45163,45164,45165,45166,45167,45168,45169,45170,45171,43291,45172,45173,45174,45175,45176,45177,45178,45179,45180,45181,45182,45183,45184,45185,45186,45187,18112,45188,45189,45190,45191,45192,45193,45194,45195,45196,45197,45198,45199,45200,45201,34066,34065,45202,45203,45204,45205,45206,45207,45208,45209,45210,45211,45212,45213,45214,45215,45216,45217,45218,45219,3541,45220,45221,45222,45223,45224,45225,45226,45227,3535,45228,45229,45230,3551,45231,45232,45233,45234,45235,45236,45237,45238,45239,3546,45240,45241,3561,45242,45243,45244,45245,3558,45246,45247,45248,45249,45250,3571,45251,45252,45253,45254,45255,3569,45256,45257,45258,45259,45260,45261,45262,45263,45264,45265,5910,45266,45267,45268,45269,45270,45271,45272,5829,45273,45274,45275,45276,45277,45278,45279,45280,45281,45282,45283,45284,45285,45286,45287
281,4190,4191,1358,1670,13,4192,4193,4194,4195,4196,3708,3931,4197,4198,4199,4200,4201,4202,4203,4204,4205,4206,4207,4208,53819,53820,53821,22551,41353,53822,53823,53824,53825,40945,50654,53826,41671,53827,53828,53829,53830,53831,53832,53833,53834,53835,53836,53837,53838,18536,53839,45073,53840,53841,53842,53843,47989,40946,53844,53845,45546,53846,53847,53848,53849,53850,53851,53852,53853,53854,18535,14118,6819,81,18537,18538,18539,18540,18541,18337,18542,18543,18544,18545,18546,18547,18548,18549,18550,18551,18552,18553,22552,9277,102,22553,22554,22555,22556,22557,22355,22558,22559,22560,22561,22562,22563,22564,22565,22566,22567,22568,22569,274,275,0,276,277,278,279,280,245,262,282,283,284,285,286,287,288,289,290,291,292,53855,53856,30422,53857,53858,53859,7749,53860,30066,50656,53861,53862,53863,53864,53865,53866,53867,53868,53869,53870,53871,53872,53873,33927,53874,53875,53876,12911,47991,33746,53877,53878,53879,53880,53881,53882,53883,53884,53885,53886,53887,53888,53889,53890,53891,53892,53893,53894,53895,52991,52785,37917,53896,53897,53898,53899,53900,53901,53902,53903,53904,53905,53906,6817,9274,53907,53908,53909,53910,53911,18504,53912,53913,53914,53915,53916,53917,53918,53919,53920,53921,53922,53923,53924,6818,14116,53925,53926,53927,53928,18523,53929,53930,53931,53932,53933,53934,53935,53936,53937,53938,53939,53940,53941,47988,47990,47992,22522,45076,40952,47993,47994,47995,47996,47997,47998,47999,48000,48001,48002,48003,48004,50655,50657,50658,18522,41357,50659,50660,50661,50662,50663,50664,50665,50666,50667,50668,50669,50670,53942,53943,53944,53945,53946,53947,53948,53949,53950,53951,53952,53953,53954,53955,53956,53957,53958,53959,53960,53961,53962,22523,53963,53964,53965,53966,53967,53968,53969,53970,53971,53972,53973,53974,53975,53976,53977,53978,18525,53979,53980,53981,53982,53983,53984,53985,53986,53987,53988,53989,53990,53991,53992,53993,53994,53995,53996,53997,53998,53999,54000,54001,54002,54003,54004,54005,54006,54007,54008,54009,54010,54011,54012,4269,54013,54014,54015,54016,54017,54018,54019,54020,4263,54021,54022,54023,4280,54024,54025,54026,54027,54028,54029,54030,54031,54032,4274,54033,54034,4287,54035,54036,54037,54038,4285,54039,54040,54041,54042,54043,4296,54044,54045,54046,54047,54048,4294,54049,54050,54051,54052,54053,54054,54055,54056,54057,54058,54059,54060,54061,54062,54063,54064,54065,54066,54067,54068,54069,54070,54071,54072,54073,54074,54075,54076,54077,54078,54079,54080,54081,54082
298,4413,4414,4352,659,14,639,4415,4139,1671,4416,4401,3946,4417,4418,4419,4420,4421,4422,4423,4424,4425,4426,4427,4428,56501,56502,56503,9071,9041,9052,56504,52285,56505,50817,50832,56506,50852,56507,56508,56509,56510,56511,56512,56513,56514,56515,56516,56517,56518,50772,56519,55585,46706,56520,56521,56522,56365,50775,56523,56524,56399,56525,56526,56527,56528,56529,56530,56531,56532,56533,9068,55613,9327,294,46773,13223,55755,55756,55757,50789,55758,55759,55760,55761,55762,55763,55764,55765,55766,55767,55768,55769,9326,7155,103,36,9243,9261,9278,9328,9329,9330,9331,9332,9333,9334,9335,9336,9337,9338,9339,9340,9341,37,293,295,0,166,187,207,296,297,263,299,300,301,302,303,304,305,306,307,308,309,9053,6855,35,7742,9054,9055,102,6838,239,274,9056,9057,9058,9059,9060,9061,9062,9063,9064,9065,9066,56534,56535,13222,56536,53166,12019,34151,34209,33803,56537,56538,56539,56540,56541,56542,56543,56544,56545,56546,56547,53113,53164,53151,9253,53165,53167,7746,53168,33978,278,37916,22501,22586,53169,53170,53171,53172,53173,53174,53175,53176,22570,22571,20496,22491,22507,22523,22572,22573,282,22574,22575,22576,22577,22578,22579,22580,22581,22582,22583,22584,22585,56548,22708,55713,46804,56549,56550,56551,22740,56552,56553,56554,56555,56556,56557,56558,56559,56560,56561,56562,56563,56564,56364,46673,56366,21923,56169,41651,56367,56368,56204,56369,56370,56371,56372,56373,56374,56375,56376,56377,50833,50834,50642,50835,41667,50836,41688,50837,50838,50839,50840,50841,50842,50843,50844,50845,50846,56565,56566,9307,56567,56568,9315,56569,56570,56571,56572,56573,56574,56575,56576,56577,56578,56579,56580,56581,56582,56583,21924,56584,56585,56586,56587,56588,56589,56590,56591,56592,56593,56594,56595,56596,56597,56598,56599,55746,56600,56601,56602,56603,56604,56605,56606,56607,56608,56609,56610,56611,56612,9365,56613,56614,9362,56615,56616,56617,56618,52202,56619,56620,56621,56622,56623,56624,56625,56626,56627,56628,56629,56630,4485,56631,56632,56633,56634,56635,56636,56637,56638,4479,56639,56640,56641,4496,56642,56643,56644,56645,56646,56647,56648,56649,56650,4491,56651,56652,4506,56653,56654,56655,56656,4503,56657,56658,56659,56660,56661,4516,56662,56663,56664,56665,56666,4514,56667,56668,56669,46833,56670,56671,56672,56673,56674,56675,56676,56677,46821,56678,56679,56680,56681,56682,56683,56684,56685,56686,55360,56687,56688,56689,56690,56691,56692,55432,56693,56694,56695,56696
315,4629,4630,1024,4571,15,4631,987,4138,4632,1360,3740,4618,4633,4634,4635,4636,4637,4638,4639,4640,4641,4642,4643,4644,58998,58999,59000,48324,58150,59001,49609,59002,59003,48329,58877,59004,56942,59005,59006,59007,59008,59009,59010,59011,59012,59013,59014,59015,59016,13716,59017,13655,59018,13681,52527,59019,48383,48368,59020,59021,48402,59022,59023,59024,59025,59026,59027,59028,59029,59030,14165,11793,14166,83,14051,59,14086,14167,14120,14168,14169,14155,14170,14171,14172,14173,14174,14175,14176,14177,14178,14179,13713,58164,311,8352,49672,58303,58304,58305,48342,58306,56955,58307,58308,58309,58310,58311,58312,58313,58314,58315,58316,310,61,312,146,0,188,313,229,247,314,300,316,317,318,319,320,321,322,323,324,325,59031,59032,8351,59033,13682,53153,30664,6802,30141,30721,59034,59035,59036,59037,59038,59039,59040,59041,59042,59043,59044,13680,12053,57,12905,13683,12037,81,275,257,13684,13685,13686,13687,13688,13689,13690,13691,13692,13693,13694,53150,53132,14078,53151,53152,53154,53155,12908,278,30491,37915,18554,18484,53156,53157,53158,53159,53160,53161,53162,53163,59045,18893,58263,49688,59046,59047,59048,59049,18923,59050,59051,59052,59053,59054,59055,59056,59057,59058,59059,59060,59061,18570,18571,16145,18473,18490,18572,18525,283,18573,18574,18560,18575,18576,18577,18578,18579,18580,18581,18582,18583,18584,48382,48384,47975,48385,45543,45527,48386,48387,45563,48388,48389,48390,48391,48392,48393,48394,48395,48396,58878,49591,58879,18174,58697,58880,56929,58881,58882,58883,58884,58885,58886,58887,58888,58889,58890,59062,59063,59064,14131,59065,59066,14139,59067,59068,59069,59070,59071,59072,59073,59074,59075,59076,59077,59078,59079,55773,56897,59080,59081,59082,59083,59084,59085,59086,59087,59088,59089,59090,59091,59092,59093,59094,59095,18175,59096,59097,59098,59099,59100,59101,59102,59103,59104,59105,59106,59107,59108,59109,14187,14186,59110,59111,59112,59113,52466,59114,59115,59116,59117,59118,59119,59120,59121,59122,59123,59124,59125,59126,4687,59127,59128,59129,59130,59131,59132,59133,59134,4680,59135,59136,59137,4699,59138,59139,59140,59141,59142,59143,59144,59145,59146,4693,59147,59148,4709,59149,59150,59151,59152,4706,59153,59154,59155,59156,59157,4718,59158,59159,59160,59161,59162,4716,59163,59164,59165,59166,55178,59167,59168,59169,59170,59171,59172,59173,59174,55270,59175,59176,59177,59178,59179,59180,59181,49738,59182,59183,59184,59185,59186,59187,49727,59188,59189,59190,59191,59192
335,4900,4901,4795,4812,16,4902,4903,4140,4904,4905,4875,4889,4906,4907,4908,4909,4910,4911,4912,4913,4914,4915,4916,4917,62226,62227,62228,57124,60461,62229,62230,62231,62232,61890,62110,62233,9106,62234,62235,62236,62237,62238,62239,62240,62241,62242,62243,62244,62245,59448,62246,60682,62247,62248,62249,62250,61948,61934,62251,62252,13734,62253,62254,62255,62256,62257,62258,62259,62260,62261,60392,60713,60390,328,60958,34349,53267,60959,60960,60947,60961,60962,59450,60963,60964,60965,60966,60967,60968,60969,60970,60971,60631,60475,329,30845,61171,53252,61172,61173,61160,61174,57126,61175,61176,61177,61178,61179,61180,61181,61182,61183,61184,326,327,330,147,167,0,331,332,333,334,301,317,336,337,338,339,340,341,342,343,344,62262,62263,30844,62264,62265,53180,21954,62266,30940,30969,62267,62268,62269,62270,62271,62272,62273,62274,62275,62276,62277,62278,62279,34347,62280,53181,62281,18191,34453,34438,62282,62283,62284,62285,62286,62287,62288,62289,62290,62291,62292,53177,53178,53152,53165,53179,53182,53183,53184,33979,30492,278,53185,53186,53187,53188,53189,53190,53191,53192,53193,53194,62293,60866,61079,62294,62295,62296,62297,62298,30976,62299,62300,62301,62302,62303,62304,62305,62306,62307,62308,62309,62310,62311,60867,60849,62312,62313,62314,62315,34460,62316,62317,62318,62319,62320,62321,62322,62323,62324,62325,62326,62327,62328,61947,61949,52956,61130,61782,61551,61950,61951,59422,61952,61953,61954,61955,61956,61957,61958,61959,61960,62111,62112,52750,60935,61566,62113,57083,62114,62115,62116,62117,62118,62119,62120,62121,62122,62123,62329,62330,62331,62332,53199,62333,62334,62335,62336,62337,62338,62339,62340,62341,62342,62343,62344,62345,62346,62347,57053,23133,62348,62349,62350,62351,62352,62353,62354,62355,62356,62357,62358,62359,62360,62361,62362,59377,19135,62363,62364,62365,62366,62367,62368,62369,62370,62371,62372,62373,62374,62375,62376,62377,62378,62379,62380,62381,62382,62383,62384,62385,62386,62387,62388,62389,62390,62391,62392,62393,62394,62395,62396,4948,62397,62398,62399,62400,62401,62402,62403,62404,4942,62405,62406,62407,4960,62408,62409,62410,62411,62412,62413,62414,62415,62416,4954,62417,62418,4968,62419,62420,62421,62422,4966,62423,62424,62425,62426,62427,4978,62428,62429,62430,62431,62432,4976,62433,62434,62435,62436,53315,62437,62438,62439,62440,62441,62442,62443,62444,53305,62445,62446,62447,62448,62449,62450,62451,62452,53293,62453,62454,62455,62456,62457,62458,53281,62459,62460,62461,62462
