128,9801935632,0,129,387,0
129,9814096314,0,130,376,0
130,9856791476,0,131,290,0
131,9856840000,0,132,289,0
132,9883905274,0,133,292,0
133,9884010214,0,134,291,0
134,9895385140,0,135,228,0
135,9922857642,0,136,246,0
136,9900397236,0,137,282,0
137,9859011908,0,138,299,0
138,9893556080,0,139,300,0
139,9882547408,0,140,301,0
140,9842850148,0,141,37,0
141,9876279508,0,142,60,0
142,9734948788,0,143,82,0
143,9848409752,0,144,103,0
144,9881013004,0,145,124,0
145,9901312124,0,146,166,0
146,9917618888,0,147,187,0
147,9850428578,0,148,303,0
148,9850181118,0,149,302,0
149,9858744024,0,150,305,0
150,9858829292,0,151,304,0
151,9856841912,0,152,406,0
152,9859862416,0,153,397,0
153,9904110764,0,154,309,0
154,9904201512,0,155,308,0
155,9894339096,0,156,208,0
156,9910547506,0,157,264,0
157,9882419368,0,158,283,0
158,9833719772,0,159,316,0
159,9887443644,0,160,317,0
160,9859268100,0,161,38,0
161,9865023732,0,162,61,0
162,9892912592,0,163,83,0
163,9729561564,0,164,104,0
164,9872848856,0,165,125,0
165,9895988840,0,166,146,0
166,9930330252,0,167,188,0
167,9877014340,0,168,319,0
168,9877015660,0,169,318,0
169,9859663304,0,170,321,0
170,9859908824,0,171,320,0
171,9874811840,0,172,323,0
172,9874801288,0,173,322,0
173,9862665988,0,174,422,0
174,9862166488,0,175,415,0
175,9878432504,0,176,209,0
176,9908269648,0,177,230,0
177,9850759760,0,178,248,0
178,9844868676,0,179,265,0
179,9903569504,0,180,284,0
180,9899296024,0,181,336,0
181,9892331604,0,182,39,0
182,9892106284,0,183,62,0
183,9890039980,0,184,84,0
184,9907386028,0,185,105,0
185,9847895396,0,186,126,0
186,9899748000,0,187,147,0
187,9913045276,0,188,167,0
188,9867843356,0,189,338,0
189,9867941788,0,190,337,0
190,9873957620,0,191,340,0
191,9873857832,0,192,339,0
