320,9944618968,0,321,170,0
321,9948643464,0,322,173,0
322,9948648316,0,323,172,0
323,9944291016,0,324,419,0
324,9943687208,0,325,412,0
325,9894483180,0,326,201,0
326,9895487180,0,327,222,0
327,9944235352,0,328,241,0
328,9924271500,0,329,259,0
329,9936417768,0,330,278,0
330,9952125720,0,331,32,0
331,9952647876,0,332,55,0
332,9947714456,0,333,77,0
333,9937811852,0,334,98,0
334,9961447608,0,335,119,0
335,9946752748,0,336,181,0
336,9904474680,0,337,190,0
337,9904487028,0,338,189,0
338,9915789948,0,339,192,0
339,9915824132,0,340,191,0
340,9865975860,0,341,404,0
341,9874829722,0,342,395,0
342,9851365496,0,343,420,0
343,9862752156,0,344,413,0
344,9899415808,0,345,232,0
345,9889696908,0,346,250,0
346,9926465576,0,347,286,0
347,9957389336,0,348,64,0
348,9955631312,0,349,86,0
349,9951637444,0,350,128,0
350,9844403558,0,351,364,0
351,9834972676,0,352,366,0
352,9841862804,0,353,365,0
353,9847643438,0,354,368,0
354,9846545158,0,355,367,0
355,9831196932,0,356,370,0
356,9828851508,0,357,369,0
357,9912000480,0,358,231,0
358,9889710904,0,359,249,0
359,9920161512,0,360,285,0
360,9951699808,0,361,63,0
361,9955631180,0,362,85,0
362,9939524604,0,363,127,0
363,9804893312,0,364,351,0
364,9876030800,0,365,353,0
365,9871744648,0,366,352,0
366,9872553520,0,367,355,0
367,9867886504,0,368,354,0
368,9881812524,0,369,357,0
369,9884314028,0,370,356,0
370,9934997832,0,371,213,0
371,9885980136,0,372,269,0
372,9895540544,0,373,288,0
373,9974414020,0,374,43,0
374,9955006736,0,375,109,0
375,9944694924,0,376,130,0
376,9849578304,0,377,388,0
377,9804291104,0,378,390,0
378,9815435768,0,379,389,0
379,9808600176,0,380,392,0
380,9827691384,0,381,391,0
381,9934944264,0,382,212,0
382,9885935708,0,383,268,0
383,9889243332,0,384,287,0
