284,181,277026,0,36499,62621,0
284,189,1160540,0,36507,62926,0
284,190,1160540,0,36508,62798,0
284,191,862646,0,36509,63152,0
284,192,862646,0,36510,63048,0
284,193,387804,0,36511,71105,0
284,194,387804,0,36512,70068,0
284,195,537648,0,36513,72917,0
284,196,537648,0,36514,72076,0
284,198,192688,0,36516,46763,0
284,199,21196,0,36517,52325,0
284,200,460008,0,36518,58168,0
284,201,169972,0,36519,60479,0
284,212,356168,0,36530,68094,0
284,213,356168,0,36531,66785,0
284,214,577892,0,36532,70426,0
284,215,577892,0,36533,69389,0
284,218,19134,0,36536,39293,0
284,219,167342,0,36537,49647,0
284,220,412648,0,36538,52567,0
284,221,434662,0,36539,55617,0
284,222,561424,0,36540,60716,0
84,117,272300,0,36557,55761,0
84,119,533098,0,36558,60963,0
84,127,794748,0,36561,65356,0
84,128,794748,0,36562,63763,0
105,118,9930,0,36569,58308,0
105,119,360858,0,36570,61176,0
105,129,537924,0,36575,68235,0
105,130,537924,0,36576,66926,0
284,293,592030,0,36581,43752,0
147,71,234570,0,36582,40971,0
284,306,172404,0,36592,70571,0
284,307,172404,0,36593,69534,0
284,310,590864,0,36596,39993,0
284,312,72032,0,36598,52996,0
284,324,327116,0,36608,72428,0
284,325,327116,0,36609,71587,0
284,346,282432,0,36611,48907,0
284,347,312388,0,36612,54903,0
284,351,249708,0,36615,66173,0
284,352,450220,0,36616,66380,0
284,353,189624,0,36617,66292,0
284,354,1552226,0,36618,66075,0
284,359,282432,0,36622,48782,0
284,360,312388,0,36623,54784,0
284,364,249708,0,36626,64580,0
284,365,189624,0,36627,64787,0
284,366,450220,0,36628,64699,0
284,368,1552226,0,36630,64477,0
284,371,288798,0,36632,42601,0
284,372,460054,0,36633,51829,0
284,373,346624,0,36634,55117,0
284,381,621734,0,36640,68898,0
284,382,288798,0,36641,42493,0
284,383,460054,0,36642,51728,0
284,384,346624,0,36643,55018,0
284,391,616726,0,36648,67593,0
284,393,280330,0,36650,41570,0
284,394,1260656,0,36651,56681,0
284,399,807046,0,36655,55321,0
284,402,280330,0,36658,41562,0
284,403,1260656,0,36659,56673,0
284,408,807046,0,36663,55229,0
284,412,1003586,0,36667,59191,0
284,417,2710566,0,36671,55479,0
284,419,1003586,0,36673,59185,0
284,424,2679684,0,36677,55407,0
336,25,467876,0,36678,40566,0
336,26,485832,0,36679,44298,0
336,27,302328,0,36680,47451,0
336,28,247286,0,36681,41278,0
336,29,673054,0,36682,53507,0
336,31,97436,0,36683,58735,0
336,32,720532,0,36684,61591,0
336,40,513052,0,36691,42087,0
336,41,513052,0,36692,42086,0
336,42,27640,0,36693,68595,0
336,43,27640,0,36694,67286,0
336,44,207550,0,36695,70881,0
336,45,207550,0,36696,69844,0
336,46,560688,0,36697,42933,0
336,47,560688,0,36698,42858,0
336,48,138660,0,36699,40864,0
336,49,467876,0,36700,44591,0
336,50,14702,0,36701,44784,0
336,51,398094,0,36702,50314,0
336,52,452744,0,36703,53740,0
336,53,193202,0,36704,56221,0
336,55,500222,0,36705,61806,0
336,65,951576,0,36714,45784,0
336,66,951576,0,36715,45783,0
336,67,457934,0,36716,46484,0
336,68,457934,0,36717,46400,0
336,71,380370,0,36720,41099,0
336,72,156754,0,36721,47669,0
336,77,61430,0,36725,61984,0
336,85,507882,0,36729,65864,0
336,86,507882,0,36730,64271,0
336,87,282474,0,36731,48636,0
336,88,282474,0,36732,48635,0
336,91,418406,0,36735,49524,0
336,92,418406,0,36736,49451,0
336,93,453188,0,36737,44976,0
336,94,504834,0,36738,50514,0
336,95,333218,0,36739,50696,0
336,97,335258,0,36740,58915,0
336,106,388766,0,36745,51300,0
336,107,388766,0,36746,51299,0
336,108,469498,0,36747,68703,0
336,109,469498,0,36748,67394,0
336,110,395826,0,36749,52022,0
336,111,395826,0,36750,51931,0
336,112,61194,0,36751,52182,0
336,113,61194,0,36752,52109,0
336,114,686268,0,36753,41508,0
336,115,861506,0,36754,45209,0
336,116,493486,0,36755,54002,0
336,118,309754,0,36757,59116,0
336,119,277026,0,36758,62386,0
336,127,257648,0,36765,66040,0
336,128,257648,0,36766,64447,0
336,129,84900,0,36767,68860,0
336,130,84900,0,36768,67551,0
336,131,388806,0,36769,55312,0
336,132,388806,0,36770,55220,0
336,133,451996,0,36771,55470,0
336,134,451996,0,36772,55398,0
