37,52,280440,0,29582,53591,0
37,54,747594,0,29583,43860,0
37,55,611712,0,29584,45474,0
37,61,119280,0,29588,29804,0
37,63,388370,0,29590,43089,0
37,64,388370,0,29591,43088,0
37,69,1077868,0,29596,43171,0
37,70,1077868,0,29597,43178,0
37,75,629004,0,29599,56304,0
37,77,428396,0,29601,61892,0
37,85,33244,0,29606,65789,0
37,86,33244,0,29607,64196,0
37,91,759942,0,29612,46787,0
37,92,759942,0,29613,46786,0
37,157,1566044,0,29614,49969,0
37,159,662490,0,29616,38221,0
37,168,260848,0,29622,35611,0
37,169,260848,0,29623,35610,0
37,174,1404376,0,29628,58009,0
37,175,1404376,0,29629,57941,0
25,147,791772,0,29638,35397,0
25,152,803594,0,29643,70324,0
25,153,803594,0,29644,69287,0
37,219,190964,0,29648,49544,0
37,220,447096,0,29649,52446,0
37,221,861934,0,29650,55489,0
37,222,801508,0,29651,60598,0
37,230,350700,0,29659,35699,0
37,277,180438,0,29687,58397,0
37,284,168710,0,29693,36412,0
37,285,211948,0,29694,65424,0
37,286,211948,0,29695,63831,0
37,322,82612,0,29712,35166,0
37,323,82612,0,29713,35074,0
37,327,188340,0,29716,43859,0
37,328,896534,0,29717,47106,0
37,330,633568,0,29718,53120,0
37,336,832810,0,29723,36689,0
37,339,706922,0,29726,38177,0
37,340,706922,0,29727,38168,0
37,353,260880,0,29738,57452,0
37,354,775472,0,29739,66484,0
37,365,260880,0,29748,57327,0
37,368,775472,0,29749,64823,0
37,372,323070,0,29752,50925,0
37,373,482946,0,29753,54239,0
37,380,535400,0,29760,57618,0
37,383,323070,0,29762,50916,0
37,384,482946,0,29763,54228,0
37,392,535302,0,29771,57500,0
37,394,35728,0,29772,57818,0
37,399,27086,0,29776,71149,0
37,400,76636,0,29777,70440,0
37,403,35728,0,29778,57731,0
37,408,27086,0,29782,70112,0
37,410,76636,0,29783,69403,0
37,416,147034,0,29788,35603,0
37,423,147034,0,29794,35602,0
60,25,694102,0,29796,40356,0
60,28,50714,0,29797,41187,0
60,40,995588,0,29805,42305,0
60,41,995588,0,29806,42173,0
60,44,978292,0,29809,39316,0
60,45,978292,0,29810,39317,0
60,46,6856,0,29811,42877,0
60,47,6856,0,29812,42802,0
60,97,107678,0,29816,58818,0
60,98,395638,0,29817,62069,0
60,106,708324,0,29820,51531,0
60,107,708324,0,29821,51389,0
60,110,978370,0,29824,49758,0
60,111,978370,0,29825,49751,0
60,114,632930,0,29828,41375,0
60,116,49572,0,29829,53845,0
60,117,835980,0,29830,56524,0
60,119,230400,0,29832,62252,0
60,126,298476,0,29835,37877,0
60,127,556912,0,29836,65934,0
60,128,556912,0,29837,64341,0
60,131,227924,0,29840,52663,0
60,132,227924,0,29841,52655,0
60,136,350756,0,29844,48112,0
60,147,1118924,0,29851,38053,0
60,148,531134,0,29852,57364,0
60,149,531134,0,29853,57230,0
60,154,14186,0,29858,57973,0
60,155,14186,0,29859,57905,0
60,179,434826,0,29861,51173,0
60,180,192688,0,29862,54485,0
60,181,158360,0,29863,62489,0
60,188,1924476,0,29869,34350,0
60,189,337196,0,29870,62856,0
60,190,337196,0,29871,62728,0
60,191,480200,0,29872,60734,0
60,192,480200,0,29873,60733,0
60,195,484180,0,29876,72836,0
60,196,484180,0,29877,71995,0
60,199,364986,0,29879,52220,0
60,209,1061456,0,29888,35420,0
60,212,271256,0,29891,67996,0
60,213,271256,0,29892,66687,0
60,218,27436,0,29897,39172,0
60,219,613198,0,29898,49564,0
60,221,1176298,0,29900,55509,0
60,222,194798,0,29901,60616,0
60,231,952756,0,29909,65096,0
60,232,952756,0,29910,63503,0
60,237,476464,0,29915,72221,0
60,238,476464,0,29916,71380,0
60,248,337276,0,29923,35738,0
60,264,242646,0,29937,32164,0
60,265,172120,0,29938,36211,0
60,276,12560,0,29949,55864,0
60,283,434826,0,29954,32441,0
60,284,368392,0,29955,36430,0
60,285,154212,0,29956,65437,0
60,286,154212,0,29957,63844,0
54,31,858080,0,29964,30906,0
60,311,257824,0,29965,49597,0
60,312,1647850,0,29966,52516,0
60,326,143662,0,29979,40104,0
60,328,259826,0,29980,47125,0
60,329,744402,0,29981,49988,0
60,341,137580,0,29992,60172,0
60,342,137580,0,29993,60086,0
60,347,572818,0,29997,54846,0
60,351,30712,0,30001,66094,0
60,360,572818,0,30008,54727,0
