282,352,633014,0,28778,66378,0
282,358,846762,0,28783,45924,0
282,364,114494,0,28788,64578,0
282,366,633014,0,28790,64697,0
282,371,344772,0,28794,42599,0
282,373,590874,0,28796,55115,0
282,378,1108580,0,28800,68891,0
282,380,14922,0,28801,68839,0
282,381,1878650,0,28802,68838,0
282,382,344772,0,28803,42491,0
282,384,590874,0,28805,55016,0
282,390,1108580,0,28809,67582,0
282,391,1878650,0,28810,67530,0
282,392,14922,0,28811,67529,0
282,393,152538,0,28812,41569,0
282,395,1044768,0,28814,62446,0
282,399,375860,0,28817,55320,0
282,400,761430,0,28818,55302,0
282,402,152538,0,28820,41561,0
282,404,1044768,0,28822,62438,0
282,408,375860,0,28825,55228,0
282,410,761430,0,28827,55209,0
282,411,511698,0,28828,45185,0
282,412,929866,0,28829,59093,0
282,415,978370,0,28832,34058,0
282,418,511698,0,28834,45184,0
282,419,929866,0,28835,59092,0
282,422,978370,0,28838,34057,0
299,48,421628,0,28840,40831,0
299,49,504834,0,28841,44558,0
299,52,266134,0,28844,53708,0
187,53,484372,0,28846,45372,0
299,62,159012,0,28850,37370,0
299,63,30638,0,28851,65727,0
299,64,30638,0,28852,64134,0
299,67,99728,0,28855,46474,0
299,68,99728,0,28856,46390,0
299,71,553746,0,28859,41065,0
299,72,527984,0,28860,47637,0
299,75,209664,0,28862,56384,0
166,136,562172,0,28869,33650,0
299,87,531152,0,28873,48212,0
299,88,531152,0,28874,48211,0
299,114,297534,0,28879,41474,0
299,116,156754,0,28881,53966,0
299,119,535198,0,28884,62351,0
299,129,59302,0,28890,68832,0
299,130,59302,0,28891,67523,0
299,131,269742,0,28892,55298,0
299,132,269742,0,28893,55206,0
299,135,273210,0,28896,45371,0
299,136,692820,0,28897,48207,0
299,138,126364,0,28899,56801,0
299,139,758368,0,28900,56802,0
166,138,1854768,0,28906,34229,0
299,150,168120,0,28910,56806,0
299,151,168120,0,28911,56805,0
299,152,813424,0,28912,70974,0
299,153,813424,0,28913,69937,0
299,158,65016,0,28918,54168,0
37,156,2391856,0,28925,38126,0
299,168,1883876,0,28926,56818,0
299,169,1883876,0,28927,56817,0
299,172,702354,0,28930,60177,0
299,173,702354,0,28931,60091,0
37,136,213996,0,28935,46777,0
25,326,1552328,0,28942,35594,0
299,220,646802,0,28953,52581,0
299,222,159012,0,28955,60729,0
299,231,30638,0,28963,65206,0
299,232,30638,0,28964,63613,0
103,139,493084,0,28987,56811,0
103,150,2124524,0,28995,56859,0
103,151,2124524,0,28996,56849,0
299,275,30708,0,29002,43551,0
299,284,535198,0,29010,36586,0
299,287,59302,0,29013,68405,0
299,288,59302,0,29014,67096,0
159,138,179582,0,29024,32791,0
31,326,2938354,0,29025,33032,0
166,148,1279456,0,29026,34231,0
166,149,1279456,0,29027,34230,0
166,150,1703912,0,29028,34233,0
166,151,1704304,0,29029,34232,0
166,154,818222,0,29032,56891,0
166,155,818222,0,29033,56886,0
176,25,1552328,0,29034,40253,0
43,326,422742,0,29045,38130,0
42,326,422742,0,29046,38129,0
299,345,898608,0,29051,45374,0
299,346,399484,0,29052,48210,0
299,347,1283724,0,29053,54170,0
299,352,532850,0,29058,56845,0
299,353,144948,0,29059,56844,0
299,354,260880,0,29060,66516,0
299,358,898608,0,29063,45373,0
299,359,399484,0,29064,48209,0
299,360,1283724,0,29065,54169,0
299,365,167190,0,29070,56833,0
299,366,555092,0,29071,56832,0
299,368,260880,0,29072,64855,0
299,373,436018,0,29077,54172,0
299,377,542324,0,29081,56864,0
299,378,86316,0,29082,69140,0
299,379,1417104,0,29083,69081,0
299,380,972250,0,29084,56868,0
299,381,84158,0,29085,56867,0
299,384,436018,0,29088,54171,0
299,388,546640,0,29092,56854,0
299,389,1403230,0,29093,67844,0
299,390,100190,0,29094,67759,0
299,391,82980,0,29095,56858,0
299,392,973428,0,29096,56857,0
299,399,39112,0,29102,71202,0
299,401,330162,0,29104,70975,0
299,408,39112,0,29110,70165,0
299,409,330162,0,29111,69939,0
299,411,73036,0,29113,45380,0
175,138,818222,0,29116,34237,0
299,418,73036,0,29119,45379,0
174,138,818222,0,29122,34236,0
201,156,353070,0,29125,40535,0
201,76,566402,0,29127,47421,0
201,157,120554,0,29128,41248,0
201,158,531704,0,29129,53476,0
201,159,632168,0,29130,56930,0
201,170,1237032,0,29137,57656,0
201,171,1237032,0,29138,57539,0
