289,180,1160540,0,27862,54622,0
289,181,388806,0,27863,62626,0
289,187,425436,0,27868,30983,0
289,194,317312,0,27869,70071,0
289,198,337196,0,27872,46768,0
289,295,338936,0,27888,52795,0
289,299,269742,0,27891,29015,0
285,307,890976,0,27894,30638,0
172,126,1190240,0,27898,37909,0
285,407,671986,0,27907,37984,0
289,402,1207932,0,27909,41563,0
289,403,490866,0,27910,56674,0
288,194,729428,0,27911,62440,0
289,406,230384,0,27913,30636,0
289,408,277692,0,27915,55230,0
289,409,1215384,0,27916,55232,0
289,410,164788,0,27917,55231,0
289,416,905582,0,27922,38023,0
288,175,1620840,0,27925,59171,0
289,422,2015922,0,27927,34125,0
289,423,399254,0,27928,38022,0
289,424,342680,0,27929,55238,0
292,49,899270,0,27931,44552,0
292,53,320870,0,27933,56184,0
292,55,119698,0,27934,61797,0
292,61,527822,0,27937,33458,0
292,69,1094840,0,27941,72694,0
292,156,63900,0,27942,41853,0
292,158,124226,0,27944,54354,0
292,159,99728,0,27945,59287,0
292,160,453732,0,27946,59462,0
292,176,173296,0,27952,42074,0
292,178,113774,0,27954,48623,0
292,179,448642,0,27955,51289,0
292,180,862646,0,27956,54625,0
292,181,451996,0,27957,62629,0
292,195,513992,0,27965,72922,0
292,219,336860,0,27966,49655,0
292,220,351078,0,27967,52575,0
292,222,60992,0,27969,60724,0
292,237,607386,0,27979,72302,0
292,312,168950,0,27981,53004,0
292,316,99728,0,27984,32785,0
292,317,55220,0,27985,33026,0
292,324,575438,0,27986,72431,0
155,126,1466114,0,27990,37899,0
292,336,52840,0,27996,36878,0
285,416,985234,0,27999,37986,0
285,195,1764136,0,28002,62462,0
291,49,899270,0,28008,44551,0
291,53,320870,0,28010,56183,0
291,55,119698,0,28011,61796,0
291,61,527822,0,28014,33457,0
291,70,1094840,0,28018,71853,0
291,156,63900,0,28019,41852,0
291,158,124226,0,28021,54353,0
291,159,99728,0,28022,59286,0
291,160,453732,0,28023,59461,0
291,176,173296,0,28029,42073,0
291,178,113774,0,28031,48622,0
291,179,448642,0,28032,51288,0
291,180,862646,0,28033,54624,0
291,181,451996,0,28034,62628,0
291,196,513992,0,28042,72081,0
291,219,336860,0,28043,49654,0
291,220,351078,0,28044,52574,0
291,222,60992,0,28046,60723,0
291,238,607386,0,28056,71461,0
291,312,168950,0,28058,53003,0
291,316,99728,0,28061,32784,0
291,317,55220,0,28062,33025,0
291,325,575438,0,28063,71590,0
154,126,1466114,0,28067,37898,0
291,336,52840,0,28073,36877,0
286,423,998860,0,28076,37997,0
286,196,1764136,0,28079,62456,0
228,25,282020,0,28084,40467,0
228,26,246696,0,28085,44200,0
228,28,319154,0,28087,41216,0
228,29,624138,0,28088,53427,0
228,30,513948,0,28089,41640,0
228,32,1061456,0,28091,61541,0
228,40,558176,0,28096,42349,0
228,41,558176,0,28097,42217,0
228,42,271256,0,28098,68536,0
228,43,271256,0,28099,67227,0
228,46,398770,0,28102,42913,0
228,47,398770,0,28103,42838,0
228,48,345852,0,28104,40765,0
228,49,59660,0,28105,44493,0
228,51,613198,0,28107,50252,0
228,52,75136,0,28108,53661,0
228,53,1176298,0,28109,56129,0
222,135,429442,0,28110,44559,0
228,62,194798,0,28116,37307,0
228,63,952756,0,28117,65680,0
228,64,952756,0,28118,64087,0
228,65,409400,0,28119,44563,0
228,66,409400,0,28120,44562,0
228,69,476464,0,28123,72668,0
228,70,476464,0,28124,71827,0
228,75,22216,0,28127,56143,0
222,136,934680,0,28128,44754,0
228,85,621882,0,28132,65691,0
228,86,621882,0,28133,64098,0
228,87,759942,0,28134,44758,0
228,88,759942,0,28135,44757,0
228,97,107678,0,28143,58852,0
228,105,395638,0,28145,37713,0
228,106,708324,0,28146,51573,0
228,107,708324,0,28147,51431,0
228,110,978370,0,28150,50377,0
228,111,978370,0,28151,50370,0
228,114,437930,0,28154,41442,0
228,115,68454,0,28155,45143,0
228,116,302328,0,28156,53931,0
228,117,12560,0,28157,56554,0
228,119,368392,0,28159,62318,0
228,125,434826,0,28164,34016,0
228,127,154212,0,28166,65985,0
228,128,154212,0,28167,64392,0
228,135,367036,0,28174,45324,0
228,136,350756,0,28175,48158,0
228,148,531134,0,28183,57408,0
228,149,531134,0,28184,57274,0
228,154,14186,0,28189,58003,0
228,155,14186,0,28190,57935,0
222,30,958044,0,28191,40832,0
