94,191,99728,0,50437,63096,0
94,192,99728,0,50438,62992,0
94,195,30638,0,50441,72854,0
94,196,30638,0,50442,72013,0
94,220,297534,0,50443,52476,0
94,231,59302,0,50452,65115,0
94,232,59302,0,50453,63522,0
94,258,108500,0,50461,58260,0
94,259,273210,0,50462,61076,0
94,268,813424,0,50470,68162,0
94,269,813424,0,50471,66853,0
94,312,553746,0,50493,52922,0
94,343,30638,0,50521,72485,0
94,344,30638,0,50522,71644,0
94,352,496176,0,50528,66323,0
94,353,1007244,0,50529,66252,0
94,365,1007244,0,50539,64747,0
94,366,496176,0,50540,64642,0
94,377,39112,0,50550,68922,0
94,378,20358,0,50551,68171,0
94,381,915302,0,50553,68172,0
94,388,39112,0,50559,67613,0
94,390,20358,0,50561,66861,0
94,391,915302,0,50562,66863,0
94,395,73036,0,50565,61089,0
94,404,73036,0,50573,61088,0
94,413,898608,0,50581,61091,0
94,420,898608,0,50588,61090,0
95,42,146992,0,50602,68208,0
95,43,146992,0,50603,66899,0
95,53,53250,0,50610,56070,0
95,63,96484,0,50617,65601,0
95,64,96484,0,50618,64008,0
95,159,3830,0,50627,59212,0
95,170,882318,0,50633,59948,0
95,171,882318,0,50634,59842,0
95,181,407146,0,50644,62519,0
95,191,55220,0,50648,63097,0
95,192,55220,0,50649,62993,0
95,193,1296674,0,50650,61416,0
95,194,1296674,0,50651,61407,0
95,277,246766,0,50657,58277,0
95,278,123888,0,50658,61094,0
95,324,33244,0,50684,72364,0
95,325,33244,0,50685,71523,0
95,343,471930,0,50703,72486,0
95,344,471930,0,50704,71645,0
95,377,27086,0,50731,68923,0
95,388,27086,0,50738,67614,0
96,63,789082,0,50779,65602,0
96,64,789082,0,50780,64009,0
96,69,507036,0,50785,72595,0
96,70,507036,0,50786,71754,0
96,231,789082,0,50809,65116,0
96,232,789082,0,50810,63523,0
96,237,507036,0,50815,72228,0
96,238,507036,0,50816,71387,0
96,378,1781604,0,50922,68265,0
96,379,422396,0,50923,68260,0
96,389,422396,0,50931,66957,0
96,390,1781604,0,50932,66950,0
157,29,322206,0,50968,53368,0
157,42,145930,0,50976,68487,0
157,43,145930,0,50977,67178,0
157,112,1296100,0,50992,52134,0
157,113,1296100,0,50993,52061,0
157,116,335258,0,50995,53873,0
157,117,405078,0,50996,56535,0
157,119,183560,0,50997,62279,0
157,129,100316,0,51005,68774,0
157,130,100316,0,51006,67465,0
111,312,344176,0,51007,52935,0
110,312,344176,0,51008,52934,0
157,212,145930,0,51022,68044,0
157,213,145930,0,51023,66735,0
157,259,60216,0,51029,61108,0
157,268,420084,0,51037,68185,0
157,269,420084,0,51038,66876,0
157,276,405078,0,51045,55893,0
157,287,100316,0,51053,68336,0
157,288,100316,0,51054,67027,0
157,312,818680,0,51061,52939,0
157,324,112880,0,51072,72384,0
157,325,112880,0,51073,71543,0
157,330,677676,0,51075,52955,0
157,343,621882,0,51087,72392,0
157,344,621882,0,51088,71551,0
107,324,792252,0,51100,66617,0
106,325,792252,0,51114,64968,0
157,381,558988,0,51124,69184,0
157,391,558988,0,51134,67927,0
111,324,257618,0,51142,71310,0
110,325,257618,0,51152,70217,0
157,413,36096,0,51154,63424,0
157,417,89958,0,51158,72968,0
157,420,36096,0,51160,63359,0
157,424,89958,0,51164,72127,0
179,69,70434,0,51181,72629,0
179,70,70434,0,51182,71788,0
179,75,107678,0,51185,56317,0
179,116,837494,0,51200,53891,0
111,330,700692,0,51205,53174,0
110,330,700692,0,51206,53173,0
179,133,1466114,0,51209,55432,0
179,134,1466114,0,51210,55360,0
179,200,492260,0,51214,58121,0
179,214,276478,0,51224,70398,0
179,215,276478,0,51225,69361,0
179,220,776842,0,51230,52528,0
179,237,640690,0,51243,72272,0
179,238,640690,0,51244,71431,0
179,277,443814,0,51276,58443,0
179,285,624712,0,51282,65491,0
179,286,624712,0,51283,63898,0
179,330,51010,0,51292,53198,0
179,341,123008,0,51303,70671,0
179,342,123008,0,51304,69634,0
179,343,813956,0,51305,72515,0
179,344,813956,0,51306,71674,0
107,330,1504366,0,51309,53170,0
107,341,886132,0,51316,66492,0
107,342,497944,0,51317,66434,0
106,330,1504366,0,51321,53169,0
106,341,497944,0,51328,64909,0
106,342,886132,0,51329,64831,0
179,379,337982,0,51338,69055,0
179,389,337982,0,51348,67818,0
179,394,541400,0,51352,57828,0
