273,48,246102,0,23973,40807,0
273,51,255270,0,23975,50277,0
273,52,958260,0,23976,53685,0
273,61,351468,0,23981,33441,0
273,62,146832,0,23982,37347,0
273,69,15484,0,23985,72683,0
273,157,131964,0,23987,51042,0
155,179,133642,0,23996,30353,0
273,177,284980,0,23997,45751,0
273,179,531134,0,23999,51273,0
273,180,126804,0,24000,54607,0
273,181,61194,0,24001,62611,0
273,188,882318,0,24006,34451,0
273,195,500990,0,24009,72907,0
273,219,255270,0,24010,49639,0
273,222,146832,0,24012,60707,0
273,227,958260,0,24015,24502,0
273,310,119344,0,24022,33834,0
70,104,134034,0,24023,33761,0
238,104,134034,0,24026,25377,0
273,317,882318,0,24028,33012,0
268,415,288458,0,24029,33869,0
273,326,561498,0,24030,40234,0
273,327,9000,0,24031,43988,0
273,329,531134,0,24033,50092,0
273,335,126804,0,24037,25683,0
273,336,61194,0,24038,36862,0
273,416,156376,0,24047,37851,0
273,417,2124,0,24048,52192,0
272,48,246102,0,24049,40806,0
272,51,255270,0,24051,50276,0
272,52,958260,0,24052,53684,0
272,61,351468,0,24057,33440,0
272,62,146832,0,24058,37346,0
272,70,15484,0,24061,71842,0
272,157,131964,0,24063,51041,0
154,179,133642,0,24072,30352,0
272,177,284980,0,24073,45750,0
272,179,531134,0,24075,51272,0
272,180,126804,0,24076,54606,0
272,181,61194,0,24077,62610,0
272,188,882318,0,24082,34450,0
272,196,500990,0,24085,72066,0
272,219,255270,0,24086,49638,0
272,222,146832,0,24088,60706,0
272,227,958260,0,24091,24501,0
272,310,119344,0,24098,33833,0
69,104,134034,0,24099,33760,0
237,104,134034,0,24102,25376,0
272,317,882318,0,24104,33011,0
269,422,288458,0,24105,33878,0
272,326,561498,0,24106,40233,0
272,327,9000,0,24107,43987,0
272,329,531134,0,24109,50091,0
272,335,126804,0,24113,25682,0
272,336,61194,0,24114,36861,0
272,423,152560,0,24123,37845,0
272,424,2124,0,24124,52119,0
206,25,140586,0,24125,40445,0
206,26,686504,0,24126,44178,0
206,31,118894,0,24127,58640,0
206,32,676722,0,24128,51279,0
206,36,649756,0,24131,25898,0
145,25,930758,0,24132,29636,0
206,38,961904,0,24133,33197,0
206,39,924516,0,24134,37053,0
206,42,163518,0,24137,68520,0
206,43,163518,0,24138,67211,0
206,44,394826,0,24139,70808,0
206,45,394826,0,24140,69771,0
206,46,1214830,0,24141,40527,0
206,47,1214830,0,24142,40526,0
206,48,541244,0,24143,40743,0
206,49,709366,0,24144,44471,0
206,51,174688,0,24145,50233,0
206,52,711612,0,24146,53642,0
206,55,910612,0,24149,61740,0
206,60,624138,0,24152,29886,0
206,61,729824,0,24153,33398,0
206,62,543280,0,24154,37290,0
206,63,168782,0,24155,65661,0
206,64,168782,0,24156,64068,0
206,65,475872,0,24157,46264,0
206,66,475872,0,24158,46145,0
206,67,123810,0,24159,46462,0
206,68,123810,0,24160,46378,0
206,114,195992,0,24163,41423,0
206,115,486480,0,24164,45124,0
206,116,500222,0,24165,53912,0
206,118,302956,0,24167,59050,0
206,119,564862,0,24168,62299,0
206,124,86686,0,24171,30511,0
206,125,457900,0,24172,33998,0
206,126,64934,0,24173,37932,0
206,129,250524,0,24176,68791,0
206,130,250524,0,24177,67482,0
206,131,288802,0,24178,55286,0
206,132,288802,0,24179,55194,0
206,156,1048892,0,24182,41813,0
206,157,322206,0,24183,51017,0
206,160,176184,0,24186,59406,0
145,31,265730,0,24192,30695,0
206,168,325158,0,24194,58759,0
206,169,325158,0,24195,58748,0
206,176,486480,0,24202,42016,0
206,177,76968,0,24203,45711,0
206,178,676570,0,24204,48552,0
206,179,400100,0,24205,51218,0
206,180,704450,0,24206,54552,0
206,181,673054,0,24207,62556,0
102,179,1070792,0,24213,30913,0
206,191,119698,0,24217,63127,0
206,192,119698,0,24218,63023,0
206,193,828908,0,24219,71060,0
206,194,828908,0,24220,70023,0
206,239,681338,0,24240,39522,0
206,248,1429944,0,24246,36095,0
145,27,337276,0,24256,46963,0
145,38,531704,0,24262,29204,0
145,39,667074,0,24263,29424,0
145,44,921426,0,24268,70548,0
145,45,921426,0,24269,69511,0
145,46,604418,0,24270,29701,0
145,47,604418,0,24271,29700,0
206,310,142496,0,24272,39944,0
206,316,30708,0,24278,32712,0
206,320,147678,0,24282,35006,0
206,321,146832,0,24283,34898,0
