268,153,1910782,0,31501,51747,0
304,114,293780,0,31503,41479,0
304,116,418406,0,31505,53971,0
304,118,356788,0,31507,59088,0
304,125,708324,0,31512,34053,0
304,127,499428,0,31513,66016,0
304,128,164996,0,31514,64423,0
304,130,740764,0,31515,67527,0
304,131,1431172,0,31516,55038,0
304,134,659524,0,31518,54237,0
42,139,1236186,0,31521,35612,0
42,151,2088336,0,31530,57498,0
108,146,350928,0,31540,32319,0
304,275,9714,0,31547,43555,0
304,277,356788,0,31549,58512,0
304,283,708324,0,31553,32556,0
304,285,588604,0,31555,65548,0
304,286,75820,0,31556,63955,0
304,288,675010,0,31557,67099,0
304,390,589066,0,31569,67699,0
304,391,2238356,0,31570,57579,0
304,392,2052806,0,31571,57578,0
304,393,1275214,0,31572,42521,0
304,395,249866,0,31574,63067,0
304,399,1008230,0,31576,67852,0
304,408,301914,0,31583,67779,0
304,411,48628,0,31586,45425,0
304,413,603260,0,31588,57185,0
196,151,923524,0,31590,38176,0
304,417,1504812,0,31591,57605,0
174,151,2314208,0,31595,34286,0
304,424,2601102,0,31597,57599,0
406,26,460054,0,31599,44359,0
406,30,35728,0,31602,41763,0
406,31,729292,0,31603,58796,0
406,32,245420,0,31604,61652,0
406,42,569498,0,31609,68615,0
406,44,647568,0,31611,70900,0
406,135,183198,0,31613,45448,0
406,136,165138,0,31614,48303,0
406,140,837536,0,31617,57204,0
406,147,837536,0,31621,38196,0
406,152,1534170,0,31622,70989,0
309,394,959904,0,31623,57863,0
308,394,1059072,0,31624,57862,0
406,177,601792,0,31626,45842,0
406,179,61928,0,31628,51362,0
406,180,282432,0,31629,54700,0
406,193,556176,0,31635,71127,0
307,420,977336,0,31637,57207,0
406,199,824860,0,31639,52420,0
406,200,729292,0,31640,58243,0
406,209,245420,0,31647,35670,0
406,214,534556,0,31650,70478,0
406,329,61928,0,31655,50161,0
307,416,2218860,0,31663,38199,0
308,399,248384,0,31672,71205,0
309,172,581202,0,31674,60180,0
309,400,431306,0,31678,71003,0
174,152,144738,0,31682,35216,0
194,155,1194056,0,31683,38991,0
397,26,460054,0,31686,44352,0
397,30,35728,0,31689,41757,0
397,31,729292,0,31690,58789,0
397,32,245420,0,31691,61645,0
397,43,569498,0,31697,67301,0
397,45,647568,0,31698,69863,0
397,135,183198,0,31700,45440,0
397,136,165138,0,31701,48295,0
397,140,837536,0,31704,57197,0
397,147,837536,0,31708,38189,0
397,153,1534170,0,31709,69952,0
309,403,1059072,0,31710,57776,0
308,403,959904,0,31711,57775,0
397,177,601792,0,31713,45834,0
397,179,61928,0,31715,51354,0
397,180,282432,0,31716,54692,0
397,194,536346,0,31722,70090,0
306,413,977336,0,31723,57201,0
397,199,824860,0,31726,52413,0
397,200,729292,0,31727,58236,0
397,209,245420,0,31734,35663,0
397,215,534556,0,31737,69441,0
397,329,61928,0,31742,50153,0
306,423,2209584,0,31751,38191,0
309,408,248384,0,31758,70169,0
175,153,144738,0,31763,35125,0
193,154,1189062,0,31764,38911,0
308,173,581202,0,31767,60093,0
308,410,431306,0,31771,69961,0
309,49,395826,0,31773,44567,0
309,51,440720,0,31774,50291,0
309,52,469328,0,31775,53717,0
309,53,14186,0,31776,56199,0
309,63,461472,0,31783,65732,0
309,64,466432,0,31784,64139,0
309,69,166348,0,31785,72702,0
196,31,1102312,0,31786,41712,0
309,157,127034,0,31787,50876,0
309,159,780118,0,31789,56981,0
175,53,75204,0,31795,34192,0
309,180,88164,0,31797,54205,0
309,181,248618,0,31798,57156,0
309,193,1948166,0,31804,57895,0
309,195,2453360,0,31806,58025,0
309,219,440720,0,31807,49670,0
309,221,14186,0,31809,55639,0
309,231,919320,0,31817,65212,0
309,232,8584,0,31818,63619,0
309,237,352118,0,31819,72311,0
175,154,12220,0,31826,57986,0
196,30,100686,0,31827,40262,0
196,147,248618,0,31835,36893,0
196,153,1147492,0,31837,57805,0
196,154,717586,0,31838,57995,0
309,415,580760,0,31843,34324,0
309,416,1034476,0,31844,38211,0
308,49,395826,0,31847,44566,0
308,51,440720,0,31848,50290,0
308,52,469328,0,31849,53716,0
308,53,14186,0,31850,56198,0
308,63,466432,0,31857,65731,0
308,64,461472,0,31858,64138,0
308,70,166348,0,31859,71861,0
195,31,1102312,0,31860,41711,0
308,157,127034,0,31861,50875,0
308,159,780118,0,31863,56980,0
174,53,75204,0,31869,34191,0
