187,55,354996,0,28194,45386,0
222,148,133642,0,28199,57402,0
222,149,133642,0,28200,57268,0
82,55,337276,0,28209,60936,0
228,259,172120,0,28225,61148,0
228,264,242646,0,28228,32271,0
228,274,437204,0,28238,39773,0
228,275,880344,0,28239,43536,0
228,276,835980,0,28240,55949,0
228,278,298476,0,28242,61350,0
228,284,230400,0,28247,36546,0
228,285,556912,0,28248,65526,0
228,286,556912,0,28249,63933,0
228,327,326052,0,28257,43947,0
166,84,1566044,0,28258,32988,0
228,329,434826,0,28259,50056,0
228,330,694528,0,28260,53241,0
228,336,158360,0,28264,36821,0
228,337,337196,0,28265,38552,0
228,338,337196,0,28266,38419,0
228,339,480200,0,28267,37374,0
228,340,480200,0,28268,37373,0
228,343,484180,0,28271,72547,0
228,344,484180,0,28272,71706,0
228,347,77126,0,28275,54875,0
228,351,30712,0,28278,66143,0
228,360,77126,0,28286,54756,0
228,364,30712,0,28289,64550,0
228,372,664760,0,28296,50287,0
228,373,424834,0,28297,53713,0
228,378,406728,0,28301,46319,0
228,379,79126,0,28302,46313,0
228,380,622020,0,28303,69251,0
228,381,762056,0,28304,69206,0
228,383,664760,0,28306,50286,0
228,384,424834,0,28307,53712,0
228,389,85380,0,28311,46201,0
228,390,400474,0,28312,46193,0
228,391,742730,0,28313,67949,0
228,392,641346,0,28314,67890,0
228,393,905134,0,28315,40929,0
228,395,233162,0,28317,61869,0
228,398,203414,0,28319,37433,0
228,401,263792,0,28321,71267,0
228,402,905134,0,28322,40921,0
228,404,233162,0,28324,61861,0
228,407,203414,0,28326,37425,0
228,409,263792,0,28328,70286,0
228,411,182744,0,28329,46598,0
228,412,541400,0,28330,60315,0
228,413,38674,0,28331,63440,0
228,415,61928,0,28332,35363,0
228,416,87918,0,28333,39121,0
228,418,182744,0,28335,46533,0
228,419,541400,0,28336,60246,0
228,420,38674,0,28337,63375,0
228,422,61928,0,28338,35294,0
228,423,87918,0,28339,39056,0
246,25,335258,0,28341,40485,0
246,26,183560,0,28342,44218,0
246,27,350756,0,28343,47404,0
246,30,629004,0,28345,41656,0
246,31,405078,0,28346,58673,0
246,32,465868,0,28347,61556,0
246,38,636446,0,28348,33235,0
246,39,397384,0,28349,37090,0
246,44,100316,0,28354,70836,0
246,45,100316,0,28355,69799,0
246,46,344176,0,28356,41075,0
246,47,344176,0,28357,41074,0
246,71,818680,0,28358,41019,0
246,72,692820,0,28359,47605,0
246,75,371570,0,28361,56353,0
246,77,593674,0,28363,61924,0
246,84,593674,0,28368,37522,0
246,85,112880,0,28369,65827,0
246,86,112880,0,28370,64234,0
246,89,399484,0,28373,47731,0
246,90,399484,0,28374,47722,0
246,91,531152,0,28375,47647,0
246,92,531152,0,28376,47646,0
246,115,896534,0,28378,44738,0
60,158,1223834,0,28381,48387,0
246,126,211032,0,28385,37551,0
246,127,202978,0,28386,65839,0
246,128,202978,0,28387,64246,0
246,131,434772,0,28390,48086,0
246,132,434772,0,28391,48078,0
246,133,483672,0,28392,48019,0
246,134,483672,0,28393,48018,0
246,135,60216,0,28394,45340,0
246,136,613926,0,28395,48174,0
246,137,690098,0,28396,54134,0
246,138,209664,0,28397,56768,0
246,139,389920,0,28398,56385,0
246,148,131964,0,28407,57420,0
246,149,131964,0,28408,57286,0
246,150,81992,0,28409,56390,0
246,151,81992,0,28410,56389,0
246,152,420084,0,28411,70951,0
246,153,420084,0,28412,69914,0
246,154,2109748,0,28413,56394,0
246,155,2109748,0,28414,56393,0
246,156,1518794,0,28415,41066,0
246,157,765158,0,28416,47817,0
187,50,774524,0,28424,37567,0
246,170,1133266,0,28427,48226,0
246,171,1132322,0,28428,48225,0
166,178,120554,0,28434,33651,0
246,179,242646,0,28436,51250,0
246,180,95248,0,28437,54584,0
60,178,1566044,0,28444,34428,0
246,189,119006,0,28445,62910,0
246,190,119006,0,28446,62782,0
246,191,472856,0,28447,61971,0
246,192,472856,0,28448,61970,0
246,193,145930,0,28449,71081,0
246,194,145930,0,28450,70044,0
246,198,350756,0,28454,46730,0
246,200,405078,0,28455,58137,0
246,201,397384,0,28456,60446,0
246,208,636446,0,28461,32029,0
246,209,465868,0,28462,35544,0
246,214,100316,0,28467,70411,0
246,215,100316,0,28468,69374,0
60,71,489002,0,28471,39260,0
60,75,22216,0,28473,55586,0
60,84,1154326,0,28479,35841,0
