124,327,585390,0,30573,43893,0
124,328,33674,0,30574,47156,0
29,209,676722,0,30575,35391,0
124,337,941264,0,30583,38537,0
124,338,941264,0,30584,38404,0
124,339,113774,0,30585,38776,0
124,340,113774,0,30586,38667,0
124,343,1075184,0,30589,72505,0
124,344,1075184,0,30590,71664,0
124,345,351070,0,30591,45999,0
124,351,114494,0,30596,66126,0
124,353,633014,0,30598,66269,0
124,358,351070,0,30602,45881,0
124,364,114494,0,30607,64533,0
124,365,633014,0,30608,64764,0
124,371,295528,0,30613,42557,0
124,380,571474,0,30620,68411,0
124,381,1322098,0,30621,68410,0
124,382,295528,0,30622,42449,0
124,391,1322098,0,30629,67102,0
124,392,571474,0,30630,67101,0
124,393,38338,0,30631,39867,0
124,398,1044768,0,30635,36662,0
124,402,38338,0,30639,39859,0
124,407,1044768,0,30643,36654,0
124,412,929866,0,30648,58517,0
124,415,978370,0,30651,32561,0
124,419,929866,0,30655,58516,0
124,422,978370,0,30658,32560,0
166,94,1331220,0,30661,50416,0
166,95,185530,0,30662,41669,0
166,106,276480,0,30665,49862,0
166,107,276480,0,30666,49861,0
166,116,280092,0,30674,53878,0
166,127,507036,0,30681,65958,0
166,128,507036,0,30682,64365,0
166,129,789082,0,30683,68778,0
166,130,789082,0,30684,67469,0
166,131,443610,0,30685,53093,0
166,132,443610,0,30686,53084,0
31,137,1168552,0,30690,50834,0
97,146,1675048,0,30711,32218,0
97,150,350928,0,30715,57622,0
97,151,350928,0,30716,57505,0
166,285,507036,0,30728,65482,0
166,286,507036,0,30729,63889,0
166,287,789082,0,30730,68342,0
166,288,789082,0,30731,67033,0
159,148,3458408,0,30743,32794,0
159,149,3458408,0,30744,32793,0
160,137,1385020,0,30752,52962,0
166,346,393056,0,30767,33653,0
166,347,300718,0,30768,53013,0
166,351,22810,0,30772,34271,0
166,354,2292,0,30775,34834,0
166,357,485428,0,30777,57478,0
166,359,393056,0,30779,33652,0
166,360,300718,0,30780,53012,0
166,364,22810,0,30784,34259,0
166,368,2292,0,30787,34680,0
166,369,485428,0,30788,57350,0
166,378,1387244,0,30797,35056,0
166,381,1872204,0,30799,57712,0
166,390,1384976,0,30808,34941,0
166,391,1892214,0,30809,57601,0
166,395,323070,0,30812,34542,0
166,398,323070,0,30814,33095,0
166,400,2051864,0,30816,71000,0
166,401,152136,0,30817,70994,0
166,404,323070,0,30820,34534,0
166,407,323070,0,30822,33087,0
166,409,152136,0,30824,69962,0
166,410,2051864,0,30825,69958,0
166,413,797744,0,30827,57216,0
166,416,797744,0,30830,38207,0
166,420,797744,0,30833,57210,0
166,423,797744,0,30836,38201,0
187,25,650074,0,30838,40426,0
187,26,60450,0,30839,44160,0
187,29,667074,0,30841,53392,0
187,46,698048,0,30854,41775,0
187,47,698048,0,30855,41769,0
187,48,466774,0,30856,40725,0
187,49,13842,0,30857,44453,0
187,51,295040,0,30858,50218,0
187,52,135444,0,30859,53626,0
187,62,222422,0,30865,37273,0
187,63,489842,0,30866,65648,0
187,64,489842,0,30867,64055,0
187,65,639196,0,30868,44012,0
187,66,639196,0,30869,44011,0
187,67,496984,0,30870,46451,0
187,68,496984,0,30871,46367,0
187,85,221060,0,30883,65804,0
187,86,221060,0,30884,64211,0
187,87,483672,0,30885,47239,0
187,88,483672,0,30886,47238,0
187,91,117026,0,30889,48317,0
187,92,117026,0,30890,48310,0
187,129,1073500,0,30900,53335,0
187,130,1073500,0,30901,53327,0
30,328,1525644,0,30907,46715,0
30,330,461604,0,30908,50642,0
54,154,289820,0,30938,57969,0
54,155,289820,0,30939,57901,0
98,135,240852,0,30955,43276,0
98,146,259826,0,30959,32238,0
98,150,221358,0,30963,57623,0
98,151,221358,0,30964,57506,0
187,275,498160,0,30970,43500,0
187,276,659024,0,30971,55915,0
187,283,370912,0,30977,32508,0
181,30,974508,0,30987,40156,0
181,135,764232,0,30988,43911,0
181,147,864332,0,30997,36784,0
181,152,707830,0,31002,70679,0
181,153,707830,0,31003,69642,0
187,346,434772,0,31007,47237,0
187,351,438704,0,31012,38163,0
187,354,1655650,0,31015,66497,0
187,359,434772,0,31018,47236,0
187,364,438704,0,31023,38153,0
187,368,1655650,0,31026,64836,0
187,371,155908,0,31028,40258,0
187,380,62946,0,31036,57718,0
187,381,208326,0,31037,57713,0
187,382,155908,0,31038,40257,0
187,391,194922,0,31046,57602,0
