142,402,390720,0,14442,42650,0
142,404,196856,0,14443,63206,0
142,406,183198,0,14445,31619,0
142,411,780330,0,14450,43845,0
142,413,779504,0,14452,31070,0
142,418,780330,0,14456,43839,0
142,420,779504,0,14458,31064,0
162,26,76272,0,14463,44139,0
162,28,1190600,0,14465,41199,0
162,34,223446,0,14468,17754,0
162,35,275772,0,14469,21832,0
162,36,323068,0,14470,25858,0
162,38,379084,0,14471,33159,0
162,40,211520,0,14472,40035,0
162,41,211520,0,14473,40023,0
162,44,950876,0,14476,70779,0
162,45,950876,0,14477,69742,0
162,46,378672,0,14478,42888,0
162,47,378672,0,14479,42813,0
162,94,420726,0,14480,50415,0
162,102,266454,0,14483,26529,0
162,112,351468,0,14490,52139,0
162,113,351468,0,14491,52066,0
81,322,355170,0,14505,17293,0
81,323,355170,0,14506,17292,0
81,324,256292,0,14507,20066,0
81,325,256292,0,14508,19986,0
162,199,271936,0,14510,52271,0
162,257,60596,0,14526,43254,0
97,50,774524,0,14530,20740,0
162,265,497046,0,14532,36261,0
162,266,117026,0,14533,21437,0
162,267,117026,0,14534,21424,0
162,268,221060,0,14535,68190,0
162,269,221060,0,14536,66881,0
162,270,483672,0,14537,21339,0
162,271,483672,0,14538,21338,0
162,274,252656,0,14541,39715,0
162,282,213318,0,14546,28698,0
159,81,668546,0,14547,25285,0
162,284,252240,0,14548,36484,0
162,287,174650,0,14551,68341,0
162,288,174650,0,14552,67032,0
162,289,328190,0,14553,25347,0
162,290,328190,0,14554,25346,0
162,291,691408,0,14555,28025,0
162,292,691408,0,14556,27948,0
159,67,422742,0,14568,32735,0
159,68,422742,0,14569,32734,0
162,329,583178,0,14572,49828,0
162,330,19390,0,14573,52959,0
162,336,793552,0,14578,32934,0
162,341,203176,0,14583,35188,0
162,342,203176,0,14584,35096,0
162,345,1519920,0,14587,33502,0
162,347,298374,0,14589,53052,0
162,349,797744,0,14590,17341,0
162,351,266552,0,14592,34795,0
162,354,382452,0,14594,34761,0
162,356,527024,0,14596,35366,0
162,357,297454,0,14597,66565,0
162,358,1519920,0,14598,33491,0
162,360,298374,0,14600,53039,0
162,362,797744,0,14601,17330,0
162,364,266552,0,14603,34649,0
162,368,382452,0,14606,34614,0
162,369,297454,0,14607,65028,0
162,370,527024,0,14608,35296,0
162,371,2199974,0,14609,39964,0
162,375,434772,0,14613,21337,0
162,377,858016,0,14615,33525,0
162,382,2199974,0,14619,39963,0
162,386,434772,0,14623,21336,0
162,388,848444,0,14625,33516,0
162,398,1168436,0,14634,32978,0
162,399,432038,0,14635,33541,0
162,407,1168436,0,14642,32977,0
162,408,432038,0,14643,33534,0
162,411,71094,0,14645,46572,0
162,413,8208,0,14646,63428,0
162,415,837536,0,14647,35338,0
162,418,71094,0,14650,46507,0
162,420,8208,0,14651,63363,0
162,422,837536,0,14652,35269,0
183,25,544792,0,14655,40422,0
183,26,513318,0,14656,44156,0
183,27,437204,0,14657,47351,0
183,34,67860,0,14659,17771,0
183,35,252656,0,14660,21849,0
183,36,76968,0,14661,25875,0
183,38,759240,0,14662,33175,0
183,39,486480,0,14663,37034,0
183,44,535706,0,14668,70791,0
183,45,535706,0,14669,69754,0
183,48,755994,0,14672,40721,0
183,49,628484,0,14673,44449,0
183,51,98760,0,14674,50214,0
183,52,365026,0,14675,53623,0
183,57,330052,0,14677,18068,0
183,58,43904,0,14678,22081,0
183,59,486480,0,14679,26167,0
183,60,326052,0,14680,29865,0
183,62,195992,0,14681,37269,0
183,63,147234,0,14682,65644,0
183,64,147234,0,14683,64051,0
183,67,343666,0,14686,46448,0
183,68,343666,0,14687,46364,0
183,69,459120,0,14688,72633,0
183,70,459120,0,14689,71792,0
163,326,931272,0,14690,33280,0
160,125,28602,0,14693,33963,0
163,147,120554,0,14694,33030,0
163,334,566402,0,14697,21295,0
163,335,96324,0,14698,25303,0
163,341,1237032,0,14704,35189,0
163,342,1237032,0,14705,35097,0
183,94,266134,0,14709,50431,0
183,95,48776,0,14710,50645,0
183,97,397384,0,14711,58834,0
183,102,913420,0,14715,26544,0
183,105,334264,0,14716,37695,0
183,106,403084,0,14717,50121,0
183,107,403084,0,14718,50110,0
183,110,469328,0,14721,51986,0
183,111,469328,0,14722,51895,0
183,112,284980,0,14723,52148,0
183,113,284980,0,14724,52075,0
183,114,120730,0,14725,41406,0
