202,237,24220,0,6134,13562,0
202,238,24220,0,6135,13555,0
202,239,237106,0,6136,39520,0
78,137,106654,0,6137,53962,0
202,241,504154,0,6138,60914,0
202,243,504834,0,6140,16120,0
78,28,52954,0,6142,16680,0
202,246,335258,0,6143,28457,0
202,247,280092,0,6144,17237,0
202,248,22422,0,6145,36092,0
202,249,469498,0,6146,65330,0
202,250,469498,0,6147,63737,0
202,251,395826,0,6148,19690,0
202,252,395826,0,6149,19565,0
202,253,61194,0,6150,19911,0
202,254,61194,0,6151,19811,0
202,255,532302,0,6152,17805,0
202,256,532302,0,6153,17804,0
99,26,344498,0,6154,43288,0
99,31,307956,0,6155,58292,0
99,32,119096,0,6156,61128,0
99,33,241210,0,6157,12036,0
78,27,718060,0,6159,20779,0
99,39,1875780,0,6162,21035,0
202,274,628484,0,6171,39751,0
202,275,581006,0,6172,43513,0
202,276,3494,0,6173,55930,0
202,277,178356,0,6174,58462,0
202,278,460746,0,6175,61328,0
120,94,1552328,0,6176,7404,0
202,280,298780,0,6177,12319,0
202,281,467876,0,6178,24747,0
202,283,208386,0,6180,32522,0
202,284,350984,0,6181,36520,0
202,289,474316,0,6186,27876,0
202,290,474316,0,6187,27779,0
202,291,831148,0,6188,25909,0
202,292,831148,0,6189,25908,0
141,26,108258,0,6190,43698,0
141,33,321802,0,6193,12608,0
141,38,353070,0,6197,29200,0
141,39,650074,0,6198,29420,0
141,44,115988,0,6203,70545,0
141,45,115988,0,6204,69508,0
161,105,106654,0,6208,36848,0
202,315,378522,0,6212,25320,0
202,316,156754,0,6213,32708,0
202,317,248146,0,6214,32951,0
202,318,261840,0,6215,33201,0
202,319,261840,0,6216,33200,0
202,322,418406,0,6219,35199,0
202,323,418406,0,6220,35107,0
202,324,507882,0,6221,72405,0
202,325,507882,0,6222,71564,0
202,326,592270,0,6223,40170,0
202,327,544792,0,6224,43924,0
202,328,492036,0,6225,47187,0
202,330,372774,0,6227,53220,0
138,39,1552328,0,6228,8255,0
202,332,262566,0,6229,13140,0
202,333,462006,0,6230,17518,0
202,334,287144,0,6231,21616,0
202,335,273508,0,6232,25619,0
202,336,467876,0,6233,36798,0
202,337,633480,0,6234,37057,0
202,338,633480,0,6235,37056,0
202,339,544306,0,6236,38786,0
202,340,544306,0,6237,38677,0
202,341,50280,0,6238,70686,0
202,342,50280,0,6239,69649,0
202,345,529254,0,6242,44183,0
202,348,54074,0,6245,13412,0
202,356,434192,0,6252,40598,0
202,357,1845448,0,6253,40597,0
202,358,529254,0,6254,44182,0
202,361,54074,0,6257,13411,0
202,369,1845448,0,6264,40586,0
202,370,434192,0,6265,40585,0
202,371,275146,0,6266,42569,0
202,373,122898,0,6268,55086,0
202,376,241414,0,6270,27685,0
202,378,215990,0,6272,69127,0
202,380,263354,0,6274,68526,0
202,381,154466,0,6275,68525,0
202,382,275146,0,6276,42461,0
202,384,122898,0,6278,54987,0
202,387,241414,0,6280,27586,0
202,390,215990,0,6283,67746,0
202,391,154466,0,6284,67217,0
202,392,263354,0,6285,67216,0
202,393,55468,0,6286,42748,0
202,395,283238,0,6288,63294,0
202,398,101322,0,6290,38973,0
202,402,55468,0,6293,42673,0
202,404,283238,0,6295,63215,0
202,407,101322,0,6297,38892,0
202,411,11682,0,6300,44189,0
202,417,410358,0,6306,40646,0
202,418,11682,0,6307,44188,0
202,424,410358,0,6313,40639,0
223,25,277026,0,6314,40462,0
223,26,658708,0,6315,44195,0
223,27,246696,0,6316,47385,0
223,28,111600,0,6317,41213,0
223,29,541244,0,6318,53423,0
223,30,237198,0,6319,41635,0
223,31,502334,0,6320,58654,0
223,32,661104,0,6321,61536,0
223,34,401400,0,6322,17811,0
223,35,76272,0,6323,21888,0
223,36,941366,0,6324,25915,0
223,37,28102,0,6325,29652,0
223,38,132014,0,6326,33213,0
223,39,417430,0,6327,37069,0
223,40,862646,0,6328,42344,0
223,41,862646,0,6329,42212,0
223,42,387804,0,6330,68531,0
223,43,387804,0,6331,67222,0
223,44,537648,0,6332,70819,0
223,45,537648,0,6333,69782,0
223,46,1160540,0,6334,42909,0
223,47,1160540,0,6335,42834,0
223,48,164192,0,6336,40760,0
223,49,211358,0,6337,44488,0
223,50,607960,0,6338,44506,0
223,51,460534,0,6339,50249,0
223,52,566644,0,6340,53658,0
223,53,716172,0,6341,56124,0
