281,230,117462,0,24769,35874,0
281,231,148946,0,24770,65195,0
281,232,148946,0,24771,63602,0
81,117,239910,0,24778,55758,0
81,119,575444,0,24779,60961,0
81,127,707830,0,24783,65354,0
81,128,707830,0,24784,63761,0
102,118,246766,0,24791,58306,0
102,119,377014,0,24792,61174,0
102,126,123888,0,24795,36325,0
281,293,380370,0,24804,43750,0
145,71,106654,0,24805,40479,0
281,295,61430,0,24806,52788,0
281,299,156754,0,24809,29008,0
281,304,418406,0,24814,31552,0
281,305,418406,0,24815,31428,0
281,306,507882,0,24816,70569,0
281,307,507882,0,24817,69532,0
281,308,282474,0,24818,30556,0
281,309,282474,0,24819,30555,0
281,310,453188,0,24820,39991,0
165,93,106654,0,24821,44520,0
281,316,504834,0,24825,32775,0
281,317,407146,0,24826,33018,0
281,318,395826,0,24827,34783,0
281,319,395826,0,24828,34637,0
281,320,61194,0,24829,35028,0
281,321,61194,0,24830,34920,0
281,322,388766,0,24831,34041,0
281,323,388766,0,24832,34040,0
281,324,469498,0,24833,72426,0
281,325,469498,0,24834,71585,0
281,326,292752,0,24835,40239,0
281,327,117514,0,24836,43993,0
165,126,50476,0,24837,37904,0
145,126,837494,0,24838,37891,0
186,126,342996,0,24839,36867,0
281,335,857722,0,24844,25690,0
281,336,1108878,0,24845,36870,0
281,339,52840,0,24848,38812,0
281,340,52840,0,24849,38703,0
281,341,24220,0,24850,38002,0
281,342,24220,0,24851,38011,0
281,345,91198,0,24854,46041,0
281,347,275146,0,24856,54900,0
281,353,215990,0,24861,66289,0
281,354,429666,0,24862,66006,0
281,356,218740,0,24864,66007,0
281,358,91198,0,24865,45923,0
281,360,275146,0,24867,54781,0
281,365,215990,0,24871,64784,0
281,368,429666,0,24874,64412,0
281,370,218740,0,24875,64414,0
281,371,251538,0,24876,42598,0
281,373,55468,0,24878,55114,0
281,380,1129666,0,24883,68827,0
281,382,251538,0,24885,42490,0
281,384,55468,0,24887,55015,0
281,392,1129666,0,24893,67517,0
281,395,11682,0,24896,62344,0
281,400,2358942,0,24901,54068,0
281,404,11682,0,24905,62343,0
281,410,2358942,0,24911,54058,0
281,413,529254,0,24914,62346,0
281,416,54074,0,24917,37975,0
281,420,529254,0,24921,62345,0
281,423,54074,0,24924,37974,0
298,48,311248,0,24926,40830,0
298,49,71540,0,24927,44557,0
298,53,125278,0,24931,56189,0
298,59,94076,0,24935,26274,0
298,62,601392,0,24936,37369,0
298,63,234264,0,24937,65726,0
298,64,234264,0,24938,64133,0
298,67,236318,0,24941,46473,0
298,68,236318,0,24942,46389,0
298,69,375720,0,24943,72698,0
298,70,375720,0,24944,71857,0
298,75,690098,0,24948,56383,0
165,136,1549234,0,24955,33649,0
298,84,625554,0,24956,37565,0
298,85,362438,0,24957,65849,0
298,86,362438,0,24958,64256,0
298,87,196110,0,24959,48286,0
298,88,196110,0,24960,48275,0
292,136,472856,0,24963,48200,0
291,136,472856,0,24964,48199,0
298,114,132958,0,24965,41473,0
298,115,950662,0,24966,45174,0
298,116,61430,0,24967,53965,0
298,117,681986,0,24968,56586,0
298,127,1194072,0,24974,66011,0
298,128,1194072,0,24975,64418,0
298,131,338936,0,24978,55297,0
298,132,338936,0,24979,55205,0
292,137,768492,0,24980,54160,0
291,137,768492,0,24981,54159,0
298,135,251174,0,24982,45370,0
298,136,593674,0,24983,48206,0
298,139,65016,0,24986,56815,0
105,265,1442332,0,24991,26749,0
298,148,1283724,0,24994,56842,0
298,149,1283724,0,24995,56830,0
298,150,436018,0,24996,56863,0
298,151,436018,0,24997,56853,0
298,152,861710,0,24998,70973,0
298,153,861710,0,24999,69936,0
186,31,11256,0,25002,41703,0
298,158,1217138,0,25004,54181,0
298,168,2094752,0,25012,56997,0
298,169,2094752,0,25013,56986,0
298,170,2611634,0,25014,57017,0
298,171,2611634,0,25015,57008,0
298,180,533098,0,25021,54196,0
298,181,75742,0,25022,57147,0
105,284,1231266,0,25027,26779,0
165,140,3250228,0,25028,34243,0
298,189,1734350,0,25029,57171,0
298,190,1734350,0,25030,57161,0
298,193,794748,0,25033,70982,0
298,194,794748,0,25034,69945,0
298,195,351598,0,25035,58021,0
298,196,351598,0,25036,57953,0
36,139,865168,0,25039,35608,0
36,147,305944,0,25045,35593,0
36,152,633272,0,25050,70435,0
36,153,633272,0,25051,69398,0
298,219,1055616,0,25055,49659,0
