165,116,345840,0,26892,53877,0
165,117,79348,0,26893,56537,0
165,119,103478,0,26894,62282,0
165,124,191898,0,26898,30479,0
165,125,498426,0,26899,33965,0
165,129,917734,0,26902,68777,0
165,130,917734,0,26903,67468,0
165,131,174884,0,26904,53002,0
165,132,174884,0,26905,53001,0
165,133,124226,0,26906,55426,0
165,134,124226,0,26907,55354,0
165,208,329894,0,26914,32013,0
165,209,424958,0,26915,35494,0
165,214,445060,0,26920,70391,0
165,215,445060,0,26921,69354,0
165,259,1138968,0,26925,61114,0
165,264,60216,0,26928,32217,0
165,265,1602680,0,26929,36263,0
165,310,27642,0,26938,39926,0
165,311,327598,0,26939,49813,0
165,312,902962,0,26940,52944,0
165,316,273210,0,26944,32692,0
165,318,73036,0,26945,32836,0
165,319,73036,0,26946,32823,0
165,320,900214,0,26947,32859,0
165,321,898608,0,26948,32849,0
165,324,483150,0,26951,72390,0
165,325,483150,0,26952,71549,0
165,329,27140,0,26953,49830,0
165,330,1362842,0,26954,52961,0
165,336,123888,0,26959,32937,0
165,347,780330,0,26970,53054,0
165,354,869948,0,26977,34790,0
165,360,780330,0,26983,53041,0
165,368,869948,0,26991,34643,0
165,371,301686,0,26994,40059,0
165,373,107978,0,26996,53076,0
165,377,1750334,0,27000,35041,0
165,381,419534,0,27002,69190,0
165,382,301686,0,27003,40049,0
165,384,107978,0,27005,53067,0
165,388,1765290,0,27009,34933,0
165,391,419534,0,27011,67933,0
165,393,460850,0,27012,39999,0
165,394,443610,0,27013,34220,0
165,395,232680,0,27014,34467,0
165,399,431570,0,27018,34133,0
165,401,600482,0,27020,71243,0
165,402,460850,0,27021,39998,0
165,403,443610,0,27022,34219,0
165,404,232680,0,27023,34466,0
165,408,431570,0,27027,34124,0
165,409,600482,0,27028,70262,0
165,413,443616,0,27031,63429,0
165,415,183198,0,27033,35339,0
165,416,705208,0,27034,39097,0
165,420,443616,0,27037,63364,0
165,422,183198,0,27039,35270,0
165,423,705208,0,27040,39032,0
186,25,372774,0,27042,40425,0
186,26,360794,0,27043,44159,0
186,27,298476,0,27044,47354,0
186,29,453418,0,27045,53391,0
186,38,331842,0,27050,33178,0
186,39,415264,0,27051,37037,0
186,40,422706,0,27052,40293,0
186,41,422706,0,27053,40282,0
186,42,63248,0,27054,68506,0
186,43,63248,0,27055,67197,0
186,44,406012,0,27056,70794,0
186,45,406012,0,27057,69757,0
186,46,546492,0,27058,40240,0
186,47,546492,0,27059,40241,0
186,48,486774,0,27060,40724,0
186,49,460746,0,27061,44452,0
186,51,661162,0,27062,50217,0
186,52,230850,0,27063,53625,0
186,60,694528,0,27068,29868,0
186,62,192696,0,27069,37272,0
186,67,537256,0,27074,43996,0
186,68,537256,0,27075,43997,0
186,69,211932,0,27076,72636,0
186,70,211932,0,27077,71795,0
186,75,198180,0,27082,38107,0
186,84,687460,0,27087,36866,0
186,87,839188,0,27090,38809,0
186,88,839188,0,27091,38700,0
168,126,978292,0,27094,37905,0
169,126,978292,0,27095,37906,0
186,105,187226,0,27104,36865,0
186,106,1504366,0,27105,38572,0
186,107,1504366,0,27106,38439,0
150,126,700692,0,27109,37894,0
151,126,700692,0,27110,37895,0
181,126,342996,0,27115,37917,0
186,127,1129942,0,27118,37925,0
186,128,1129942,0,27119,37924,0
186,129,1129942,0,27120,37923,0
186,130,1129942,0,27121,37922,0
186,131,1129942,0,27122,37920,0
186,132,1129942,0,27123,37921,0
186,133,1129942,0,27124,37918,0
186,134,1129942,0,27125,37919,0
186,197,36974,0,27126,43024,0
186,199,313688,0,27128,52291,0
186,209,275534,0,27134,35511,0
186,214,70868,0,27139,70404,0
186,215,70868,0,27140,69367,0
186,218,36974,0,27143,39245,0
186,219,6062,0,27144,49615,0
186,220,103088,0,27145,52534,0
186,221,90166,0,27146,55573,0
186,230,64934,0,27151,35810,0
186,248,837494,0,27165,36080,0
186,265,50476,0,27178,36281,0
186,274,380724,0,27187,39736,0
186,275,892908,0,27188,43499,0
186,277,197040,0,27190,38277,0
186,284,857722,0,27196,36504,0
186,326,152942,0,27205,40155,0
186,327,545266,0,27206,43910,0
186,328,274822,0,27207,47173,0
186,329,51010,0,27208,50037,0
186,339,54074,0,27218,36947,0
186,340,54074,0,27219,36937,0
186,341,587384,0,27220,70678,0
186,342,587384,0,27221,69641,0
186,343,77758,0,27222,72522,0
