338,77,338936,0,38386,61986,0
338,88,1299422,0,38392,48660,0
338,91,592662,0,38394,48961,0
338,114,292838,0,38395,41510,0
338,115,215430,0,38396,45211,0
338,116,388806,0,38397,54004,0
338,117,809502,0,38398,56622,0
338,118,542306,0,38399,59118,0
338,119,1160540,0,38400,62388,0
338,127,162682,0,38406,66041,0
338,231,653648,0,38420,65221,0
338,239,245360,0,38426,39574,0
338,249,104886,0,38432,65369,0
338,347,143468,0,38454,54663,0
338,352,722440,0,38459,62940,0
338,353,134744,0,38460,62939,0
338,354,468906,0,38461,66222,0
338,356,287736,0,38463,66234,0
338,372,1557218,0,38464,51327,0
338,378,1870192,0,38470,66401,0
338,380,208884,0,38471,66409,0
338,383,219016,0,38473,51326,0
338,390,354820,0,38478,66309,0
338,391,2019612,0,38479,66321,0
338,393,597956,0,38480,42413,0
338,395,718164,0,38481,62969,0
338,399,177144,0,38484,66533,0
337,48,339588,0,38497,40865,0
337,49,1002024,0,38498,44592,0
337,50,186108,0,38499,44785,0
337,53,352718,0,38502,56222,0
337,55,288802,0,38503,61807,0
337,64,1009762,0,38509,64148,0
337,72,269742,0,38516,47670,0
337,74,425436,0,38517,48031,0
337,75,119006,0,38518,56419,0
337,77,338936,0,38519,61985,0
337,87,1305204,0,38524,48649,0
337,92,605750,0,38527,48830,0
337,114,292838,0,38528,41509,0
337,115,215430,0,38529,45210,0
337,116,388806,0,38530,54003,0
337,117,809502,0,38531,56621,0
337,118,542306,0,38532,59117,0
337,119,1160540,0,38533,62387,0
337,128,162682,0,38539,64448,0
337,232,653648,0,38553,63628,0
337,239,245360,0,38559,39573,0
337,250,104886,0,38565,63776,0
337,360,143468,0,38587,54651,0
337,365,134744,0,38592,62812,0
337,366,722440,0,38593,62811,0
337,368,436698,0,38595,64622,0
337,370,275048,0,38596,64636,0
337,372,219016,0,38598,51315,0
337,378,349710,0,38603,64808,0
337,381,2018464,0,38604,64812,0
337,383,1557218,0,38605,51314,0
337,390,1869658,0,38611,64716,0
337,392,207810,0,38612,64724,0
337,402,597956,0,38619,42275,0
337,404,718164,0,38620,62835,0
337,408,177144,0,38623,64872,0
340,25,899270,0,38630,40570,0
340,28,527822,0,38633,41282,0
340,29,119698,0,38634,53511,0
340,94,99728,0,38648,50518,0
340,98,168950,0,38651,62151,0
340,108,178022,0,38655,68704,0
340,113,136,0,38657,51863,0
340,115,173296,0,38659,45213,0
340,116,451996,0,38660,54006,0
340,117,277944,0,38661,56624,0
340,118,535948,0,38662,59120,0
340,119,862646,0,38663,62390,0
340,129,338192,0,38671,68863,0
340,134,793908,0,38673,55145,0
340,199,60992,0,38675,52363,0
340,201,351078,0,38676,60514,0
340,212,672890,0,38683,68117,0
340,257,63900,0,38688,43343,0
340,259,124226,0,38689,61197,0
340,373,1997682,0,38714,54685,0
340,380,285972,0,38720,69028,0
340,393,961298,0,38722,42629,0
340,394,467054,0,38723,57707,0
340,401,316166,0,38728,69167,0
340,413,402240,0,38730,63183,0
340,418,711866,0,38734,46326,0
340,419,1983360,0,38735,60036,0
340,424,93666,0,38738,69223,0
339,25,899270,0,38739,40569,0
339,28,527822,0,38742,41281,0
339,29,119698,0,38743,53510,0
339,94,99728,0,38757,50517,0
339,98,168950,0,38760,62150,0
339,109,178022,0,38764,67395,0
339,112,12402,0,38766,51762,0
339,115,173296,0,38768,45212,0
339,116,451996,0,38769,54005,0
339,117,277944,0,38770,56623,0
339,118,535948,0,38771,59119,0
339,119,862646,0,38772,62389,0
339,130,338192,0,38780,67554,0
339,133,799420,0,38781,55052,0
339,199,60992,0,38784,52362,0
339,201,351078,0,38785,60513,0
339,213,666000,0,38792,66808,0
339,257,63900,0,38797,43342,0
339,259,124226,0,38798,61196,0
339,384,1997682,0,38823,54675,0
339,392,286390,0,38830,67714,0
339,402,961298,0,38831,42515,0
339,403,467054,0,38832,57583,0
339,409,314444,0,38836,67790,0
339,411,696022,0,38838,46212,0
339,412,1981864,0,38839,59930,0
339,417,96728,0,38842,67966,0
339,420,395656,0,38844,63074,0
407,25,283238,0,38848,40630,0
407,26,952558,0,38849,44360,0
407,27,77126,0,38850,47515,0
407,29,343156,0,38851,53569,0
407,30,414176,0,38852,41764,0
407,31,158232,0,38853,58797,0
407,42,77078,0,38860,68616,0
342,41,71846,0,38861,42103,0
407,44,572030,0,38862,70901,0
