58,304,371696,0,22177,28308,0
58,305,371696,0,22178,28298,0
58,306,315072,0,22179,70493,0
58,307,315072,0,22180,69456,0
58,311,412028,0,22184,49596,0
58,326,1155366,0,22198,40102,0
58,329,835980,0,22200,49986,0
58,330,56800,0,22201,53138,0
58,335,442536,0,22205,25529,0
58,336,368064,0,22206,36708,0
58,339,367248,0,22209,35951,0
58,340,367248,0,22210,35941,0
58,343,267018,0,22213,72467,0
58,344,267018,0,22214,71626,0
58,346,729292,0,22215,48845,0
58,347,482068,0,22216,54844,0
58,350,158232,0,22219,27425,0
58,353,772386,0,22221,65238,0
58,354,1605650,0,22222,65186,0
58,355,287922,0,22223,65185,0
58,356,436848,0,22224,66610,0
58,357,139612,0,22225,66553,0
58,359,729292,0,22226,48720,0
58,360,482068,0,22227,54725,0
58,363,158232,0,22230,27304,0
58,365,772386,0,22232,63645,0
58,367,287922,0,22233,63593,0
58,368,1605650,0,22234,63592,0
58,369,139612,0,22235,65016,0
58,370,436848,0,22236,64961,0
58,373,209050,0,22239,52645,0
58,384,209050,0,22250,52635,0
58,393,995588,0,22259,39281,0
58,394,978370,0,22260,55605,0
58,397,929866,0,22263,28235,0
58,398,325158,0,22264,35864,0
58,402,995588,0,22267,39280,0
58,403,978370,0,22268,55604,0
58,406,929866,0,22271,28234,0
58,407,325158,0,22272,35863,0
58,413,521782,0,22276,63415,0
58,415,678460,0,22278,35325,0
58,416,676050,0,22279,39082,0
58,417,114494,0,22280,72959,0
58,420,521782,0,22282,63350,0
58,422,678460,0,22284,35256,0
58,423,676050,0,22285,39017,0
58,424,114494,0,22286,72118,0
80,146,2507166,0,22292,33804,0
80,150,1066652,0,22296,55821,0
80,151,1066652,0,22297,55810,0
80,154,276480,0,22300,50798,0
80,155,276480,0,22301,50797,0
80,181,280092,0,22306,62506,0
27,179,744402,0,22310,30880,0
80,189,443610,0,22311,62169,0
80,190,443610,0,22312,62157,0
80,193,507036,0,22315,71035,0
80,194,507036,0,22316,69998,0
80,195,789082,0,22317,72847,0
80,196,789082,0,22318,72006,0
27,98,1647850,0,22321,60392,0
27,105,113886,0,22327,35440,0
72,96,1331220,0,22337,50787,0
72,103,562172,0,22341,28366,0
74,98,1385020,0,22354,60881,0
74,105,2018556,0,22357,36043,0
80,294,3556678,0,22367,46912,0
27,124,1566044,0,22368,30424,0
80,298,1566044,0,22371,24953,0
80,300,893150,0,22373,28422,0
80,301,744402,0,22374,29367,0
80,302,466032,0,22375,30366,0
80,303,466032,0,22376,30355,0
80,304,1026944,0,22377,28587,0
80,305,1026944,0,22378,28576,0
80,306,127034,0,22379,51969,0
80,307,127034,0,22380,51878,0
80,308,680774,0,22381,28502,0
80,309,680774,0,22382,28501,0
80,336,280092,0,22405,36727,0
80,337,443610,0,22406,37795,0
80,338,443610,0,22407,37783,0
80,341,507036,0,22410,70636,0
80,342,507036,0,22411,69599,0
80,343,789082,0,22412,72480,0
80,344,789082,0,22413,71639,0
80,347,323070,0,22415,50717,0
80,350,323070,0,22418,26614,0
80,352,998800,0,22420,65394,0
80,353,1205200,0,22421,65385,0
80,356,1747576,0,22423,51551,0
80,360,323070,0,22426,50706,0
80,363,323070,0,22429,26603,0
80,365,1205200,0,22431,63800,0
80,366,998800,0,22432,63793,0
80,370,1747576,0,22435,51408,0
80,395,300718,0,22456,60955,0
80,397,393056,0,22458,28500,0
80,398,300718,0,22459,36117,0
80,404,300718,0,22465,60954,0
80,406,393056,0,22467,28499,0
80,407,300718,0,22468,36116,0
123,157,629004,0,22487,51000,0
123,165,208150,0,22490,26897,0
123,167,340678,0,22492,38247,0
123,172,759942,0,22497,58501,0
123,173,759942,0,22498,58500,0
123,174,33244,0,22499,72757,0
123,175,33244,0,22500,71916,0
117,187,453638,0,22501,30339,0
123,177,455532,0,22502,45696,0
123,180,197040,0,22503,54536,0
123,181,663490,0,22504,62540,0
29,179,747594,0,22507,30897,0
123,195,209708,0,22515,61377,0
123,196,209708,0,22516,61376,0
29,93,265468,0,22517,42989,0
29,97,877880,0,22518,58106,0
29,98,304400,0,22519,60412,0
29,104,422572,0,22524,31996,0
29,110,331328,0,22530,51958,0
29,111,331328,0,22531,51867,0
123,227,84172,0,22539,24420,0
123,228,8708,0,22540,28163,0
123,230,176184,0,22542,35775,0
123,231,303506,0,22543,65135,0
123,232,303506,0,22544,63542,0
