298,222,809088,0,25058,60728,0
102,139,1185102,0,25089,56898,0
165,137,652158,0,25119,53009,0
165,147,153348,0,25124,33031,0
165,148,300718,0,25125,34270,0
165,149,300718,0,25126,34258,0
186,30,258018,0,25133,40252,0
186,136,211032,0,25135,47234,0
186,137,828518,0,25136,53254,0
105,126,1149698,0,25141,25703,0
186,147,439124,0,25142,36883,0
298,347,330494,0,25153,54222,0
298,353,848234,0,25159,57456,0
298,354,161830,0,25160,66515,0
298,360,330494,0,25164,54211,0
298,365,848234,0,25169,57331,0
298,368,161830,0,25171,64854,0
298,371,441426,0,25173,41749,0
105,398,200316,0,25178,26827,0
298,382,441426,0,25184,41739,0
105,407,200316,0,25189,26816,0
298,395,582384,0,25197,63309,0
298,398,343924,0,25199,38988,0
298,399,190436,0,25200,71201,0
298,404,582384,0,25205,63230,0
298,407,343924,0,25207,38907,0
298,408,190436,0,25208,70164,0
292,140,901104,0,25213,57139,0
291,140,901104,0,25220,57138,0
315,26,312414,0,25226,44280,0
60,105,1171632,0,25227,37666,0
315,31,484530,0,25230,58718,0
315,39,1123598,0,25234,37136,0
315,42,137928,0,25237,68582,0
315,43,137928,0,25238,67273,0
315,44,335890,0,25239,70868,0
315,45,335890,0,25240,69831,0
315,46,417778,0,25241,42923,0
315,47,417778,0,25242,42848,0
315,94,553746,0,25244,50496,0
315,97,60216,0,25246,58896,0
315,98,2023612,0,25247,62128,0
145,157,1518794,0,25252,30326,0
315,105,718036,0,25253,37772,0
290,157,344176,0,25258,51056,0
289,157,344176,0,25259,51055,0
315,114,301766,0,25262,41489,0
315,115,164192,0,25263,45190,0
315,117,104530,0,25265,56602,0
315,118,751502,0,25266,59098,0
315,119,72032,0,25267,62365,0
315,127,126740,0,25271,66023,0
315,128,126740,0,25272,64430,0
315,129,1296184,0,25273,68843,0
315,130,1296184,0,25274,67534,0
290,158,174884,0,25275,54352,0
289,158,174884,0,25276,54351,0
315,133,168950,0,25277,55457,0
315,134,168950,0,25278,55385,0
315,156,251174,0,25279,41859,0
315,157,818680,0,25280,51064,0
315,158,902962,0,25281,54360,0
315,159,273210,0,25282,59293,0
84,248,1442332,0,25287,26943,0
315,168,73036,0,25290,59319,0
315,169,73036,0,25291,59307,0
315,170,898608,0,25292,59342,0
315,171,898608,0,25293,59332,0
315,174,483150,0,25296,72799,0
315,175,483150,0,25297,71958,0
315,180,360858,0,25299,54375,0
315,181,339204,0,25300,59470,0
84,284,1149698,0,25305,26958,0
145,160,2018556,0,25306,30756,0
315,191,1599070,0,25309,59514,0
315,192,1599070,0,25310,59506,0
315,193,24358,0,25311,60186,0
315,194,24358,0,25312,60100,0
315,195,537924,0,25313,72806,0
315,196,537924,0,25314,71965,0
315,198,395638,0,25316,46791,0
315,200,111810,0,25318,58181,0
59,167,304400,0,25341,35905,0
59,168,119190,0,25342,59691,0
59,169,119190,0,25343,59550,0
59,174,63210,0,25348,72316,0
59,175,63210,0,25349,71475,0
81,139,143332,0,25351,55616,0
81,166,744402,0,25355,28246,0
50,139,2170628,0,25379,35886,0
145,158,652158,0,25395,52803,0
145,167,1385020,0,25400,29502,0
145,168,300718,0,25401,30783,0
145,169,300718,0,25402,30771,0
186,54,19390,0,25410,44021,0
186,157,677676,0,25411,50097,0
186,158,1362842,0,25412,53269,0
84,126,1231266,0,25417,25718,0
186,167,63124,0,25418,36898,0
186,172,209708,0,25423,38280,0
186,173,209708,0,25424,38281,0
315,345,298374,0,25427,45588,0
315,347,780330,0,25429,54403,0
84,416,200316,0,25432,26986,0
289,168,1219252,0,25437,59766,0
315,358,298374,0,25440,45577,0
315,360,780330,0,25442,54390,0
84,423,200316,0,25445,26973,0
290,169,1219252,0,25449,59626,0
315,373,107978,0,25455,54425,0
315,377,283356,0,25459,60014,0
315,384,107978,0,25464,54416,0
315,388,283356,0,25468,59908,0
290,166,443610,0,25475,30733,0
290,174,822494,0,25478,71329,0
289,166,443610,0,25484,30732,0
289,175,822494,0,25488,70236,0
315,412,183198,0,25490,60325,0
315,413,640746,0,25491,63450,0
315,416,508078,0,25493,39131,0
315,419,183198,0,25496,60256,0
315,420,640746,0,25497,63385,0
315,423,508078,0,25499,39066,0
335,25,608788,0,25501,40565,0
335,26,744830,0,25502,44297,0
335,27,368392,0,25503,47450,0
335,28,692008,0,25504,41277,0
335,29,704450,0,25505,53506,0
