199,70,499992,0,52230,71802,0
199,77,601392,0,52235,61903,0
199,139,865168,0,52252,56924,0
199,140,305944,0,52253,57079,0
199,152,633272,0,52261,70858,0
199,153,633272,0,52262,69821,0
199,158,120200,0,52267,54308,0
199,159,30708,0,52268,59241,0
199,170,146832,0,52276,59974,0
199,171,146832,0,52277,59868,0
199,172,9714,0,52278,60159,0
199,173,9714,0,52279,60073,0
199,174,68410,0,52280,72764,0
199,175,68410,0,52281,71923,0
199,180,509440,0,52286,54547,0
199,181,390828,0,52287,62551,0
199,189,574750,0,52293,61613,0
199,190,574750,0,52294,61602,0
199,193,880446,0,52297,71055,0
199,194,880446,0,52298,70018,0
199,277,725606,0,52320,58460,0
199,278,192696,0,52321,61326,0
199,287,191742,0,52328,68367,0
199,288,191742,0,52329,67058,0
199,343,275918,0,52366,72528,0
199,344,275918,0,52367,71687,0
199,347,884042,0,52370,53529,0
199,360,884042,0,52381,53518,0
199,373,506918,0,52392,55083,0
199,378,823418,0,52396,69124,0
199,384,506918,0,52402,54984,0
199,390,823418,0,52407,67743,0
199,395,788838,0,52412,63291,0
133,44,476168,0,52416,70774,0
199,404,788838,0,52419,63212,0
134,45,476168,0,52423,69737,0
134,31,551308,0,52425,58631,0
133,31,551308,0,52432,58630,0
220,31,982262,0,52442,58652,0
220,32,877606,0,52443,61535,0
220,42,68628,0,52451,68528,0
220,43,68628,0,52452,67219,0
220,52,315430,0,52460,53655,0
220,55,924516,0,52463,61753,0
220,63,544440,0,52467,65672,0
220,64,544440,0,52468,64079,0
220,98,1123598,0,52479,62080,0
220,108,73386,0,52486,68652,0
220,109,73386,0,52487,67343,0
220,137,131370,0,52494,54112,0
220,138,266134,0,52495,56746,0
220,140,725050,0,52497,57094,0
220,148,284980,0,52501,57401,0
220,149,284980,0,52502,57267,0
220,150,589624,0,52503,56263,0
220,151,589624,0,52504,56253,0
220,154,469328,0,52507,57997,0
220,155,469328,0,52508,57929,0
220,160,304400,0,52513,59418,0
220,168,119190,0,52517,59730,0
220,169,119190,0,52518,59589,0
220,174,63210,0,52523,72705,0
220,175,63210,0,52524,71864,0
220,180,518628,0,52529,54564,0
220,181,170518,0,52530,62568,0
220,191,296766,0,52538,61849,0
220,192,296766,0,52539,61839,0
220,195,220002,0,52542,72878,0
220,196,220002,0,52543,72037,0
220,278,415264,0,52563,61344,0
220,285,632820,0,52568,65519,0
220,286,632820,0,52569,63926,0
220,295,94076,0,52578,52766,0
220,306,121246,0,52587,70554,0
220,307,121246,0,52588,69517,0
220,347,574812,0,52611,54867,0
220,351,44190,0,52614,66135,0
131,63,19060,0,52617,65625,0
220,356,811884,0,52618,66623,0
220,360,574812,0,52622,54748,0
220,364,44190,0,52625,64542,0
132,64,19060,0,52627,64032,0
220,370,811884,0,52630,64974,0
220,373,928598,0,52633,53783,0
220,384,928598,0,52643,53773,0
132,53,148278,0,52652,56098,0
132,55,216794,0,52653,61715,0
132,70,1260246,0,52658,71260,0
131,53,148278,0,52660,56097,0
131,55,216794,0,52661,61714,0
131,69,1260246,0,52666,70279,0
220,413,856660,0,52669,63433,0
220,420,856660,0,52675,63368,0
295,75,690098,0,52699,56380,0
295,77,625554,0,52701,61962,0
295,85,362438,0,52707,65846,0
295,86,362438,0,52708,64253,0
98,259,1442332,0,52717,54163,0
295,139,65016,0,52719,56812,0
295,148,1283724,0,52725,56839,0
295,149,1283724,0,52726,56827,0
295,150,436018,0,52727,56860,0
295,151,436018,0,52728,56850,0
295,152,861710,0,52729,70970,0
295,153,861710,0,52730,69933,0
295,168,2094752,0,52741,56994,0
295,169,2094752,0,52742,56983,0
295,170,2611634,0,52743,57014,0
295,171,2611634,0,52744,57005,0
98,278,1149698,0,52750,54192,0
295,181,439124,0,52751,57142,0
295,221,125278,0,52767,55628,0
295,222,601392,0,52768,60726,0
295,231,234264,0,52774,65203,0
295,232,234264,0,52775,63610,0
295,237,375720,0,52780,72304,0
295,238,375720,0,52781,71463,0
295,276,681986,0,52783,55974,0
295,285,1194072,0,52791,65542,0
295,286,1194072,0,52792,63949,0
98,119,1231266,0,52817,53252,0
180,152,794748,0,52826,70727,0
180,153,794748,0,52827,69690,0
180,154,351598,0,52828,57990,0
180,155,351598,0,52829,57922,0
295,352,339754,0,52837,57462,0
295,366,339754,0,52849,57319,0
98,404,200316,0,52854,54241,0
