384,200,676050,0,54985,58225,0
384,201,856660,0,54986,60553,0
384,212,737394,0,54994,68122,0
384,259,705208,0,55000,61237,0
384,276,773238,0,55011,56034,0
384,286,164030,0,55020,63986,0
384,287,554610,0,55021,68438,0
384,373,1130846,0,55026,55125,0
384,377,342140,0,55030,68996,0
131,191,818122,0,55036,63118,0
131,380,3505870,0,55040,68451,0
131,381,334478,0,55041,68450,0
133,381,559694,0,55053,68455,0
373,31,521782,0,55059,58767,0
373,32,464266,0,55060,61623,0
373,97,36096,0,55073,58951,0
373,98,508078,0,55074,62181,0
373,200,676050,0,55084,58215,0
373,201,856660,0,55085,60543,0
373,213,715646,0,55093,66813,0
373,259,705208,0,55099,61228,0
373,276,773238,0,55110,56025,0
373,285,164030,0,55118,65573,0
373,288,554610,0,55120,67129,0
373,388,342140,0,55129,67687,0
132,192,818122,0,55135,63014,0
132,391,334478,0,55139,67142,0
132,392,3505870,0,55140,67141,0
134,391,559694,0,55146,67150,0
132,138,269742,0,55168,56742,0
132,140,26924,0,55169,57074,0
127,152,1125640,0,55175,56055,0
132,213,219874,0,55199,66732,0
132,214,508012,0,55200,70373,0
132,412,125092,0,55234,58587,0
132,413,128570,0,55235,61439,0
130,175,757282,0,55239,58586,0
132,420,1162290,0,55240,61438,0
131,138,269742,0,55260,56741,0
131,140,26924,0,55261,57073,0
128,153,1125640,0,55266,56048,0
131,212,219902,0,55290,68041,0
131,215,508012,0,55292,69336,0
129,174,757282,0,55325,58579,0
131,413,1162290,0,55326,61431,0
131,419,125092,0,55332,58578,0
131,420,128570,0,55333,61430,0
134,69,325926,0,55348,72616,0
134,159,99728,0,55351,59239,0
134,181,52840,0,55362,62548,0
128,413,881274,0,55369,61405,0
134,221,320870,0,55370,55565,0
134,237,536170,0,55381,72249,0
134,324,314846,0,55388,72382,0
134,412,119170,0,55403,58599,0
133,70,325926,0,55420,71775,0
133,159,99728,0,55423,59238,0
133,181,52840,0,55434,62547,0
127,420,881274,0,55441,61394,0
133,221,320870,0,55442,55564,0
133,238,536170,0,55453,71408,0
133,325,314846,0,55460,71541,0
133,419,119170,0,55475,58593,0
221,42,372630,0,55493,68529,0
221,43,372630,0,55494,67220,0
221,55,497868,0,55504,61754,0
221,63,734250,0,55510,65673,0
221,64,734250,0,55511,64080,0
221,97,242646,0,55534,58847,0
221,119,164130,0,55550,62312,0
221,127,858976,0,55558,65979,0
221,128,858976,0,55559,64386,0
221,181,193202,0,55571,62569,0
221,189,352718,0,55574,62894,0
221,190,352718,0,55575,62766,0
151,55,214434,0,55576,61729,0
150,55,214434,0,55577,61728,0
221,195,126972,0,55580,72879,0
221,196,126972,0,55581,72038,0
75,63,621882,0,55587,65341,0
75,64,621882,0,55588,63748,0
221,259,381230,0,55596,61142,0
221,277,434826,0,55610,58479,0
221,278,247738,0,55611,61345,0
221,351,30712,0,55645,66136,0
151,63,566156,0,55646,65636,0
221,364,30712,0,55656,64543,0
150,64,566156,0,55657,64043,0
151,69,124660,0,55670,69246,0
151,70,1259416,0,55671,69202,0
150,69,1259416,0,55680,67945,0
150,70,124660,0,55681,67885,0
221,395,379616,0,55683,61866,0
221,401,542654,0,55688,71261,0
221,404,379616,0,55690,61858,0
221,409,542654,0,55695,70280,0
221,412,61928,0,55697,60309,0
221,419,61928,0,55703,60240,0
240,85,38196,0,55717,65823,0
240,86,38196,0,55718,64230,0
240,119,272300,0,55728,61949,0
53,77,182640,0,55742,60679,0
276,55,364138,0,55861,61783,0
276,69,79670,0,55873,72684,0
276,70,79670,0,55874,71843,0
276,118,394850,0,55877,59064,0
276,119,723046,0,55878,62331,0
276,127,451994,0,55885,65994,0
276,128,451994,0,55886,64401,0
276,160,43498,0,55896,59447,0
276,168,440720,0,55900,59756,0
276,169,440720,0,55901,59615,0
276,172,664760,0,55904,59174,0
276,173,664760,0,55905,59166,0
276,189,809502,0,55917,62919,0
276,190,809502,0,55918,62791,0
276,191,277944,0,55919,63145,0
276,192,277944,0,55920,63041,0
276,195,1176558,0,55923,72910,0
276,196,1176558,0,55924,72069,0
276,200,434826,0,55928,58162,0
276,201,604502,0,55929,60473,0
276,214,327116,0,55937,70421,0
276,215,327116,0,55938,69384,0
276,231,350796,0,55952,65190,0
276,232,350796,0,55953,63597,0
75,127,202978,0,55964,65350,0
75,128,202978,0,55965,63757,0
