222,287,275918,0,60719,68384,0
222,288,275918,0,60720,67075,0
222,343,191742,0,60754,72541,0
222,344,191742,0,60755,71700,0
192,63,1232064,0,60762,65650,0
222,356,823418,0,60765,66625,0
191,64,1232064,0,60773,64057,0
222,370,823418,0,60777,64976,0
222,395,884042,0,60800,61867,0
222,401,1060864,0,60805,71262,0
222,404,884042,0,60808,61859,0
222,409,1060864,0,60813,70281,0
222,413,506918,0,60816,63435,0
222,420,506918,0,60822,63370,0
241,42,960890,0,60837,68544,0
241,43,960890,0,60838,67235,0
241,85,861710,0,60853,65824,0
241,86,861710,0,60854,64231,0
241,152,362438,0,60905,70947,0
241,153,362438,0,60906,69910,0
241,214,28790,0,60924,70409,0
241,215,28790,0,60925,69372,0
55,85,921426,0,60937,65169,0
55,86,921426,0,60938,63576,0
119,85,416298,0,60964,65533,0
119,86,416298,0,60965,63940,0
241,341,801358,0,60985,70708,0
241,342,801358,0,60986,69671,0
241,343,212368,0,60987,72552,0
241,344,212368,0,60988,71711,0
241,351,190436,0,60994,66152,0
241,354,220670,0,60997,65896,0
241,364,190436,0,61005,64559,0
241,368,220670,0,61008,64303,0
259,63,445060,0,61067,65697,0
259,64,445060,0,61068,64104,0
259,108,483150,0,61086,68667,0
259,109,483150,0,61087,67358,0
32,108,734428,0,61134,68078,0
32,109,734428,0,61135,66769,0
119,108,145210,0,61179,68393,0
119,109,145210,0,61180,67084,0
259,343,917734,0,61200,72561,0
259,344,917734,0,61201,71720,0
259,380,801486,0,61234,68728,0
259,392,801486,0,61243,67419,0
278,63,70868,0,61296,65712,0
278,64,70868,0,61297,64119,0
278,127,587384,0,61316,65996,0
278,128,587384,0,61317,64403,0
278,129,77758,0,61318,68816,0
278,130,77758,0,61319,67507,0
278,212,211932,0,61336,68089,0
278,213,211932,0,61337,66780,0
278,231,406012,0,61352,65192,0
278,232,406012,0,61353,63599,0
278,237,63248,0,61358,72296,0
278,238,63248,0,61359,71455,0
32,174,73386,0,61515,72743,0
32,175,73386,0,61516,71902,0
32,212,466766,0,61527,67974,0
32,213,466766,0,61528,66665,0
32,231,119070,0,61543,65073,0
32,232,119070,0,61544,63480,0
32,237,96842,0,61549,72199,0
32,238,96842,0,61550,71358,0
32,249,121246,0,61558,65269,0
32,250,121246,0,61559,63676,0
32,287,168464,0,61577,68281,0
32,288,168464,0,61578,66972,0
32,341,226638,0,61596,70609,0
32,342,226638,0,61597,69572,0
32,343,514476,0,61598,72453,0
32,344,514476,0,61599,71612,0
32,353,1295014,0,61607,66241,0
32,365,1291168,0,61618,64736,0
32,378,296428,0,61628,69107,0
32,390,296428,0,61639,67726,0
32,395,649166,0,61643,63270,0
32,399,44190,0,61647,71146,0
32,400,663936,0,61648,70483,0
32,404,649166,0,61650,63191,0
32,408,44190,0,61654,70109,0
32,410,663936,0,61655,69446,0
55,108,68410,0,61696,68630,0
55,109,68410,0,61697,67321,0
55,119,366414,0,61705,62249,0
55,214,168782,0,61747,70337,0
55,215,168782,0,61748,69300,0
55,231,394826,0,61759,65091,0
55,232,394826,0,61760,63498,0
55,237,163518,0,61765,72217,0
55,238,163518,0,61766,71376,0
55,285,828908,0,61790,65434,0
55,286,828908,0,61791,63841,0
55,343,250524,0,61813,72465,0
55,344,250524,0,61814,71624,0
55,353,734206,0,61821,65164,0
55,354,492828,0,61822,65251,0
55,356,561826,0,61824,66609,0
55,365,734206,0,61832,63571,0
55,368,492828,0,61834,63653,0
55,370,561826,0,61836,64960,0
55,400,630604,0,61864,71301,0
55,410,630604,0,61872,70208,0
55,413,1299840,0,61874,63414,0
55,420,1299840,0,61880,63349,0
77,212,375720,0,61913,68008,0
77,213,375720,0,61914,66699,0
77,214,234264,0,61915,70353,0
77,215,234264,0,61916,69316,0
77,249,861710,0,61926,65280,0
77,250,861710,0,61927,63687,0
77,285,794748,0,61953,65294,0
77,286,794748,0,61954,63701,0
77,306,362438,0,61972,70503,0
77,307,362438,0,61973,69466,0
77,341,1194072,0,61989,70634,0
77,342,1194072,0,61990,69597,0
77,351,190436,0,61998,66106,0
77,357,784106,0,62003,65409,0
77,364,190436,0,62009,64513,0
77,369,784106,0,62013,63821,0
98,231,335890,0,62088,65118,0
98,232,335890,0,62089,63525,0
98,237,137928,0,62094,72230,0
98,238,137928,0,62095,71389,0
98,268,483150,0,62104,68165,0
