262,181,76874,0,20759,62601,0
36,179,912702,0,20765,30958,0
262,188,1442542,0,20766,34441,0
262,191,453732,0,20769,63137,0
262,192,453732,0,20770,63033,0
262,193,1069746,0,20771,71090,0
262,194,1069746,0,20772,70053,0
27,74,2002648,0,20776,22551,0
27,76,1171568,0,20777,48324,0
27,77,324968,0,20778,57124,0
27,83,1168398,0,20781,32044,0
27,84,1625250,0,20782,35559,0
50,96,243908,0,20793,50771,0
50,106,82612,0,20802,51523,0
50,107,82612,0,20803,51381,0
80,119,2018556,0,20811,60947,0
80,124,120554,0,20813,28492,0
80,126,1385020,0,20814,36110,0
144,71,68882,0,20824,40969,0
36,124,579310,0,20825,30429,0
145,103,478316,0,20828,28990,0
145,104,1185102,0,20829,29246,0
145,105,747594,0,20830,29474,0
145,106,164270,0,20831,30369,0
145,107,164270,0,20832,30358,0
145,110,1186090,0,20835,51974,0
145,111,1186090,0,20836,51883,0
145,112,24646,0,20837,30321,0
145,113,24646,0,20838,30320,0
262,316,3830,0,20844,32757,0
262,320,877960,0,20848,35015,0
262,321,882318,0,20849,34907,0
262,326,425892,0,20854,40224,0
262,327,498364,0,20855,43978,0
144,126,28602,0,20857,29484,0
145,326,165904,0,20862,21669,0
262,335,197040,0,20863,25673,0
262,336,663490,0,20864,36852,0
262,343,209708,0,20871,37745,0
262,344,209708,0,20872,37746,0
262,347,1131644,0,20875,50720,0
262,354,807434,0,20881,51604,0
262,356,1180930,0,20883,51605,0
262,360,1131644,0,20886,50709,0
262,368,807434,0,20893,51461,0
262,370,1180930,0,20894,51463,0
262,372,35728,0,20896,51814,0
262,373,714652,0,20897,55102,0
262,377,27086,0,20899,68971,0
262,380,512632,0,20901,68685,0
262,383,35728,0,20903,51713,0
262,384,714652,0,20904,55003,0
262,388,27086,0,20906,67662,0
262,392,512632,0,20908,67376,0
262,393,1159562,0,20909,41239,0
262,400,1565338,0,20916,50756,0
262,401,1703208,0,20917,50755,0
262,402,1159562,0,20918,41238,0
262,409,1703208,0,20925,50748,0
262,410,1565338,0,20926,50747,0
262,413,1599070,0,20929,62123,0
262,420,1599070,0,20936,62122,0
263,49,280092,0,20942,44525,0
185,53,744402,0,20947,45384,0
228,73,566402,0,20950,26242,0
263,63,789082,0,20952,65701,0
263,64,789082,0,20953,64108,0
263,65,443610,0,20954,45430,0
263,66,443610,0,20955,45419,0
263,69,507036,0,20958,72677,0
263,70,507036,0,20959,71836,0
246,28,259826,0,20960,41033,0
37,71,1154326,0,20962,40953,0
246,96,1675048,0,20963,50821,0
164,136,1084034,0,20968,33620,0
246,106,350928,0,20970,51585,0
246,107,350928,0,20971,51443,0
246,112,1133266,0,20976,47826,0
246,113,1133266,0,20977,47825,0
206,135,1290122,0,20979,44265,0
206,137,431652,0,20980,50660,0
206,139,685444,0,20982,56929,0
165,326,429758,0,20986,33281,0
263,154,3458408,0,21012,50862,0
263,155,3458408,0,21013,50861,0
185,31,1566044,0,21014,41702,0
104,146,3556678,0,21021,22785,0
35,156,1981050,0,21023,38137,0
263,168,680774,0,21024,56946,0
263,169,680774,0,21025,56945,0
263,170,466032,0,21026,57016,0
263,171,466032,0,21027,57007,0
263,172,1026944,0,21028,58981,0
263,173,1026944,0,21029,58972,0
263,174,127034,0,21030,58012,0
263,175,127034,0,21031,57944,0
39,73,1223834,0,21032,46747,0
39,98,582572,0,21034,57146,0
39,110,313204,0,21044,51964,0
39,111,313204,0,21045,51873,0
35,135,1385020,0,21048,43052,0
35,136,934680,0,21049,46745,0
35,139,120554,0,21050,35607,0
60,73,566402,0,21067,47754,0
263,231,789082,0,21077,65180,0
263,232,789082,0,21078,63587,0
263,237,507036,0,21083,72285,0
263,238,507036,0,21084,71444,0
29,139,685444,0,21099,35606,0
29,145,431652,0,21103,24257,0
164,148,276480,0,21121,33811,0
164,149,276480,0,21122,33810,0
164,152,1066652,0,21125,33892,0
164,153,1066652,0,21126,33883,0
185,30,1875780,0,21129,40225,0
185,135,623458,0,21130,43979,0
185,136,1223834,0,21131,25932,0
185,147,582572,0,21136,36853,0
185,148,174610,0,21137,37760,0
185,149,174610,0,21138,37759,0
185,152,313204,0,21141,51994,0
185,153,313204,0,21142,51903,0
263,353,552392,0,21153,57455,0
263,354,1125136,0,21154,51646,0
263,356,1557902,0,21155,50915,0
263,365,552392,0,21164,57330,0
263,368,1125136,0,21166,51496,0
263,370,1557902,0,21168,50902,0
