247,42,507036,0,17158,68549,0
247,43,507036,0,17159,67240,0
247,44,789082,0,17160,70837,0
247,45,789082,0,17161,69800,0
247,46,443610,0,17162,41179,0
247,47,443610,0,17163,41172,0
247,93,1566044,0,17164,44723,0
38,71,2337494,0,17166,40954,0
143,157,893150,0,17171,30117,0
247,106,1026944,0,17173,51106,0
247,107,1026944,0,17174,51093,0
247,108,127034,0,17175,49141,0
247,109,127034,0,17176,49023,0
247,110,680774,0,17177,47839,0
247,111,680774,0,17178,47838,0
247,112,466032,0,17179,47924,0
247,113,466032,0,17180,47918,0
227,156,1145312,0,17181,40846,0
227,54,1418990,0,17182,44573,0
227,139,1382026,0,17184,56204,0
145,327,113886,0,17189,29969,0
227,172,355170,0,17194,45555,0
227,173,355170,0,17195,45554,0
247,157,562172,0,17199,47832,0
247,159,1854768,0,17201,48403,0
247,164,1331220,0,17204,22387,0
247,168,818222,0,17208,59318,0
247,169,818222,0,17209,59306,0
247,170,1279456,0,17210,48407,0
247,171,1279456,0,17211,48406,0
247,172,1704304,0,17212,48409,0
247,173,1704304,0,17213,48408,0
62,73,1018908,0,17216,47756,0
247,212,507036,0,17245,68069,0
247,213,507036,0,17246,66760,0
247,214,789082,0,17247,70412,0
247,215,789082,0,17248,69375,0
57,156,153348,0,17251,39261,0
57,157,120554,0,17252,47755,0
104,82,2507166,0,17270,21088,0
104,85,1066652,0,17272,22988,0
104,86,1066652,0,17273,22975,0
104,89,276480,0,17276,22394,0
104,90,276480,0,17277,22393,0
52,156,257824,0,17280,22326,0
52,139,1382026,0,17281,35887,0
143,166,1331220,0,17301,28976,0
143,170,276480,0,17305,30151,0
143,171,273824,0,17306,30150,0
184,157,1018908,0,17313,26238,0
77,115,461604,0,17314,18140,0
98,115,1168552,0,17316,21656,0
247,345,797744,0,17327,45587,0
247,351,1018156,0,17332,59773,0
247,352,21054,0,17333,59750,0
247,356,470146,0,17336,65910,0
247,357,1733854,0,17337,65906,0
247,358,797744,0,17338,45576,0
247,364,1018156,0,17343,59632,0
247,366,26992,0,17345,59608,0
247,369,1733854,0,17347,64318,0
247,370,470146,0,17348,64312,0
247,371,300718,0,17349,41086,0
247,372,393056,0,17350,47837,0
247,378,139436,0,17356,48467,0
247,380,1191364,0,17358,49196,0
247,382,299112,0,17359,41085,0
247,383,393056,0,17360,47836,0
247,390,125954,0,17367,48456,0
247,392,1209296,0,17368,49072,0
247,401,998566,0,17377,49380,0
247,409,998566,0,17385,49291,0
247,411,323070,0,17387,44856,0
247,418,323070,0,17393,44850,0
333,25,269310,0,17399,40564,0
333,26,586538,0,17400,44296,0
333,27,12560,0,17401,47449,0
333,28,257860,0,17402,41276,0
333,29,364138,0,17403,53505,0
333,31,434826,0,17404,58733,0
333,36,89914,0,17409,26012,0
143,176,238398,0,17410,29721,0
143,310,1185102,0,17411,29619,0
333,40,756368,0,17412,42109,0
333,41,756368,0,17413,42098,0
333,42,79670,0,17414,68593,0
333,43,79670,0,17415,67284,0
167,72,478316,0,17422,33607,0
167,73,1185102,0,17423,47770,0
62,125,912702,0,17424,33935,0
167,75,1566044,0,17425,34199,0
62,178,579310,0,17426,34429,0
167,81,747594,0,17429,25356,0
143,61,68882,0,17430,29234,0
167,85,1186090,0,17432,34770,0
167,86,1186090,0,17433,34624,0
167,87,23040,0,17434,33672,0
167,88,24646,0,17435,33671,0
167,89,164270,0,17436,33729,0
167,90,164270,0,17437,33721,0
333,71,45600,0,17440,41096,0
333,73,739710,0,17442,47847,0
333,74,659024,0,17443,48027,0
333,77,681986,0,17445,61981,0
333,85,159012,0,17449,65861,0
333,86,159012,0,17450,64268,0
333,89,255270,0,17453,49361,0
333,90,255270,0,17454,49266,0
333,93,706466,0,17457,44973,0
333,94,99562,0,17458,50511,0
333,97,636446,0,17460,58912,0
333,98,104530,0,17461,62144,0
60,103,1168398,0,17463,18384,0
333,106,371696,0,17465,51323,0
333,107,371696,0,17466,51311,0
333,108,315072,0,17467,68700,0
333,109,315072,0,17468,67391,0
333,114,952556,0,17473,41505,0
62,220,814244,0,17477,52466,0
333,119,394526,0,17478,62383,0
60,295,324968,0,17481,18592,0
333,123,43498,0,17482,22608,0
333,124,850064,0,17483,30579,0
333,129,1176558,0,17487,68857,0
333,130,1176558,0,17488,67548,0
333,131,809502,0,17489,55309,0
333,132,809502,0,17490,55217,0
333,133,277944,0,17491,55467,0
