4,71,8923972,0,474,1619,0
9,76,2034868,0,476,3738,0
9,77,778812,0,477,4872,0
5,73,3908680,0,478,619,0
9,79,526946,0,479,984,0
4,27,8017100,0,480,1652,0
9,81,3381908,0,481,1969,0
9,82,3298092,0,482,1871,0
9,83,1239214,0,483,2547,0
9,84,6337164,0,484,2857,0
9,85,330408,0,485,5235,0
9,86,330408,0,486,5078,0
9,87,1873030,0,487,3804,0
9,88,1873030,0,488,3793,0
9,89,1751944,0,489,3824,0
9,90,1751944,0,490,3815,0
9,91,847832,0,491,3671,0
9,92,847832,0,492,3670,0
9,94,5508984,0,494,1934,0
9,96,3313468,0,496,3157,0
9,98,8793962,0,498,3949,0
9,100,1536898,0,499,968,0
3,114,8923972,0,500,1305,0
9,102,7801630,0,501,1933,0
6,28,3908680,0,502,1873,0
9,104,4310928,0,503,2518,0
9,105,3511918,0,504,2825,0
9,106,5015072,0,505,3161,0
9,107,5015072,0,506,3160,0
9,108,3050430,0,507,5506,0
9,109,3050430,0,508,5377,0
9,110,3626038,0,509,4047,0
9,111,3626038,0,510,4038,0
9,112,1742418,0,511,3167,0
9,113,1742418,0,512,3166,0
9,114,1767956,0,513,3172,0
9,115,3658290,0,514,3470,0
9,116,432484,0,515,4195,0
9,118,2617362,0,517,4632,0
4,123,13082128,0,519,656,0
9,122,4288780,0,521,1356,0
4,29,7801630,0,522,1668,0
9,126,3217792,0,525,2892,0
9,133,2052946,0,532,4171,0
9,134,2052946,0,533,4170,0
9,136,1278698,0,535,3661,0
9,137,2707072,0,536,4161,0
8,32,13082128,0,537,3192,0
9,140,7801630,0,539,4461,0
9,142,526946,0,540,970,0
9,143,3195784,0,541,1307,0
4,30,3908680,0,542,1620,0
5,96,6449554,0,543,1935,0
7,326,6319544,0,544,2520,0
9,148,11967344,0,546,3195,0
9,149,11960454,0,547,3194,0
9,150,4605914,0,548,4512,0
9,151,4603278,0,549,4501,0
9,154,1705890,0,552,3201,0
9,155,1705890,0,553,3200,0
9,157,590544,0,555,3961,0
9,158,6337164,0,556,4227,0
9,159,1724322,0,557,4648,0
9,160,2837082,0,558,4662,0
9,161,3908680,0,559,690,0
9,162,1536898,0,560,1053,0
9,163,1239214,0,561,1389,0
9,164,3298092,0,562,1700,0
9,165,778812,0,563,2012,0
6,31,5672692,0,564,2313,0
6,156,6319544,0,565,2233,0
9,168,1298246,0,566,4607,0
9,169,1298246,0,567,4606,0
9,170,696000,0,568,4714,0
9,171,696084,0,569,4704,0
9,174,578936,0,572,5919,0
9,175,578936,0,573,5838,0
9,176,2041896,0,574,3220,0
9,177,3658290,0,575,3518,0
9,178,2922082,0,576,3754,0
9,182,5508984,0,580,708,0
9,183,74962,0,581,1071,0
9,184,2704236,0,582,1405,0
7,30,5672692,0,586,2612,0
9,189,3229084,0,587,4847,0
9,190,3222856,0,588,4846,0
9,191,2430984,0,589,4974,0
9,192,2441570,0,590,4964,0
9,193,1443856,0,591,5753,0
9,194,1443856,0,592,5652,0
9,219,3355934,0,596,967,0
9,220,2274674,0,597,4091,0
9,221,3355934,0,598,971,0
9,222,928372,0,599,4773,0
9,225,2892562,0,602,846,0
3,33,4130610,0,603,962,0
9,227,3410312,0,604,1829,0
7,33,4130610,0,605,964,0
9,229,1553654,0,606,926,0
9,230,177774,0,607,2730,0
9,231,504682,0,608,975,0
9,232,504682,0,609,976,0
9,233,5961326,0,610,1121,0
9,234,5948006,0,611,1110,0
9,235,5164042,0,612,1140,0
9,236,5181486,0,613,1132,0
3,137,3298092,0,617,4210,0
9,241,6337164,0,618,4792,0
3,28,8017100,0,622,1222,0
9,247,2034868,0,624,1262,0
9,248,778812,0,625,2750,0
9,249,584350,0,626,5189,0
9,250,584350,0,627,5032,0
9,251,562286,0,628,1454,0
9,252,562286,0,629,1443,0
9,253,1406690,0,630,1474,0
9,254,1406690,0,631,1465,0
9,255,633868,0,632,1317,0
9,256,633868,0,633,1316,0
4,31,4310928,0,635,4570,0
4,32,4158770,0,636,4809,0
4,33,1553654,0,637,866,0
4,35,5508984,0,638,1518,0
4,37,3313468,0,640,1558,0
4,39,8147110,0,642,1557,0
4,40,4295792,0,643,1624,0
4,41,4295792,0,644,1623,0
4,42,1702738,0,645,5474,0
