5,354,819084,0,4267,5214,0
5,355,2283918,0,4268,5213,0
5,357,865782,0,4269,5215,0
5,364,852412,0,4275,5107,0
5,365,4497190,0,4276,5130,0
5,366,4798120,0,4277,5119,0
5,367,2283918,0,4278,5057,0
5,368,819084,0,4279,5056,0
5,369,865782,0,4280,5058,0
5,379,1412886,0,4287,5496,0
5,380,2219968,0,4288,5498,0
5,389,1389666,0,4296,5367,0
5,392,2209460,0,4298,5368,0
5,394,3785430,0,4300,4376,0
5,395,4503792,0,4301,4834,0
5,403,3785430,0,4309,4375,0
5,404,4518028,0,4310,4833,0
5,413,5038900,0,4319,4836,0
5,420,5038900,0,4326,4835,0
6,119,1801598,0,4365,4902,0
6,129,364080,0,4373,5528,0
6,130,364080,0,4374,5399,0
6,241,590544,0,4398,4791,0
6,249,2318572,0,4405,5187,0
6,250,2318572,0,4406,5030,0
6,341,693286,0,4470,5702,0
6,342,693286,0,4471,5601,0
6,355,1092264,0,4483,5296,0
6,367,1092264,0,4495,5147,0
6,379,1539682,0,4506,5554,0
6,389,1558168,0,4516,5433,0
6,401,2858406,0,4527,5708,0
6,409,2858406,0,4534,5608,0
7,32,850618,0,4555,4840,0
7,119,274838,0,4583,4903,0
7,268,517266,0,4623,5472,0
7,269,517266,0,4624,5343,0
7,324,604172,0,4658,5882,0
7,325,602226,0,4659,5801,0
7,356,3124488,0,4686,5318,0
7,370,3124488,0,4700,5155,0
7,381,4218178,0,4710,5570,0
7,391,4214676,0,4720,5447,0
8,42,733122,0,4763,5502,0
8,43,733122,0,4764,5373,0
8,44,590086,0,4765,5727,0
8,45,590086,0,4766,5626,0
8,69,916492,0,4785,5906,0
8,70,902800,0,4786,5825,0
8,108,1002150,0,4816,5516,0
8,109,1002150,0,4817,5387,0
8,212,1538896,0,4848,5458,0
8,213,1538896,0,4849,5329,0
8,214,779478,0,4850,5688,0
8,215,779478,0,4851,5587,0
8,231,1356134,0,4863,5172,0
8,232,1356134,0,4864,5015,0
8,237,4327286,0,4869,5870,0
8,238,4338866,0,4870,5789,0
8,268,44030,0,4894,5473,0
8,269,44030,0,4895,5344,0
8,287,513260,0,4912,5487,0
8,288,513260,0,4913,5358,0
8,341,3176398,0,4933,5715,0
8,342,3176398,0,4934,5614,0
8,343,3125250,0,4935,5894,0
8,344,3103326,0,4936,5813,0
8,355,1714886,0,4947,5297,0
8,357,1074614,0,4948,5313,0
8,367,1715420,0,4958,5148,0
8,369,1087302,0,4960,5162,0
8,379,2496466,0,4968,5555,0
8,380,2134910,0,4969,5576,0
8,381,993490,0,4970,5571,0
8,389,2488796,0,4978,5434,0
8,391,996666,0,4979,5448,0
8,392,2134834,0,4980,5441,0
8,400,3168290,0,4987,5779,0
8,401,5773840,0,4988,5772,0
8,409,5776006,0,4995,5677,0
8,410,3170230,0,4996,5672,0
18,70,353092,0,5026,5834,0
18,85,3840198,0,5036,5240,0
18,249,3840198,0,5083,5193,0
18,288,2405792,0,5101,5365,0
18,351,770212,0,5111,5268,0
18,352,253668,0,5112,5270,0
18,353,6241172,0,5113,5269,0
18,355,1108020,0,5115,5271,0
18,356,4004674,0,5116,5274,0
18,357,8311792,0,5117,5273,0
18,377,1418646,0,5123,5290,0
18,379,2641286,0,5125,5291,0
18,380,570744,0,5126,5294,0
18,381,3850734,0,5127,5293,0
18,388,10430438,0,5133,5280,0
18,389,1324216,0,5134,5282,0
18,392,5351498,0,5137,5283,0
18,408,1757044,0,5151,5300,0
18,410,8475464,0,5153,5301,0
18,417,6760752,0,5159,5322,0
18,424,4449816,0,5165,5316,0
17,69,355846,0,5182,5914,0
17,287,2394354,0,5257,5493,0
20,108,5251486,0,5349,5522,0
20,268,5238382,0,5393,5478,0
20,377,1315796,0,5419,5548,0
20,378,7970938,0,5420,5550,0
20,379,1904080,0,5421,5549,0
20,399,7960514,0,5429,5566,0
20,401,6806300,0,5431,5567,0
20,408,2899442,0,5437,5558,0
20,409,1416276,0,5438,5560,0
20,424,2670848,0,5451,5574,0
22,152,6423386,0,5606,5746,0
22,306,6423386,0,5645,5707,0
22,344,1435684,0,5660,5820,0
22,399,3738920,0,5667,5768,0
22,400,1681974,0,5668,5770,0
22,401,8305064,0,5669,5769,0
22,424,6435380,0,5681,5776,0
21,343,1438168,0,5760,5900,0
24,174,3223056,0,5807,5924,0
24,324,3221226,0,5843,5888,0
24,417,3946344,0,5863,5944,0
202,26,211358,0,5946,44174,0
202,27,59660,0,5947,47369,0
202,28,864332,0,5948,40444,0
