314,413,36096,0,21487,63449,0
314,416,36096,0,21489,39130,0
314,417,89958,0,21490,73008,0
314,418,234664,0,21491,46542,0
314,419,165138,0,21492,60255,0
314,420,36096,0,21493,63384,0
314,423,36096,0,21495,39065,0
314,424,89958,0,21496,72167,0
147,28,444720,0,21497,25109,0
147,73,143332,0,21499,46978,0
147,94,934750,0,21500,30298,0
39,124,1921374,0,21501,30431,0
147,97,259826,0,21502,30712,0
39,179,996370,0,21503,30960,0
147,102,143662,0,21506,25093,0
138,179,930370,0,21507,28992,0
144,310,68882,0,21508,29247,0
147,112,172124,0,21515,30420,0
147,113,172124,0,21516,30414,0
334,48,308132,0,21517,40862,0
334,49,173544,0,21518,44589,0
334,50,180438,0,21519,44782,0
334,51,12560,0,21520,50312,0
334,52,211772,0,21521,53738,0
334,53,434826,0,21522,56219,0
334,55,302956,0,21523,61804,0
144,61,143332,0,21528,29985,0
334,71,281350,0,21538,41097,0
334,75,242646,0,21542,56416,0
37,178,968740,0,21545,22403,0
334,87,929866,0,21549,48679,0
334,88,929866,0,21550,48669,0
334,91,356788,0,21553,49522,0
334,92,356788,0,21554,49449,0
334,95,793888,0,21557,50694,0
334,97,350756,0,21558,58913,0
334,98,751502,0,21559,62145,0
334,110,14186,0,21567,52020,0
334,111,14186,0,21568,51929,0
334,112,531134,0,21569,52180,0
334,113,531134,0,21570,52107,0
334,114,735344,0,21571,41506,0
334,115,1021010,0,21572,45207,0
334,116,309754,0,21573,54000,0
39,199,814244,0,21574,52202,0
334,119,509208,0,21576,62384,0
37,180,1153068,0,21580,22609,0
334,125,443814,0,21582,34067,0
334,127,19174,0,21583,66038,0
334,128,19174,0,21584,64445,0
334,131,542306,0,21587,55310,0
334,132,542306,0,21588,55218,0
334,133,535948,0,21589,55468,0
334,134,535948,0,21590,55396,0
334,179,1176298,0,21594,51296,0
334,180,608364,0,21595,54634,0
334,181,87394,0,21596,62638,0
334,186,388634,0,21601,27213,0
144,181,2234,0,21602,30995,0
164,181,246766,0,21603,34478,0
267,181,552936,0,21604,62605,0
266,181,552936,0,21605,62604,0
334,193,224382,0,21608,71119,0
334,194,224382,0,21609,70082,0
334,195,873050,0,21610,72931,0
334,196,873050,0,21611,72090,0
334,197,173742,0,21612,43115,0
334,208,492260,0,21621,32078,0
334,214,334674,0,21626,70457,0
334,215,334674,0,21627,69420,0
334,219,835980,0,21631,49693,0
334,222,725606,0,21633,60745,0
334,227,859088,0,21638,24542,0
334,237,775198,0,21646,72328,0
334,238,775198,0,21647,71487,0
334,246,107678,0,21655,28539,0
37,177,1153780,0,21665,33365,0
37,181,1379238,0,21666,30847,0
126,298,687460,0,21685,24843,0
126,304,978292,0,21688,27183,0
126,305,978292,0,21689,27184,0
126,308,839188,0,21692,28071,0
126,309,839188,0,21693,27994,0
144,180,1079910,0,21696,50686,0
30,179,647872,0,21699,29040,0
35,310,2934978,0,21700,29278,0
41,179,155648,0,21701,30962,0
40,179,155648,0,21702,30961,0
144,195,133642,0,21707,31907,0
144,196,133642,0,21708,31833,0
164,176,116430,0,21709,40009,0
164,180,9930,0,21711,53025,0
58,177,91538,0,21714,32807,0
164,193,21926,0,21719,35224,0
164,194,21926,0,21720,35132,0
267,177,611374,0,21723,45745,0
267,178,371696,0,21724,48601,0
267,186,1190240,0,21728,27180,0
267,189,676068,0,21729,62174,0
267,191,2498676,0,21730,62955,0
267,193,642138,0,21732,66524,0
267,194,745726,0,21733,66456,0
267,195,486090,0,21734,66648,0
266,177,611374,0,21735,45744,0
266,178,371696,0,21736,48600,0
266,186,1190240,0,21740,27179,0
266,190,676068,0,21741,62162,0
266,192,2498676,0,21743,62819,0
266,193,741938,0,21744,64931,0
266,194,638350,0,21745,64863,0
266,196,486090,0,21746,64999,0
334,371,403874,0,21747,42130,0
334,373,1003586,0,21749,54683,0
38,415,1295716,0,21751,23247,0
334,378,1246350,0,21754,69152,0
269,190,133364,0,21756,62164,0
334,382,403874,0,21757,42120,0
334,384,1003586,0,21759,54673,0
38,422,1295716,0,21761,23237,0
334,390,1233266,0,21764,67771,0
268,189,133364,0,21765,62175,0
334,393,225214,0,21767,42774,0
334,394,61928,0,21768,57871,0
334,395,4116,0,21769,63321,0
334,397,541400,0,21771,31746,0
334,402,225214,0,21775,42699,0
334,403,61928,0,21776,57784,0
334,404,4116,0,21777,63242,0
