276,306,159012,0,55983,70565,0
276,307,159012,0,55984,69528,0
276,324,315072,0,55999,72422,0
276,325,315072,0,56000,71581,0
276,351,114494,0,56006,66166,0
276,352,332982,0,56007,66373,0
276,353,243478,0,56008,66285,0
276,364,114494,0,56017,64573,0
276,365,243478,0,56018,64780,0
276,366,332982,0,56019,64692,0
276,378,262074,0,56029,68889,0
155,129,2271392,0,56030,68772,0
276,390,262074,0,56038,67580,0
154,130,2271392,0,56040,67462,0
276,395,1260656,0,56042,62444,0
276,404,1260656,0,56050,62436,0
155,118,978370,0,56058,59044,0
154,118,978370,0,56064,59043,0
53,97,242646,0,56071,58814,0
53,98,627006,0,56072,62065,0
53,118,434826,0,56087,59018,0
53,119,434662,0,56088,62247,0
53,201,767344,0,56103,60370,0
53,212,372630,0,56114,67990,0
53,213,372630,0,56115,66681,0
53,231,734250,0,56132,65090,0
53,232,734250,0,56133,63497,0
53,249,621882,0,56146,65105,0
53,250,621882,0,56147,63512,0
53,285,858976,0,56177,65433,0
53,286,858976,0,56178,63840,0
53,343,126972,0,56228,72464,0
53,344,126972,0,56229,71623,0
53,351,30712,0,56235,66089,0
53,353,252822,0,56236,65151,0
53,364,30712,0,56246,64496,0
53,365,252822,0,56247,63558,0
53,380,754836,0,56260,69227,0
53,381,629240,0,56261,69177,0
53,391,629240,0,56270,67920,0
53,392,754836,0,56271,67866,0
53,395,56960,0,56273,60807,0
53,400,74552,0,56278,71299,0
53,404,56960,0,56280,60799,0
53,410,74552,0,56285,70206,0
53,412,61928,0,56286,60283,0
53,413,246964,0,56287,63412,0
53,419,61928,0,56292,60214,0
53,420,246964,0,56293,63347,0
75,31,636446,0,56300,58602,0
75,32,397384,0,56301,61471,0
75,44,100316,0,56311,70751,0
75,45,100316,0,56312,69714,0
75,189,119006,0,56324,62867,0
75,190,119006,0,56325,62739,0
75,191,472856,0,56326,60904,0
75,192,472856,0,56327,60903,0
75,193,145930,0,56328,71032,0
75,194,145930,0,56329,69995,0
75,200,636446,0,56333,58072,0
75,201,465868,0,56334,60388,0
75,214,100316,0,56345,70351,0
75,215,100316,0,56346,69314,0
75,241,593674,0,56350,60847,0
75,249,112880,0,56356,65279,0
75,250,112880,0,56357,63686,0
75,285,202978,0,56370,65293,0
75,286,202978,0,56371,63700,0
75,306,420084,0,56391,70502,0
75,307,420084,0,56392,69465,0
75,341,145930,0,56423,70633,0
75,342,145930,0,56424,69596,0
75,351,89958,0,56432,66105,0
75,352,78422,0,56433,65312,0
75,353,621214,0,56434,65311,0
75,355,106748,0,56435,65400,0
75,356,101364,0,56436,65314,0
75,364,89958,0,56443,64512,0
75,365,621214,0,56444,63719,0
75,366,78422,0,56445,63718,0
75,367,106748,0,56446,63807,0
75,370,101364,0,56448,63720,0
75,413,196110,0,56489,60908,0
75,420,196110,0,56496,60907,0
117,31,434826,0,56504,58618,0
117,44,327116,0,56513,70764,0
117,45,327116,0,56514,69727,0
117,55,1299278,0,56521,61704,0
117,63,350796,0,56526,65616,0
117,64,350796,0,56527,64023,0
117,168,440720,0,56540,59716,0
117,169,440720,0,56541,59575,0
117,172,664760,0,56544,58581,0
117,173,664760,0,56545,58573,0
117,222,89914,0,56549,60646,0
117,237,79670,0,56563,72241,0
117,238,79670,0,56564,71400,0
117,277,394850,0,56567,58410,0
117,278,659594,0,56568,61307,0
117,285,451994,0,56574,65447,0
117,286,451994,0,56575,63854,0
117,306,159012,0,56594,70514,0
117,307,159012,0,56595,69477,0
117,324,315072,0,56611,72375,0
117,325,315072,0,56612,71534,0
117,343,1176558,0,56627,72498,0
117,344,1176558,0,56628,71657,0
117,351,114494,0,56634,66120,0
117,352,243478,0,56635,66336,0
117,353,332982,0,56636,66263,0
117,364,114494,0,56645,64527,0
117,365,332982,0,56646,64758,0
117,366,243478,0,56647,64655,0
117,379,494254,0,56657,68445,0
117,380,2082580,0,56658,68334,0
117,389,494254,0,56666,67136,0
117,392,2082580,0,56668,67024,0
117,412,978370,0,56686,58440,0
117,419,978370,0,56692,58439,0
138,55,159012,0,56702,61720,0
138,63,30638,0,56707,65629,0
138,64,30638,0,56708,64036,0
138,119,535198,0,56731,62264,0
138,129,59302,0,56739,68762,0
138,130,59302,0,56740,67453,0
138,231,30638,0,56755,65146,0
138,232,30638,0,56756,63553,0
138,287,59302,0,56789,68324,0
