296,276,550740,0,12651,55975,0
296,284,93858,0,12658,36584,0
296,285,329460,0,12659,65543,0
296,286,329460,0,12660,63950,0
296,287,97890,0,12661,68403,0
296,288,97890,0,12662,67094,0
296,289,181198,0,12663,27889,0
296,290,181198,0,12664,27792,0
162,150,42558,0,12676,34188,0
162,151,44164,0,12677,34187,0
162,152,450716,0,12678,35210,0
162,153,450716,0,12679,35118,0
162,154,289820,0,12680,57983,0
162,155,289820,0,12681,57915,0
166,49,686676,0,12683,33417,0
166,50,2288906,0,12684,25384,0
82,125,113886,0,12685,17286,0
100,326,1136198,0,12688,21332,0
166,59,1647850,0,12689,25340,0
166,62,1924476,0,12690,32972,0
166,65,480208,0,12693,33468,0
166,66,485616,0,12694,33467,0
296,345,107978,0,12699,45407,0
296,347,301686,0,12701,54220,0
296,351,45382,0,12704,57443,0
234,148,378002,0,12705,57411,0
296,358,107978,0,12709,45397,0
296,360,301686,0,12711,54209,0
296,364,45382,0,12714,57309,0
233,149,378002,0,12715,57277,0
234,30,479426,0,12719,41646,0
234,96,443610,0,12720,50812,0
234,137,240458,0,12721,54124,0
231,403,35248,0,12727,56237,0
234,154,1228466,0,12728,57719,0
233,30,479426,0,12730,41645,0
233,96,443610,0,12731,50811,0
233,137,240458,0,12732,54123,0
232,394,35248,0,12737,56249,0
233,155,1229362,0,12740,57596,0
296,393,693642,0,12741,42760,0
296,394,183198,0,12742,57856,0
296,395,118732,0,12743,63307,0
296,401,18072,0,12748,70996,0
296,402,693642,0,12749,42685,0
296,403,183198,0,12750,57769,0
296,404,118732,0,12751,63228,0
296,411,780330,0,12757,45461,0
296,416,737984,0,12761,38209,0
296,418,780330,0,12763,45455,0
296,423,737984,0,12767,38203,0
229,26,111600,0,12770,44201,0
229,27,319154,0,12771,47390,0
229,28,471632,0,12772,41217,0
229,29,729824,0,12773,53428,0
229,31,590978,0,12774,58660,0
229,35,1190600,0,12776,21894,0
229,40,654358,0,12779,41884,0
229,41,654358,0,12780,41872,0
229,42,529310,0,12781,68537,0
229,43,529310,0,12782,67228,0
83,93,774524,0,12789,18128,0
77,179,1202914,0,12794,18308,0
229,105,1143732,0,12797,37714,0
229,106,117026,0,12798,51105,0
229,107,117026,0,12799,51092,0
229,108,221060,0,12800,68659,0
229,109,221060,0,12801,67350,0
229,110,483672,0,12802,50303,0
229,111,483672,0,12803,50302,0
229,114,692404,0,12806,41443,0
229,115,468302,0,12807,45144,0
229,116,247286,0,12808,53932,0
229,117,257860,0,12809,56555,0
83,158,934750,0,12810,18575,0
229,119,692008,0,12811,62319,0
229,123,266454,0,12813,22541,0
229,124,353418,0,12814,30529,0
229,129,248244,0,12817,68806,0
229,130,248244,0,12818,67497,0
229,131,508750,0,12819,53729,0
229,132,508750,0,12820,53728,0
229,133,527822,0,12821,55449,0
229,134,527822,0,12822,55377,0
222,179,73884,0,12824,50297,0
77,160,2391856,0,12828,18175,0
194,55,422742,0,12836,45570,0
193,55,422742,0,12837,45569,0
229,181,648294,0,12842,59467,0
229,186,380040,0,12847,26956,0
229,189,1159562,0,12849,59493,0
229,190,1159562,0,12850,59482,0
229,195,81250,0,12855,72804,0
229,196,81250,0,12856,71963,0
77,176,1177044,0,12876,39541,0
77,140,2170628,0,12877,55746,0
77,187,2288906,0,12881,28478,0
77,191,1282942,0,12884,18179,0
77,192,1287300,0,12885,18178,0
77,193,24854,0,12886,18181,0
77,194,24854,0,12887,18180,0
229,261,420726,0,12892,20516,0
229,272,351468,0,12902,24093,0
229,273,351468,0,12903,24017,0
116,162,52954,0,12911,14493,0
122,167,668256,0,12913,36547,0
122,168,59178,0,12914,59720,0
122,169,59178,0,12915,59579,0
122,172,174610,0,12918,26294,0
122,173,174610,0,12919,26293,0
122,174,419878,0,12920,28052,0
122,175,419878,0,12921,27975,0
140,52,593634,0,12923,52773,0
140,65,485616,0,12930,29974,0
140,66,480208,0,12931,29973,0
140,67,225454,0,12932,46435,0
140,68,225454,0,12933,46351,0
160,48,2006438,0,12936,29657,0
160,49,718060,0,12937,18069,0
160,51,1168398,0,12938,18290,0
77,125,1625250,0,12939,17282,0
77,61,586,0,12941,16102,0
160,58,1171568,0,12942,16391,0
160,59,324968,0,12943,16662,0
160,62,2002648,0,12944,29443,0
160,67,96368,0,12949,19901,0
160,68,96368,0,12950,19801,0
229,345,1519920,0,12953,45586,0
