335,31,101072,0,25506,58734,0
335,32,555674,0,25507,61590,0
335,36,509440,0,25510,26013,0
145,176,550282,0,25511,29722,0
145,310,495426,0,25512,29620,0
335,40,281912,0,25513,42110,0
335,41,281912,0,25514,42099,0
335,42,780936,0,25515,68594,0
335,43,780936,0,25516,67285,0
335,44,559212,0,25517,70880,0
335,45,559212,0,25518,69843,0
335,46,470852,0,25519,42932,0
335,47,470852,0,25520,42857,0
335,48,744830,0,25521,40863,0
335,49,955960,0,25522,44590,0
335,50,168710,0,25523,44783,0
335,51,646798,0,25524,50313,0
335,52,713638,0,25525,53739,0
335,53,379478,0,25526,56220,0
335,55,564862,0,25527,61805,0
335,59,518628,0,25530,26304,0
145,61,108638,0,25531,29986,0
335,67,103416,0,25537,46483,0
335,68,103416,0,25538,46399,0
335,71,592030,0,25541,41098,0
335,72,535198,0,25542,47668,0
335,73,1101846,0,25543,47849,0
335,75,95248,0,25545,56417,0
335,85,172404,0,25550,65863,0
335,86,172404,0,25551,64270,0
335,89,246102,0,25554,49363,0
335,90,246102,0,25555,49268,0
335,93,590864,0,25558,44975,0
335,94,421628,0,25559,50513,0
335,95,150314,0,25560,50695,0
335,97,183560,0,25561,58914,0
335,98,72032,0,25562,62146,0
335,108,327116,0,25568,68702,0
335,109,327116,0,25569,67393,0
335,112,126804,0,25572,52181,0
335,113,126804,0,25573,52108,0
335,114,739328,0,25574,41507,0
335,115,619468,0,25575,45208,0
335,116,277026,0,25576,54001,0
335,117,394526,0,25577,56619,0
335,118,509208,0,25578,59115,0
335,119,658708,0,25579,62385,0
335,124,239822,0,25584,30581,0
335,125,138888,0,25585,34068,0
335,127,387804,0,25586,66039,0
335,128,387804,0,25587,64446,0
335,129,537648,0,25588,68859,0
335,130,537648,0,25589,67550,0
335,131,1160540,0,25590,55311,0
335,132,1160540,0,25591,55219,0
335,133,862646,0,25592,55469,0
335,134,862646,0,25593,55397,0
335,176,764728,0,25594,42084,0
335,177,644868,0,25595,45779,0
335,178,352726,0,25596,48631,0
335,179,453660,0,25597,51297,0
335,180,164192,0,25598,54635,0
335,181,211358,0,25599,62639,0
126,284,178968,0,25604,27214,0
145,181,575444,0,25605,30996,0
165,181,377014,0,25606,34479,0
335,189,11682,0,25607,62666,0
335,190,11682,0,25608,62654,0
335,191,529254,0,25609,62688,0
335,192,529254,0,25610,62678,0
335,193,394560,0,25611,71120,0
335,194,394560,0,25612,70083,0
335,195,244716,0,25613,72932,0
335,196,244716,0,25614,72091,0
335,197,19134,0,25615,43116,0
335,198,230400,0,25616,46810,0
335,199,561424,0,25617,52358,0
335,201,412648,0,25618,60509,0
335,208,167342,0,25624,32079,0
335,219,255746,0,25634,49694,0
335,220,169972,0,25635,52599,0
335,222,21196,0,25636,60746,0
335,228,192688,0,25642,28263,0
335,231,577892,0,25643,65219,0
335,232,577892,0,25644,63626,0
335,237,356168,0,25649,72329,0
335,238,356168,0,25650,71488,0
335,239,321630,0,25651,39571,0
335,241,22576,0,25653,60979,0
335,246,95248,0,25658,28540,0
335,249,172404,0,25660,65367,0
335,250,172404,0,25661,63774,0
335,257,320464,0,25668,43338,0
335,259,103478,0,25670,61192,0
335,264,183560,0,25675,32333,0
335,268,327116,0,25678,68246,0
335,269,327116,0,25679,66937,0
126,326,892908,0,25684,39805,0
126,327,380724,0,25685,43567,0
126,337,1252616,0,25691,27203,0
126,338,1252616,0,25692,27204,0
126,339,1252616,0,25693,27201,0
126,340,1252616,0,25694,27202,0
145,178,19224,0,25700,47009,0
145,180,533098,0,25701,52820,0
36,310,1177044,0,25705,29279,0
145,189,1665818,0,25706,31022,0
145,190,1665818,0,25707,31011,0
145,193,416298,0,25710,70581,0
145,194,416298,0,25711,69544,0
145,195,88164,0,25712,31908,0
145,196,88164,0,25713,31834,0
165,176,374586,0,25714,40010,0
165,180,360858,0,25716,53026,0
165,191,599290,0,25722,34527,0
165,192,599290,0,25723,34518,0
165,193,599412,0,25724,35225,0
165,194,599412,0,25725,35133,0
165,195,145210,0,25726,72437,0
165,196,145210,0,25727,71596,0
335,345,280330,0,25728,45805,0
335,346,1044768,0,25729,48658,0
286,195,1121672,0,25734,62937,0
335,352,192492,0,25735,62956,0
335,354,1377000,0,25737,66525,0
335,356,132472,0,25739,66649,0
335,358,280330,0,25740,45794,0
335,359,1044768,0,25741,48646,0
