136,408,89958,0,48305,70120,0
91,307,923708,0,48307,69472,0
76,42,507036,0,48334,68463,0
76,43,507036,0,48335,67154,0
76,44,789082,0,48336,70752,0
76,45,789082,0,48337,69715,0
76,106,1066652,0,48343,49898,0
76,107,1066652,0,48344,49885,0
76,212,507036,0,48362,68007,0
76,213,507036,0,48363,66698,0
76,214,789082,0,48364,70352,0
76,215,789082,0,48365,69315,0
76,356,1050544,0,48436,65412,0
76,357,1153456,0,48437,65408,0
76,369,1153456,0,48447,63820,0
76,370,1050544,0,48448,63814,0
178,42,137866,0,48511,68499,0
178,43,137866,0,48512,67190,0
178,97,405078,0,48519,58831,0
178,106,664760,0,48525,50119,0
178,107,664760,0,48526,50108,0
178,110,440720,0,48529,51981,0
178,111,440720,0,48530,51890,0
178,116,50476,0,48534,53890,0
92,330,978292,0,48537,53163,0
91,330,978292,0,48538,53162,0
178,131,1190240,0,48541,55270,0
178,132,1190240,0,48542,55178,0
178,199,929208,0,48547,52284,0
178,214,48732,0,48558,70397,0
178,215,48732,0,48559,69360,0
178,219,434826,0,48563,49608,0
178,221,492260,0,48565,55568,0
178,231,192608,0,48571,65157,0
178,232,192608,0,48572,63564,0
178,237,121958,0,48577,72271,0
178,238,121958,0,48578,71430,0
178,249,159012,0,48586,65316,0
178,250,159012,0,48587,63723,0
178,268,315072,0,48602,68197,0
178,269,315072,0,48603,66888,0
178,276,850064,0,48610,55910,0
178,287,1075184,0,48618,68350,0
178,288,1075184,0,48619,67041,0
178,329,613198,0,48625,50031,0
178,330,274822,0,48626,53197,0
178,341,670500,0,48637,70670,0
178,342,670500,0,48638,69633,0
88,329,978370,0,48666,50007,0
88,330,839188,0,48667,53159,0
88,343,1410420,0,48673,69237,0
88,344,483152,0,48674,69192,0
87,329,978370,0,48676,50006,0
87,330,839188,0,48677,53158,0
87,343,469748,0,48683,67935,0
87,344,1423824,0,48684,67876,0
178,394,678460,0,48686,57827,0
178,399,114494,0,48690,71170,0
178,400,633014,0,48691,71317,0
178,403,678460,0,48694,57740,0
178,408,114494,0,48698,70133,0
178,410,633014,0,48700,70224,0
178,412,729292,0,48702,60295,0
178,419,729292,0,48708,60226,0
359,52,245420,0,48716,53760,0
359,53,738242,0,48717,56241,0
359,63,475352,0,48724,65745,0
359,69,404,0,48727,72728,0
359,117,678460,0,48732,56641,0
359,118,541400,0,48733,59137,0
359,119,282432,0,48734,62407,0
359,127,237446,0,48740,66047,0
359,130,329870,0,48742,67565,0
359,221,738242,0,48747,55652,0
359,222,824860,0,48748,60768,0
359,231,502550,0,48756,65226,0
359,249,1315094,0,48768,65374,0
359,276,678460,0,48775,56013,0
359,277,541400,0,48776,58544,0
359,346,4034568,0,48789,48914,0
88,351,573524,0,48795,66113,0
92,351,987524,0,48798,66116,0
88,106,162812,0,48800,51548,0
88,347,659506,0,48801,54863,0
89,148,68072,0,48819,57383,0
89,189,162306,0,48820,62875,0
92,356,356032,0,48831,65416,0
91,168,26120,0,48833,59711,0
91,189,1731652,0,48834,62876,0
91,357,369986,0,48837,65411,0
346,52,245420,0,48841,53749,0
346,53,738242,0,48842,56230,0
346,64,475352,0,48849,64152,0
346,70,404,0,48853,71882,0
346,117,678460,0,48857,56630,0
346,118,541400,0,48858,59126,0
346,119,282432,0,48859,62396,0
346,128,237446,0,48865,64454,0
346,129,329870,0,48866,68867,0
346,221,738242,0,48872,55641,0
346,222,824860,0,48873,60757,0
346,232,502550,0,48881,63633,0
346,250,1315094,0,48893,63781,0
346,276,678460,0,48900,56002,0
346,277,541400,0,48901,58533,0
87,364,579440,0,48921,64519,0
91,364,987524,0,48924,64522,0
87,107,166588,0,48934,51405,0
87,360,667416,0,48935,54744,0
90,149,68072,0,48944,57249,0
90,190,162306,0,48945,62747,0
92,169,26120,0,48952,59571,0
92,190,1731652,0,48953,62748,0
92,369,369986,0,48956,63823,0
91,370,356032,0,48962,63818,0
88,32,469328,0,48969,61480,0
88,42,863740,0,48975,68470,0
88,44,1121692,0,48976,70760,0
88,119,88164,0,48994,60967,0
88,212,978710,0,49014,68013,0
88,214,368760,0,49015,70359,0
88,215,559144,0,49016,69322,0
88,286,324424,0,49037,63705,0
87,32,469328,0,49087,61479,0
87,43,856784,0,49093,67161,0
87,45,1102654,0,49095,69722,0
87,119,88164,0,49112,60966,0
87,213,975490,0,49132,66704,0
