386,27,541400,0,23581,47497,0
386,28,837536,0,23582,41319,0
386,32,601792,0,23585,61635,0
386,38,678460,0,23588,33328,0
269,393,400904,0,23591,41323,0
386,45,186958,0,23592,69856,0
386,95,35728,0,23596,50736,0
386,97,165138,0,23597,58962,0
386,98,183198,0,23598,62192,0
386,102,35728,0,23601,26634,0
386,105,183198,0,23602,37818,0
386,108,1371448,0,23603,68710,0
271,372,1186340,0,23604,51819,0
270,372,832636,0,23605,51818,0
386,114,245420,0,23606,41551,0
386,119,460054,0,23611,62429,0
386,124,729292,0,23614,30625,0
386,125,738242,0,23615,34112,0
386,127,327840,0,23616,66063,0
386,129,756212,0,23618,68883,0
273,373,986258,0,23620,55107,0
386,198,541400,0,23621,46857,0
386,208,678460,0,23629,32124,0
386,209,601792,0,23630,35653,0
386,212,488226,0,23631,68123,0
386,214,217420,0,23632,70470,0
386,275,824860,0,23636,43612,0
386,282,729292,0,23642,28807,0
386,283,738242,0,23643,32597,0
386,284,460054,0,23644,36645,0
386,287,188560,0,23647,68440,0
273,376,701504,0,23649,27705,0
386,375,1137646,0,23654,23755,0
271,377,72504,0,23657,68976,0
270,377,847084,0,23658,68975,0
271,371,634542,0,23660,42590,0
271,150,434,0,23661,57669,0
273,191,1013008,0,23675,63142,0
273,320,461426,0,23677,35021,0
375,26,282432,0,23681,44332,0
375,27,541400,0,23682,47487,0
375,28,837536,0,23683,41311,0
375,32,601792,0,23686,61625,0
375,38,678460,0,23689,33318,0
375,44,186958,0,23692,70887,0
268,402,400904,0,23693,41314,0
375,95,35728,0,23697,50729,0
375,97,165138,0,23698,58953,0
375,98,183198,0,23699,62183,0
375,102,35728,0,23702,26627,0
375,105,183198,0,23703,37809,0
375,109,1371448,0,23704,67401,0
271,383,832636,0,23705,51718,0
270,383,1186340,0,23706,51717,0
375,114,245420,0,23707,41542,0
375,119,460054,0,23712,62420,0
375,124,729292,0,23715,30616,0
375,125,738242,0,23716,34103,0
375,128,327840,0,23718,64464,0
375,130,756212,0,23719,67574,0
272,384,986258,0,23721,55008,0
375,198,541400,0,23722,46847,0
375,208,678460,0,23730,32114,0
375,209,601792,0,23731,35643,0
375,213,488226,0,23732,66814,0
375,215,217420,0,23734,69427,0
375,275,824860,0,23737,43603,0
375,282,729292,0,23743,28798,0
375,283,738242,0,23744,32588,0
375,284,460054,0,23745,36636,0
375,288,188560,0,23748,67131,0
272,387,701504,0,23750,27606,0
271,388,847084,0,23758,67667,0
270,388,72504,0,23759,67666,0
270,382,634542,0,23768,42481,0
270,151,434,0,23769,57551,0
272,192,1013008,0,23776,63038,0
272,321,447622,0,23778,34913,0
215,105,119190,0,23790,37112,0
215,110,1274950,0,23792,52002,0
271,137,893632,0,23796,41680,0
194,28,59178,0,23802,37764,0
271,155,1093854,0,23805,50948,0
271,177,469328,0,23807,45749,0
271,179,14186,0,23809,51271,0
271,181,395826,0,23811,62609,0
271,193,202030,0,23817,71094,0
271,195,224996,0,23818,72906,0
271,196,702908,0,23819,72065,0
45,98,119190,0,23822,60468,0
45,108,308838,0,23829,51852,0
45,110,845926,0,23831,51966,0
45,124,1320598,0,23834,30437,0
153,102,1320598,0,23837,25099,0
153,103,780118,0,23838,28998,0
153,113,1784932,0,23842,30408,0
271,329,14186,0,23846,50090,0
271,336,395826,0,23852,36860,0
271,343,542076,0,23854,72567,0
271,344,385828,0,23855,71726,0
271,394,1246266,0,23857,50947,0
271,395,426710,0,23858,62211,0
271,398,34876,0,23861,37837,0
214,105,119190,0,23886,37111,0
214,111,1274950,0,23888,51911,0
270,137,893632,0,23892,41679,0
193,28,59178,0,23898,37763,0
270,154,1093854,0,23900,50941,0
270,177,469328,0,23903,45748,0
270,179,14186,0,23905,51270,0
270,181,395826,0,23907,62608,0
270,194,202238,0,23913,70057,0
270,195,702908,0,23914,72905,0
270,196,224996,0,23915,72064,0
44,98,119190,0,23918,60467,0
44,109,308606,0,23926,51744,0
44,111,845926,0,23927,51875,0
44,124,1320598,0,23930,30436,0
152,102,1320598,0,23933,25098,0
152,103,780118,0,23934,28997,0
152,112,1784932,0,23937,30401,0
270,329,14186,0,23942,50089,0
270,336,395826,0,23948,36859,0
270,343,385828,0,23950,72566,0
270,344,542076,0,23951,71725,0
270,403,1246266,0,23953,50939,0
270,404,426710,0,23954,62203,0
270,407,34876,0,23957,37829,0
