176,232,43436,0,42036,63562,0
176,249,68410,0,42049,65315,0
176,250,68410,0,42050,63722,0
176,275,543280,0,42058,43489,0
176,277,1021010,0,42060,58441,0
176,327,924516,0,42076,43903,0
176,329,598886,0,42078,50029,0
176,330,202070,0,42079,53195,0
176,341,277806,0,42090,70668,0
176,342,277806,0,42091,69631,0
41,328,556786,0,42095,47109,0
41,344,1334526,0,42104,66567,0
40,328,556786,0,42106,47108,0
40,343,1334526,0,42115,65030,0
176,372,550328,0,42117,50139,0
176,383,550328,0,42127,50129,0
176,393,866202,0,42136,42730,0
176,401,950350,0,42143,71246,0
176,402,866202,0,42144,42655,0
176,409,950350,0,42150,70265,0
176,411,878938,0,42152,46576,0
176,418,878938,0,42158,46511,0
41,49,52840,0,42165,44387,0
41,55,34410,0,42169,61679,0
41,63,1301582,0,42175,43143,0
41,66,10806,0,42176,46062,0
41,67,386086,0,42177,46079,0
41,72,99728,0,42181,47542,0
41,74,496984,0,42182,47937,0
41,85,221228,0,42189,65792,0
41,91,1160020,0,42192,46843,0
41,116,985642,0,42195,53830,0
41,117,147322,0,42196,56510,0
41,119,77848,0,42198,62237,0
41,127,488988,0,42202,65922,0
41,219,134408,0,42208,49548,0
41,220,78620,0,42209,52450,0
41,221,426414,0,42210,55492,0
41,222,412372,0,42211,60601,0
41,237,486526,0,42222,72207,0
41,241,300480,0,42225,60836,0
41,347,355552,0,42253,52385,0
41,353,733164,0,42258,66193,0
41,355,505400,0,42260,66211,0
41,388,363810,0,42267,66297,0
41,389,852904,0,42268,66311,0
41,392,1923744,0,42271,66249,0
41,395,463042,0,42272,62966,0
41,399,200288,0,42276,66529,0
41,400,18626,0,42277,66489,0
41,403,777354,0,42278,57470,0
41,410,928228,0,42283,66421,0
41,412,742394,0,42285,58212,0
41,418,1937114,0,42290,43146,0
41,420,1440090,0,42292,60540,0
40,49,52840,0,42297,44386,0
40,55,34410,0,42301,61678,0
40,64,1301582,0,42307,43132,0
40,65,10806,0,42308,45944,0
40,68,386086,0,42310,45954,0
40,72,99728,0,42313,47541,0
40,74,496984,0,42314,47936,0
40,86,221228,0,42321,64199,0
40,92,1160020,0,42325,46830,0
40,116,985642,0,42327,53829,0
40,117,147322,0,42328,56509,0
40,119,77848,0,42330,62236,0
40,128,488988,0,42334,64329,0
40,219,134408,0,42340,49547,0
40,220,78620,0,42341,52449,0
40,221,426414,0,42342,55491,0
40,222,412372,0,42343,60600,0
40,238,486526,0,42355,71365,0
40,241,300480,0,42357,60835,0
40,360,355552,0,42385,52374,0
40,365,733164,0,42390,64609,0
40,367,505400,0,42391,64625,0
40,377,363810,0,42399,64792,0
40,379,852904,0,42401,64802,0
40,380,1921758,0,42402,64745,0
40,394,777354,0,42404,57336,0
40,400,928228,0,42409,64896,0
40,404,463042,0,42410,62832,0
40,408,200288,0,42414,64868,0
40,410,18626,0,42415,64828,0
40,411,1950358,0,42416,43136,0
40,413,1440090,0,42418,60529,0
40,419,742394,0,42423,58200,0
382,93,396820,0,42428,45018,0
382,97,234664,0,42431,58959,0
382,98,136130,0,42432,62189,0
46,372,441562,0,42439,51778,0
382,115,878938,0,42441,45249,0
382,116,133022,0,42442,54042,0
382,117,136482,0,42443,56660,0
382,118,402106,0,42444,59156,0
382,119,400578,0,42445,62426,0
382,128,72342,0,42452,64469,0
382,129,119084,0,42453,68880,0
43,128,399612,0,42456,55069,0
382,198,182744,0,42457,46854,0
382,199,451366,0,42458,52400,0
382,214,489258,0,42469,70469,0
382,215,1141714,0,42470,69432,0
382,257,593950,0,42473,43381,0
382,259,214254,0,42474,61235,0
382,268,31546,0,42480,68251,0
382,275,486544,0,42485,43608,0
382,276,503818,0,42486,56032,0
382,277,247838,0,42487,58563,0
382,373,995654,0,42502,55123,0
382,377,462384,0,42506,68994,0
382,378,928918,0,42507,69012,0
46,377,491650,0,42510,68919,0
382,394,874568,0,42512,57704,0
382,408,1418592,0,42522,69085,0
47,380,233382,0,42529,68147,0
371,93,396820,0,42536,45009,0
371,97,234664,0,42539,58950,0
371,98,136130,0,42540,62180,0
47,383,441562,0,42547,51677,0
371,115,878938,0,42549,45240,0
371,116,133022,0,42550,54033,0
371,117,136482,0,42551,56651,0
371,118,402106,0,42552,59147,0
371,119,400578,0,42553,62417,0
371,127,72342,0,42559,66056,0
371,130,119084,0,42561,67571,0
