120,369,991226,0,9397,63923,0
120,372,245420,0,9399,51785,0
120,374,1008450,0,9400,10533,0
120,376,76474,0,9402,27671,0
120,377,44190,0,9403,68940,0
120,380,358394,0,9405,68379,0
120,383,245420,0,9408,51684,0
120,385,1008450,0,9409,10423,0
120,387,76474,0,9411,27572,0
120,388,44190,0,9412,67631,0
120,392,358394,0,9415,67070,0
120,393,377356,0,9416,39866,0
120,394,328740,0,9417,56051,0
120,395,159020,0,9418,61434,0
120,397,38338,0,9420,28823,0
120,398,169708,0,9421,36661,0
120,401,554058,0,9423,27886,0
120,402,377356,0,9424,39858,0
120,403,328740,0,9425,56043,0
120,404,159020,0,9426,61426,0
120,406,38338,0,9428,28815,0
120,407,169708,0,9429,36653,0
120,409,554058,0,9431,27789,0
120,411,738542,0,9432,43527,0
120,412,38386,0,9433,58475,0
120,414,643020,0,9435,12334,0
120,418,738542,0,9439,43526,0
120,419,38386,0,9440,58474,0
120,421,643020,0,9442,12333,0
141,48,237198,0,9446,40703,0
141,49,145780,0,9447,44431,0
141,50,1442542,0,9448,44690,0
141,52,243496,0,9450,53605,0
141,59,738328,0,9454,26149,0
141,60,513948,0,9455,29847,0
141,63,806402,0,9456,65630,0
141,64,806402,0,9457,64037,0
141,65,479426,0,9458,43813,0
141,66,479426,0,9459,43802,0
141,69,850940,0,9462,72620,0
141,70,850940,0,9463,71779,0
141,72,3830,0,9464,47553,0
141,81,266454,0,9467,26388,0
141,83,1185102,0,9468,33574,0
141,89,882318,0,9473,49314,0
141,90,882318,0,9474,49219,0
102,166,185530,0,9479,30664,0
102,296,353816,0,9482,11981,0
102,297,774524,0,9483,16353,0
102,306,893632,0,9490,23897,0
102,307,893632,0,9491,23801,0
141,220,223868,0,9495,52498,0
141,224,594584,0,9497,11370,0
141,225,3382808,0,9498,11699,0
75,33,1764,0,9499,13336,0
141,227,405996,0,9500,24437,0
141,229,143662,0,9502,12576,0
141,230,987908,0,9503,35791,0
141,235,101984,0,9508,15509,0
141,236,101984,0,9509,15419,0
141,237,189854,0,9510,13560,0
141,238,189854,0,9511,13553,0
141,239,127376,0,9512,39467,0
141,241,132598,0,9513,60896,0
141,246,629004,0,9517,28400,0
141,249,33244,0,9520,65306,0
141,250,33244,0,9521,63713,0
141,255,759942,0,9526,16970,0
141,256,759942,0,9527,16969,0
141,274,330052,0,9528,39697,0
141,280,153770,0,9531,12259,0
141,281,216532,0,9532,24686,0
138,102,1112868,0,9533,24990,0
141,284,179410,0,9535,36467,0
141,287,534148,0,9538,68327,0
141,288,534148,0,9539,67018,0
141,289,411370,0,9540,27851,0
141,290,411370,0,9541,27754,0
141,291,162966,0,9542,25053,0
141,292,162966,0,9543,25052,0
138,26,53296,0,9544,43683,0
138,33,300502,0,9547,12559,0
138,34,199568,0,9548,16904,0
139,105,68882,0,9560,29470,0
141,312,11256,0,9561,52737,0
141,314,1566044,0,9563,21018,0
141,316,928694,0,9565,29181,0
141,320,373688,0,9568,29326,0
141,321,369330,0,9569,29316,0
141,324,1102312,0,9572,31864,0
141,325,1102312,0,9573,31790,0
141,330,258018,0,9575,52752,0
141,333,784748,0,9578,16940,0
141,336,974508,0,9580,29402,0
141,339,155908,0,9583,29547,0
141,340,155908,0,9584,29537,0
141,343,100686,0,9587,31873,0
141,344,100686,0,9588,31799,0
141,345,1133446,0,9589,43705,0
141,355,1058966,0,9597,66427,0
141,356,892878,0,9598,29751,0
141,357,2530774,0,9599,29750,0
141,358,1133446,0,9600,43704,0
141,367,1058966,0,9608,64902,0
141,369,2530774,0,9609,29741,0
141,370,892878,0,9610,29740,0
141,371,1131644,0,9611,29764,0
141,373,441426,0,9613,52866,0
141,375,323070,0,9614,21181,0
141,378,368230,0,9617,31736,0
141,381,695356,0,9620,31533,0
141,382,1131644,0,9621,29754,0
141,384,441426,0,9623,52855,0
141,386,323070,0,9624,21172,0
141,390,368230,0,9628,31648,0
141,391,690970,0,9629,31410,0
141,393,933646,0,9631,42724,0
141,395,414176,0,9632,63284,0
141,397,35728,0,9633,31705,0
141,399,27086,0,9635,71161,0
141,402,933646,0,9637,42649,0
141,404,414176,0,9638,63205,0
141,406,35728,0,9639,31618,0
141,408,27086,0,9641,70124,0
141,416,698048,0,9648,29433,0
141,417,265806,0,9649,29795,0
141,423,698048,0,9655,29432,0
141,424,265806,0,9656,29789,0
