202,29,140586,0,5949,53406,0
202,31,463858,0,5951,58636,0
202,32,315824,0,5952,61522,0
202,34,195220,0,5954,17790,0
99,25,864332,0,5955,21868,0
202,36,318868,0,5956,25894,0
202,38,543950,0,5958,33193,0
202,39,441822,0,5959,37049,0
202,42,152324,0,5962,68516,0
202,43,152324,0,5963,67207,0
202,44,325072,0,5964,70805,0
202,45,325072,0,5965,69768,0
202,48,277026,0,5968,40739,0
202,49,493486,0,5969,44467,0
202,50,264312,0,5970,44705,0
202,52,534128,0,5972,53639,0
202,53,201928,0,5973,56104,0
202,55,709366,0,5975,61736,0
202,57,145780,0,5977,18086,0
202,59,712410,0,5979,26185,0
202,60,282020,0,5980,29882,0
202,62,835364,0,5982,37286,0
202,63,84900,0,5983,65657,0
202,64,84900,0,5984,64064,0
202,65,388806,0,5985,46260,0
202,66,388806,0,5986,46141,0
202,67,451996,0,5987,46459,0
202,68,451996,0,5988,46375,0
202,69,257648,0,5989,72646,0
202,70,257648,0,5990,71805,0
202,72,504834,0,5992,47585,0
202,73,429442,0,5993,25933,0
99,71,52954,0,5994,21906,0
202,75,335258,0,5995,56335,0
202,76,280092,0,5996,48353,0
202,77,71540,0,5997,61906,0
120,73,683454,0,5998,8785,0
202,79,476052,0,5999,13634,0
99,27,686676,0,6000,22322,0
202,81,13842,0,6001,26418,0
143,281,106654,0,6002,24688,0
202,84,455036,0,6004,37502,0
202,85,469498,0,6005,65812,0
202,86,469498,0,6006,64219,0
202,87,395826,0,6007,49125,0
202,88,395826,0,6008,49007,0
202,89,61194,0,6009,49336,0
202,90,61194,0,6010,49241,0
202,91,409400,0,6011,47382,0
202,92,409400,0,6012,47381,0
202,93,306688,0,6013,44177,0
99,114,1700946,0,6015,17828,0
202,98,1418990,0,6018,50879,0
202,100,180446,0,6019,13406,0
202,102,831030,0,6021,25897,0
141,28,3857910,0,6022,25105,0
202,105,418110,0,6024,37052,0
202,108,1042302,0,6027,68519,0
202,109,1042302,0,6028,67210,0
202,110,29812,0,6029,51995,0
202,111,29812,0,6030,51904,0
202,114,539214,0,6033,41420,0
202,115,491736,0,6034,45121,0
202,116,467876,0,6035,53909,0
202,118,173544,0,6037,59047,0
202,119,955960,0,6038,62296,0
94,29,1552328,0,6039,9274,0
202,121,209510,0,6040,14098,0
202,122,215672,0,6041,18502,0
99,29,976288,0,6042,22520,0
202,125,143514,0,6044,33995,0
202,126,163366,0,6045,37929,0
202,127,290384,0,6046,65967,0
202,128,290384,0,6047,64374,0
202,129,470294,0,6048,68788,0
202,130,470294,0,6049,67479,0
202,131,1002024,0,6050,55283,0
202,132,1002024,0,6051,55191,0
202,133,1214830,0,6052,53418,0
202,134,1214830,0,6053,53417,0
202,135,607960,0,6054,44179,0
202,137,930758,0,6056,53409,0
202,140,791772,0,6059,57080,0
202,143,178720,0,6061,17795,0
98,176,3857910,0,6062,21872,0
141,326,1341470,0,6065,21619,0
202,152,803594,0,6070,70809,0
202,153,803594,0,6071,69772,0
202,156,417070,0,6074,41809,0
202,158,431336,0,6076,54309,0
202,159,156754,0,6077,59242,0
202,162,142004,0,6080,14511,0
104,181,106654,0,6082,22912,0
141,31,327548,0,6084,30691,0
202,168,426010,0,6086,58644,0
202,169,426010,0,6087,58643,0
202,172,418406,0,6090,60161,0
202,173,418406,0,6091,60075,0
202,174,507882,0,6092,72765,0
202,175,507882,0,6093,71924,0
202,176,318904,0,6094,42013,0
202,177,271426,0,6095,45708,0
202,178,239280,0,6096,48549,0
202,179,64418,0,6097,51215,0
202,180,608788,0,6098,54549,0
202,181,467876,0,6099,62553,0
201,181,1552328,0,6100,9946,0
202,184,269310,0,6102,19117,0
98,181,444720,0,6103,23133,0
202,186,275890,0,6104,27130,0
99,179,1680940,0,6105,30910,0
202,189,1653354,0,6107,61526,0
202,190,1653354,0,6108,61525,0
202,191,899270,0,6109,63124,0
202,192,899270,0,6110,63020,0
56,33,342996,0,6115,11424,0
202,219,193868,0,6116,13421,0
202,221,830852,0,6118,13483,0
202,222,140612,0,6119,60665,0
202,223,857722,0,6120,6485,0
202,224,1108878,0,6121,11429,0
202,225,594584,0,6122,11756,0
78,33,43834,0,6123,13339,0
202,227,143656,0,6124,24474,0
161,33,694102,0,6125,13369,0
202,230,266610,0,6127,35821,0
202,235,52840,0,6132,15533,0
202,236,52840,0,6133,15443,0
