79,186,106652,0,13206,27084,0
332,285,964772,0,13211,27286,0
332,286,964772,0,13212,27292,0
235,186,57410,0,13213,27156,0
236,186,57410,0,13214,27157,0
142,180,120920,0,13221,52818,0
75,54,2029638,0,13222,17057,0
117,76,1140556,0,13223,25138,0
142,191,44164,0,13226,30935,0
142,192,42558,0,13227,30934,0
142,195,75204,0,13230,31905,0
142,196,75204,0,13231,31831,0
162,176,217422,0,13232,40007,0
162,179,611494,0,13233,47843,0
162,180,2113984,0,13234,48022,0
162,185,1728472,0,13235,21408,0
126,76,386610,0,13236,25414,0
162,189,1333416,0,13237,34504,0
162,190,1333416,0,13238,34492,0
332,346,152538,0,13246,48656,0
332,347,280330,0,13247,54660,0
332,348,928598,0,13248,14853,0
332,350,214518,0,13250,27239,0
232,404,138650,0,13254,61833,0
332,359,152538,0,13257,48644,0
332,360,280330,0,13258,54648,0
332,361,928598,0,13259,14842,0
332,363,214518,0,13261,27227,0
231,395,157268,0,13264,61823,0
234,176,392754,0,13267,42038,0
234,179,22864,0,13268,51240,0
234,186,107320,0,13272,27155,0
234,193,410984,0,13274,69150,0
233,176,392754,0,13277,42037,0
233,179,22864,0,13278,51239,0
233,186,107320,0,13282,27154,0
233,194,439990,0,13284,67769,0
332,393,108684,0,13287,42772,0
332,397,601792,0,13291,31744,0
332,400,684952,0,13293,71338,0
332,402,108684,0,13295,42697,0
332,406,601792,0,13299,31657,0
332,410,684952,0,13302,70245,0
332,411,229332,0,13303,46617,0
332,412,245420,0,13304,60334,0
332,413,489628,0,13305,63459,0
332,414,215528,0,13306,15695,0
332,417,44190,0,13308,73018,0
332,418,229332,0,13309,46552,0
332,419,245420,0,13310,60265,0
332,420,489628,0,13311,63394,0
332,421,215528,0,13312,15630,0
332,424,44190,0,13314,72177,0
33,115,319672,0,13350,45060,0
33,116,175642,0,13351,53825,0
33,126,36974,0,13357,37858,0
33,131,460012,0,13362,52316,0
33,132,460012,0,13363,52315,0
33,133,281550,0,13364,52434,0
33,134,281550,0,13365,52427,0
33,177,97104,0,13381,45643,0
33,178,89638,0,13382,48503,0
33,180,19134,0,13383,54463,0
33,181,263614,0,13384,62467,0
33,184,140376,0,13386,19035,0
33,185,173742,0,13387,23051,0
33,186,36974,0,13388,27046,0
33,187,387490,0,13389,30842,0
33,188,535986,0,13390,34329,0
33,191,450776,0,13393,60432,0
33,192,450776,0,13394,60433,0
33,198,27436,0,13400,46637,0
33,200,636020,0,13402,58039,0
33,201,352540,0,13403,60353,0
33,204,412208,0,13405,15717,0
33,206,394796,0,13407,24129,0
33,208,298396,0,13409,31927,0
33,209,303412,0,13410,35393,0
33,212,587384,0,13413,67975,0
33,213,587384,0,13414,66666,0
33,214,77758,0,13415,70321,0
33,215,77758,0,13416,69284,0
33,257,828518,0,13436,42969,0
33,262,265468,0,13438,20665,0
33,264,399706,0,13440,31977,0
33,275,447434,0,13450,43423,0
33,277,331314,0,13451,58395,0
33,278,36974,0,13452,61276,0
33,281,473022,0,13454,24628,0
33,282,415418,0,13455,28629,0
33,283,382052,0,13456,32422,0
33,284,852334,0,13457,36410,0
33,285,367236,0,13458,65422,0
33,286,367236,0,13459,63829,0
33,287,710000,0,13460,68282,0
33,288,710000,0,13461,66973,0
33,289,939858,0,13462,24239,0
33,290,939858,0,13463,24238,0
33,293,1362842,0,13466,43005,0
33,297,40546,0,13469,15808,0
33,298,285820,0,13470,20984,0
33,315,86784,0,13485,24223,0
33,327,236834,0,13495,43855,0
33,328,577586,0,13496,47102,0
33,329,610952,0,13497,49966,0
33,330,36974,0,13498,53117,0
33,333,526848,0,13500,17406,0
33,336,360498,0,13502,36685,0
33,337,248476,0,13503,35632,0
33,338,248476,0,13504,35621,0
33,339,143890,0,13505,35529,0
33,340,143890,0,13506,35530,0
33,373,281126,0,13534,52309,0
33,384,281126,0,13544,52310,0
33,395,379446,0,13554,60439,0
33,398,375404,0,13557,35536,0
33,404,379446,0,13561,60438,0
33,407,375404,0,13564,35535,0
33,413,278972,0,13569,60585,0
33,416,94566,0,13571,35684,0
33,420,278972,0,13575,60578,0
33,423,94566,0,13577,35677,0
79,25,264312,0,13579,40373,0
79,26,28102,0,13580,44107,0
79,30,1442542,0,13581,41607,0
79,32,681756,0,13583,61475,0
79,34,861934,0,13584,17722,0
79,35,912702,0,13585,17739,0
