254,309,1587196,0,19831,30231,0
254,327,958260,0,19833,43970,0
254,328,255270,0,19834,47213,0
254,335,246102,0,19839,25665,0
254,341,292574,0,19841,70714,0
254,393,371014,0,19844,41166,0
254,395,43124,0,19846,62048,0
254,399,582152,0,19850,49374,0
238,89,253956,0,19853,44846,0
254,412,241938,0,19854,48486,0
254,417,159550,0,19858,49388,0
254,420,110668,0,19860,62049,0
174,89,788894,0,19862,33731,0
253,25,61194,0,19865,40492,0
253,26,126804,0,19866,44225,0
253,27,531134,0,19867,47411,0
253,29,561498,0,19868,53449,0
253,32,9000,0,19871,61562,0
214,73,133642,0,19873,25944,0
253,37,882318,0,19874,29681,0
253,39,284980,0,19876,37097,0
253,47,21086,0,19880,41159,0
253,136,131964,0,19882,48181,0
253,176,146832,0,19893,42053,0
172,178,1237032,0,19894,33673,0
253,178,255270,0,19895,48590,0
253,180,246102,0,19897,54590,0
253,187,351468,0,19903,30951,0
253,198,531134,0,19907,46737,0
44,73,133642,0,19908,46752,0
253,201,284980,0,19910,60453,0
253,206,561498,0,19914,24251,0
253,209,9000,0,19917,35551,0
253,215,1574,0,19920,69380,0
253,293,134034,0,19922,30169,0
44,82,119344,0,19923,30080,0
214,82,119344,0,19926,25084,0
253,301,351468,0,19928,29465,0
250,406,662064,0,19929,30192,0
253,308,1587196,0,19930,30224,0
253,327,958260,0,19933,43969,0
253,328,255270,0,19934,47212,0
253,335,246102,0,19939,25664,0
253,342,292574,0,19941,69677,0
253,402,371014,0,19944,41158,0
253,404,43124,0,19946,62040,0
253,408,582152,0,19950,49279,0
253,413,110668,0,19954,62042,0
175,90,788894,0,19956,33724,0
237,90,254542,0,19959,44838,0
253,419,241938,0,19960,48476,0
253,424,159550,0,19964,49287,0
238,71,443602,0,19965,40791,0
238,73,1237032,0,19967,26252,0
238,82,21926,0,19974,29931,0
238,91,2626704,0,19978,49507,0
256,158,256292,0,19981,45557,0
196,50,520276,0,19987,37588,0
256,174,1804672,0,19988,49514,0
256,176,9714,0,19989,42056,0
256,179,356788,0,19992,51259,0
256,181,418406,0,19994,62597,0
256,185,708324,0,19998,23175,0
256,193,80790,0,20000,71086,0
256,194,582316,0,20001,70049,0
256,195,1204914,0,20002,72897,0
70,73,1237032,0,20003,47764,0
70,82,21926,0,20011,28222,0
70,91,2735454,0,20016,49473,0
70,125,221358,0,20018,33943,0
175,80,350928,0,20020,21357,0
175,81,221358,0,20021,25364,0
175,83,702354,0,20022,32753,0
256,327,293780,0,20026,43972,0
256,329,356788,0,20028,50078,0
256,334,708324,0,20032,21664,0
256,336,418406,0,20034,36846,0
256,341,666400,0,20035,70716,0
256,343,1033392,0,20037,72559,0
256,415,1598780,0,20042,33744,0
237,71,443602,0,20045,40790,0
237,73,1237032,0,20047,26251,0
237,82,21926,0,20054,29930,0
237,92,2626704,0,20058,49434,0
255,158,256292,0,20061,45556,0
195,50,520276,0,20067,37587,0
255,175,1804672,0,20068,49441,0
255,176,9714,0,20069,42055,0
255,179,356788,0,20072,51258,0
255,181,418406,0,20074,62596,0
255,185,708324,0,20078,23174,0
255,193,583634,0,20080,71085,0
255,194,82108,0,20081,70048,0
255,196,1204914,0,20082,72056,0
69,73,1237032,0,20083,47763,0
69,82,21926,0,20091,28221,0
69,92,2735454,0,20096,49400,0
69,125,221358,0,20098,33942,0
174,80,350928,0,20100,21356,0
174,81,221358,0,20101,25363,0
174,83,702354,0,20102,32752,0
255,327,293780,0,20106,43971,0
255,329,356788,0,20108,50077,0
255,334,708324,0,20112,21663,0
255,336,418406,0,20114,36845,0
255,342,666400,0,20116,69678,0
255,344,1033392,0,20117,71718,0
255,422,1598780,0,20122,33738,0
226,26,502334,0,20126,44198,0
226,28,590978,0,20128,41215,0
226,38,850064,0,20135,33216,0
226,39,982262,0,20136,37072,0
226,40,257310,0,20137,42347,0
226,41,257310,0,20138,42215,0
226,44,823102,0,20141,70822,0
226,45,823102,0,20142,69785,0
226,46,919036,0,20143,42911,0
226,47,919036,0,20144,42836,0
226,48,615238,0,20145,40763,0
226,49,463858,0,20146,44491,0
226,51,770048,0,20147,50251,0
226,52,414832,0,20148,53660,0
226,53,394850,0,20149,56127,0
226,55,118894,0,20151,61758,0
164,49,307956,0,20155,33415,0
226,62,667792,0,20156,37305,0
226,67,426010,0,20161,44533,0
226,68,426010,0,20162,44532,0
