186,344,77758,0,27223,71681,0
186,345,159020,0,27224,44047,0
186,352,1352198,0,27231,38609,0
186,354,152708,0,27233,38580,0
186,358,159020,0,27236,44036,0
186,366,1352198,0,27244,38468,0
186,368,152708,0,27246,38448,0
186,379,1598848,0,27255,38817,0
186,389,1598848,0,27265,38708,0
186,394,185486,0,27269,38114,0
186,397,1073500,0,27271,29492,0
186,403,185486,0,27277,38115,0
186,406,1073500,0,27279,29493,0
186,415,1296674,0,27287,33019,0
186,416,24220,0,27288,36871,0
186,422,1296674,0,27293,33020,0
186,423,24220,0,27294,36872,0
363,48,952558,0,27296,40888,0
363,49,283238,0,27297,44615,0
363,51,317278,0,27299,50338,0
363,53,55192,0,27301,56245,0
363,55,343156,0,27302,61830,0
363,60,77126,0,27306,30011,0
363,62,788838,0,27307,37394,0
363,63,240752,0,27308,65749,0
363,66,1232660,0,27309,46066,0
287,63,122734,0,27310,46049,0
363,69,399312,0,27312,72730,0
363,71,118732,0,27314,41123,0
363,75,234664,0,27317,56442,0
363,77,582384,0,27318,62008,0
363,84,343924,0,27321,37604,0
289,346,871412,0,27324,48911,0
363,115,207176,0,27327,45233,0
363,116,275146,0,27328,54026,0
363,118,4116,0,27330,59140,0
363,119,312388,0,27331,62410,0
363,125,543736,0,27336,34093,0
363,129,41678,0,27338,68875,0
363,130,1589294,0,27339,67566,0
290,347,773810,0,27340,54908,0
363,219,323022,0,27342,49719,0
363,221,594752,0,27344,55655,0
363,222,130962,0,27345,60771,0
363,228,572818,0,27351,28288,0
363,230,576644,0,27352,35930,0
363,231,165850,0,27353,65229,0
363,239,196856,0,27359,39596,0
363,241,279462,0,27360,61004,0
363,246,234664,0,27363,28565,0
363,248,646846,0,27364,36149,0
363,345,472240,0,27370,46055,0
363,346,415650,0,27371,48918,0
286,127,174426,0,27372,54914,0
363,351,922176,0,27376,66185,0
290,351,196130,0,27379,66178,0
363,377,856502,0,27386,66389,0
363,382,108626,0,27389,42398,0
363,383,581486,0,27390,51622,0
363,388,1120606,0,27394,66301,0
289,353,331774,0,27395,66295,0
292,353,716620,0,27396,66296,0
290,354,611572,0,27402,66076,0
289,356,1593780,0,27410,66072,0
292,345,536196,0,27411,46050,0
292,337,177718,0,27415,38584,0
350,48,952558,0,27417,40877,0
350,49,283238,0,27418,44604,0
350,51,317278,0,27420,50327,0
350,53,55192,0,27422,56234,0
350,55,343156,0,27423,61819,0
350,60,77126,0,27427,30000,0
350,62,788838,0,27428,37383,0
350,64,240752,0,27429,64156,0
350,65,1232660,0,27430,45948,0
288,64,122734,0,27432,45930,0
350,70,399312,0,27434,71884,0
350,71,118732,0,27435,41112,0
350,75,234664,0,27438,56431,0
350,77,582384,0,27439,61997,0
350,84,343924,0,27442,37593,0
290,359,871412,0,27445,48786,0
350,115,207176,0,27448,45222,0
350,116,275146,0,27449,54015,0
350,118,4116,0,27451,59129,0
350,119,312388,0,27452,62399,0
350,125,543736,0,27457,34082,0
350,129,1589294,0,27459,68868,0
350,130,41678,0,27460,67559,0
289,360,773810,0,27462,54788,0
350,219,323022,0,27463,49708,0
350,221,594752,0,27465,55644,0
350,222,130962,0,27466,60760,0
350,228,572818,0,27472,28277,0
350,230,576644,0,27473,35919,0
350,232,165850,0,27474,63636,0
350,239,196856,0,27480,39585,0
350,241,279462,0,27481,60993,0
350,246,234664,0,27484,28554,0
350,248,646846,0,27485,36138,0
350,358,472240,0,27491,45937,0
350,359,415650,0,27492,48793,0
285,128,174426,0,27493,54795,0
350,364,922176,0,27497,64592,0
289,364,196130,0,27501,64584,0
350,371,108626,0,27503,42266,0
350,372,581486,0,27504,51488,0
350,377,1120606,0,27508,64796,0
290,365,331774,0,27509,64790,0
291,365,716620,0,27510,64791,0
350,388,856502,0,27515,64708,0
290,370,1593780,0,27524,64484,0
289,368,611572,0,27530,64478,0
291,358,524530,0,27532,45932,0
291,338,184140,0,27536,38451,0
387,25,122898,0,27538,40613,0
387,26,223262,0,27539,44343,0
387,27,38674,0,27540,47498,0
387,31,676050,0,27543,58780,0
387,32,410978,0,27544,61636,0
387,38,697984,0,27548,33329,0
387,39,856660,0,27549,37182,0
387,42,1028182,0,27550,68603,0
387,44,190238,0,27551,70893,0
288,46,9474,0,27552,41556,0
285,42,578584,0,27553,42607,0
387,93,4564,0,27555,45022,0
387,95,690844,0,27557,50737,0
