81,309,483672,0,26445,28516,0
81,326,96844,0,26446,40121,0
81,343,1073500,0,26459,37977,0
81,344,1073500,0,26460,37988,0
81,353,162782,0,26467,65386,0
81,355,392556,0,26468,65359,0
81,365,162782,0,26475,63801,0
81,367,392556,0,26477,63766,0
81,371,779504,0,26479,39619,0
81,382,779504,0,26488,39608,0
81,395,1665818,0,26498,60969,0
81,397,434772,0,26500,28515,0
81,404,1665818,0,26506,60968,0
81,406,434772,0,26508,28514,0
102,159,3830,0,26527,59214,0
102,160,1442542,0,26528,59378,0
102,170,882318,0,26533,59953,0
102,171,882318,0,26534,59847,0
102,176,239492,0,26539,41985,0
102,177,539464,0,26540,45681,0
102,178,139206,0,26541,48523,0
102,180,150314,0,26542,54520,0
102,181,333218,0,26543,62524,0
102,188,536538,0,26547,34366,0
102,189,232680,0,26548,61219,0
102,190,232680,0,26549,61207,0
102,195,471930,0,26554,72859,0
102,196,471930,0,26555,72018,0
102,220,847986,0,26556,52481,0
102,221,53250,0,26557,55536,0
102,222,615932,0,26558,60632,0
102,231,96484,0,26565,65119,0
102,232,96484,0,26566,63526,0
102,310,866000,0,26573,39893,0
102,311,960072,0,26574,44860,0
102,322,759942,0,26583,32308,0
102,323,759942,0,26584,32307,0
102,324,33244,0,26585,72369,0
102,325,33244,0,26586,71528,0
102,327,48776,0,26587,43876,0
102,336,407146,0,26593,36744,0
102,339,55220,0,26596,38762,0
102,340,55220,0,26597,38653,0
102,341,1296674,0,26598,37999,0
102,342,1296674,0,26599,38008,0
102,345,922556,0,26602,43364,0
102,358,922556,0,26613,43352,0
102,373,690844,0,26625,55077,0
102,377,27086,0,26628,68928,0
102,381,441794,0,26630,68239,0
102,384,690844,0,26632,54978,0
102,388,27086,0,26635,67619,0
102,391,441794,0,26637,66930,0
102,413,599290,0,26655,61184,0
102,420,599290,0,26661,61183,0
145,48,581648,0,26666,40706,0
145,49,504154,0,26667,44434,0
145,51,597236,0,26669,50199,0
145,63,28790,0,26676,65633,0
145,64,28790,0,26677,64040,0
145,65,240458,0,26678,43815,0
145,66,240458,0,26679,43804,0
145,72,225080,0,26684,47400,0
145,89,119344,0,26691,49316,0
145,90,119344,0,26692,49221,0
145,91,390530,0,26693,40979,0
145,92,390530,0,26694,40978,0
145,116,308336,0,26696,53861,0
145,119,22576,0,26698,62267,0
145,124,166130,0,26702,30463,0
145,127,801358,0,26704,65945,0
145,128,801358,0,26705,64352,0
145,129,212368,0,26706,68765,0
145,130,212368,0,26707,67456,0
145,133,768492,0,26710,52798,0
145,134,768492,0,26711,52797,0
145,230,1429944,0,26720,35793,0
145,237,960890,0,26727,72256,0
145,238,960890,0,26728,71415,0
145,241,1046486,0,26730,60899,0
145,246,690098,0,26733,28404,0
145,249,362438,0,26736,65308,0
145,250,362438,0,26737,63715,0
145,293,27642,0,26744,43687,0
145,300,65016,0,26751,28924,0
145,302,1283724,0,26752,29068,0
145,303,1283724,0,26753,29056,0
145,304,436018,0,26754,29091,0
145,305,436018,0,26755,29080,0
145,306,861710,0,26756,70530,0
145,307,861710,0,26757,69493,0
145,312,1217138,0,26761,52739,0
145,318,2094752,0,26766,29306,0
145,319,2094752,0,26767,29294,0
145,320,2610028,0,26768,29328,0
145,321,2611634,0,26769,29318,0
145,330,828518,0,26775,52755,0
145,345,301686,0,26789,43793,0
145,347,330494,0,26791,52846,0
145,352,183078,0,26796,31326,0
145,356,896760,0,26799,31300,0
145,358,301686,0,26800,43783,0
145,360,330494,0,26802,52835,0
145,366,189332,0,26808,31179,0
145,370,896760,0,26810,31162,0
145,372,1043290,0,26812,30389,0
145,383,1043290,0,26823,30380,0
145,395,279462,0,26834,63286,0
145,398,646846,0,26837,38952,0
145,399,190436,0,26838,71163,0
145,404,279462,0,26842,63207,0
145,407,646846,0,26845,38871,0
145,408,190436,0,26846,70126,0
145,417,52996,0,26855,30660,0
145,424,52996,0,26862,30653,0
165,25,431336,0,26863,40407,0
165,26,582814,0,26864,44141,0
165,27,172120,0,26865,47336,0
165,28,166210,0,26866,40792,0
165,32,502742,0,26868,61507,0
165,38,266446,0,26872,33161,0
165,46,37400,0,26879,42889,0
165,47,37400,0,26880,42814,0
165,110,390530,0,26887,44871,0
165,111,390530,0,26888,44870,0
165,112,134034,0,26889,52140,0
165,113,134034,0,26890,52067,0
165,114,640344,0,26891,41390,0
