297,132,119006,0,16896,55204,0
256,137,472856,0,16897,54144,0
255,137,472856,0,16898,54143,0
297,135,818680,0,16899,45369,0
297,136,371570,0,16900,48205,0
297,137,593674,0,16901,54165,0
297,138,692820,0,16902,56799,0
82,246,1462912,0,16906,18756,0
297,145,593674,0,16908,26748,0
163,138,562172,0,16909,34227,0
297,148,399484,0,16911,56841,0
297,149,399484,0,16912,56829,0
252,138,531152,0,16913,56774,0
251,138,531152,0,16914,56773,0
297,152,112880,0,16915,70972,0
297,153,112880,0,16916,69935,0
82,166,3556678,0,16925,18742,0
104,75,1084034,0,16926,22757,0
34,156,895058,0,16928,38096,0
247,150,1133266,0,16931,56405,0
247,151,1132322,0,16932,56404,0
247,152,350928,0,16933,60175,0
247,153,350928,0,16934,60089,0
163,140,120554,0,16945,34242,0
297,189,434772,0,16946,57170,0
297,190,434772,0,16947,57160,0
252,140,483672,0,16948,57117,0
251,140,483672,0,16949,57116,0
297,193,202978,0,16950,70981,0
297,194,202978,0,16951,69944,0
34,135,40546,0,16954,43081,0
34,136,22216,0,16955,46775,0
34,139,566402,0,16956,35545,0
34,152,621882,0,16967,70434,0
34,153,621882,0,16968,69397,0
57,31,1764,0,16971,39305,0
297,219,405078,0,16972,49658,0
297,220,465868,0,16973,52579,0
297,221,350756,0,16974,55629,0
297,226,636446,0,16979,20255,0
297,227,397384,0,16980,24506,0
57,139,934680,0,16982,35888,0
297,231,100316,0,16983,65204,0
297,232,100316,0,16984,63611,0
82,37,960072,0,16991,18708,0
57,143,960072,0,16996,18678,0
82,304,1243324,0,16999,18747,0
82,305,1243324,0,17000,18746,0
82,306,1296100,0,17001,19925,0
82,307,1296100,0,17002,19825,0
82,308,1243324,0,17003,18751,0
82,309,1243324,0,17004,18750,0
101,139,893150,0,17006,56396,0
34,276,1566044,0,17009,20827,0
34,334,744402,0,17011,21505,0
101,148,466032,0,17012,22811,0
101,149,466032,0,17013,22800,0
101,150,1026944,0,17014,56461,0
101,151,1026944,0,17015,56450,0
101,152,127034,0,17016,23932,0
101,153,127034,0,17017,23836,0
101,154,680774,0,17018,22766,0
101,155,680774,0,17019,22765,0
95,75,120554,0,17020,22724,0
297,277,242646,0,17023,58507,0
122,185,198180,0,17024,23120,0
297,283,107678,0,17028,32552,0
297,284,95248,0,17029,36585,0
297,285,145930,0,17030,65544,0
297,286,145930,0,17031,63951,0
297,289,119006,0,17034,27890,0
297,290,119006,0,17035,27793,0
256,145,472856,0,17036,26743,0
255,145,472856,0,17037,26742,0
163,96,1084034,0,17038,49857,0
163,137,1549234,0,17039,53008,0
97,75,765158,0,17041,21392,0
163,145,1549234,0,17042,25397,0
163,148,393056,0,17044,34269,0
163,149,393056,0,17045,34257,0
163,150,679830,0,17046,34203,0
163,151,680774,0,17047,34202,0
184,30,784748,0,17052,40251,0
184,148,434772,0,17062,38161,0
184,149,434772,0,17063,38151,0
184,150,483672,0,17064,38100,0
184,151,483672,0,17065,38099,0
184,152,202978,0,17066,70728,0
184,153,202978,0,17067,69691,0
252,148,416272,0,17077,57424,0
297,354,618378,0,17079,66514,0
255,148,93890,0,17081,57425,0
251,149,416272,0,17090,57289,0
297,368,618378,0,17091,64853,0
256,149,93890,0,17092,57292,0
252,137,196110,0,17096,54140,0
252,145,196110,0,17099,26739,0
252,150,690174,0,17100,56466,0
252,153,559158,0,17102,69080,0
252,154,3621070,0,17103,56470,0
251,137,196110,0,17107,54139,0
251,145,196110,0,17110,26738,0
251,151,690174,0,17111,56455,0
251,152,559158,0,17112,67843,0
251,155,3621070,0,17115,56458,0
297,393,36096,0,17116,42761,0
297,394,165138,0,17117,57857,0
297,395,234664,0,17118,63308,0
297,398,234664,0,17120,38987,0
297,399,89958,0,17121,71200,0
255,152,719364,0,17123,70954,0
297,402,36096,0,17124,42686,0
297,403,165138,0,17125,57770,0
297,404,234664,0,17126,63229,0
297,407,234664,0,17128,38906,0
297,408,89958,0,17129,70163,0
256,153,719364,0,17130,69918,0
256,140,117026,0,17134,57121,0
175,75,1026944,0,17136,34207,0
256,147,117026,0,17137,38104,0
256,154,703070,0,17138,56500,0
255,140,117026,0,17141,57120,0
174,75,1026944,0,17143,34206,0
255,147,117026,0,17144,38103,0
255,155,703070,0,17145,56493,0
247,25,280092,0,17146,40486,0
247,28,744402,0,17149,41034,0
104,114,611494,0,17152,17832,0
