164,119,397448,0,22896,34438,0
164,125,225080,0,22901,32754,0
164,129,120950,0,22904,35011,0
164,130,119344,0,22905,34903,0
68,104,390530,0,22906,33759,0
67,104,390530,0,22907,33758,0
164,212,135640,0,22921,35012,0
164,213,134034,0,22922,34904,0
164,264,294408,0,22931,32216,0
164,268,1297044,0,22935,35016,0
164,269,1296100,0,22936,34908,0
164,312,327598,0,22943,52943,0
164,315,327598,0,22946,25286,0
164,316,108500,0,22947,32691,0
164,320,1152,0,22950,32858,0
164,322,45604,0,22952,32765,0
164,323,45604,0,22953,32764,0
164,324,38196,0,22954,72389,0
164,325,38196,0,22955,71548,0
164,335,9930,0,22961,25304,0
164,336,246766,0,22962,32936,0
164,341,21926,0,22967,35190,0
164,342,21926,0,22968,35098,0
164,357,295754,0,22983,33856,0
164,369,295754,0,22995,33842,0
164,372,237784,0,22998,49924,0
164,378,171948,0,23004,35020,0
164,379,1212148,0,23005,35019,0
164,381,261890,0,23006,35018,0
164,383,237784,0,23008,49914,0
164,389,1227414,0,23014,34912,0
164,390,187214,0,23015,34911,0
164,391,267828,0,23016,34910,0
164,400,74654,0,23024,33868,0
164,401,85438,0,23025,33877,0
164,409,85438,0,23033,33867,0
164,410,74654,0,23034,33876,0
164,415,785392,0,23038,32762,0
164,417,331698,0,23040,33866,0
164,422,785392,0,23044,32763,0
164,424,331698,0,23046,33875,0
185,25,287144,0,23047,40424,0
185,26,252948,0,23048,44158,0
185,38,492260,0,23054,33177,0
185,40,716402,0,23056,40228,0
185,41,716402,0,23057,40227,0
185,44,334674,0,23060,70793,0
185,45,334674,0,23061,69756,0
185,46,147658,0,23062,42900,0
185,47,147658,0,23063,42825,0
185,48,290660,0,23064,40723,0
185,49,178356,0,23065,44451,0
185,51,835980,0,23066,50216,0
185,52,859088,0,23067,53624,0
185,62,725606,0,23073,37271,0
185,65,38386,0,23076,44067,0
185,66,38386,0,23077,44057,0
185,69,775198,0,23080,72635,0
185,70,775198,0,23081,71794,0
185,75,242646,0,23086,56322,0
185,87,929866,0,23093,47281,0
185,88,929866,0,23094,47272,0
185,91,356788,0,23097,49492,0
185,92,356788,0,23098,49419,0
185,93,59068,0,23099,44880,0
185,97,350756,0,23102,58836,0
185,102,793888,0,23106,26546,0
185,105,751502,0,23107,37697,0
185,110,14186,0,23112,51988,0
185,111,14186,0,23113,51897,0
185,112,531134,0,23114,52150,0
185,113,531134,0,23115,52077,0
185,114,106652,0,23116,29688,0
185,116,687460,0,23118,52785,0
185,129,978292,0,23123,30502,0
185,130,978292,0,23124,30501,0
185,133,839188,0,23127,30656,0
185,134,839188,0,23128,30649,0
140,73,143332,0,23130,46713,0
32,124,143662,0,23131,30427,0
140,97,259826,0,23132,30707,0
140,102,1921374,0,23136,24211,0
140,105,996370,0,23137,29471,0
185,218,331314,0,23146,39244,0
185,219,12560,0,23147,49614,0
185,221,434826,0,23149,55572,0
185,227,211772,0,23153,24460,0
185,230,302956,0,23154,35809,0
185,246,107678,0,23166,28442,0
185,275,263968,0,23176,43498,0
185,276,814244,0,23177,25893,0
185,281,309754,0,23181,24730,0
185,283,443814,0,23182,32506,0
185,284,509208,0,23183,36503,0
185,285,19174,0,23184,65497,0
185,286,19174,0,23185,63904,0
185,289,542306,0,23188,27867,0
185,290,542306,0,23189,27770,0
185,291,535948,0,23190,28038,0
185,292,535948,0,23191,27961,0
185,326,93780,0,23192,40154,0
185,329,1176298,0,23195,50036,0
185,330,388634,0,23196,53204,0
185,335,608364,0,23199,25603,0
185,336,87394,0,23200,36782,0
185,337,552936,0,23201,36856,0
185,338,552936,0,23202,36855,0
185,341,224382,0,23205,70677,0
185,342,224382,0,23206,69640,0
185,343,873050,0,23207,72521,0
185,344,873050,0,23208,71680,0
185,345,491786,0,23209,43982,0
185,346,371696,0,23210,47223,0
185,347,1190240,0,23211,30498,0
185,351,169832,0,23215,37800,0
185,352,550810,0,23216,38608,0
185,353,1066944,0,23217,38600,0
185,354,757690,0,23218,66496,0
185,355,626386,0,23219,66439,0
185,357,486468,0,23220,66576,0
185,358,491786,0,23221,43981,0
185,359,371696,0,23222,47222,0
185,360,1190240,0,23223,30497,0
185,364,169832,0,23227,37788,0
185,365,1066944,0,23228,38475,0
185,366,550810,0,23229,38467,0
185,367,626386,0,23230,64914,0
185,368,757690,0,23231,64835,0
