358,241,65290,0,45906,61000,0
358,249,329098,0,45912,65373,0
358,276,868696,0,45919,56012,0
358,277,225214,0,45920,58543,0
358,285,170318,0,45927,65562,0
358,347,439248,0,45934,54909,0
68,351,114838,0,45940,66099,0
358,356,1255294,0,45942,66230,0
65,106,179284,0,45945,51534,0
65,347,653342,0,45946,54849,0
65,353,1119538,0,45949,65240,0
65,354,1789730,0,45950,65242,0
65,355,2419448,0,45951,65241,0
67,148,527406,0,45962,57368,0
67,355,774632,0,45966,65248,0
358,412,538288,0,45968,59821,0
358,417,494888,0,45972,66653,0
358,420,1315730,0,45973,62972,0
358,424,884208,0,45976,66597,0
345,75,36096,0,45980,56427,0
345,86,19306,0,45986,64276,0
345,91,283354,0,45989,48832,0
345,116,273114,0,45992,54011,0
345,117,329136,0,45993,56629,0
345,119,775242,0,45995,62395,0
345,129,380696,0,46002,68866,0
67,360,251654,0,46005,54731,0
345,133,1018030,0,46006,54830,0
345,219,951866,0,46007,49704,0
345,220,245438,0,46008,52609,0
345,232,1094382,0,46018,63632,0
345,237,420558,0,46021,72334,0
345,241,65290,0,46024,60989,0
345,250,329098,0,46030,63780,0
345,276,868696,0,46037,56001,0
345,277,225214,0,46038,58532,0
345,286,170318,0,46045,63969,0
345,360,439248,0,46052,54790,0
67,364,114838,0,46059,64505,0
345,370,1223086,0,46061,64632,0
66,107,179284,0,46063,51392,0
66,360,653342,0,46064,54730,0
66,365,1119538,0,46067,63647,0
66,367,2419448,0,46068,63649,0
66,368,1789730,0,46069,63648,0
68,149,527406,0,46073,57234,0
68,367,774632,0,46077,63660,0
345,413,1294044,0,46086,62844,0
345,417,881260,0,46089,65060,0
345,419,534500,0,46090,59675,0
345,424,492194,0,46094,65004,0
66,94,269742,0,46111,50406,0
66,95,216946,0,46112,50620,0
66,97,119006,0,46113,58824,0
66,108,130326,0,46119,68637,0
66,110,1103696,0,46120,49745,0
66,116,915652,0,46124,53850,0
66,117,39914,0,46125,56529,0
66,118,147658,0,46126,59026,0
66,119,233892,0,46127,62257,0
66,128,489836,0,46132,64344,0
66,129,981408,0,46133,68757,0
66,132,210600,0,46134,52648,0
66,198,398770,0,46137,46667,0
66,200,919036,0,46139,58065,0
66,201,53762,0,46140,60380,0
66,259,8780,0,46154,61070,0
66,381,70782,0,46189,69019,0
66,394,886824,0,46191,55679,0
66,400,76548,0,46196,69169,0
64,153,261122,0,46198,55678,0
66,410,1326820,0,46203,69093,0
66,417,15828,0,46208,69271,0
66,419,253246,0,46209,60033,0
64,196,886370,0,46210,63175,0
65,94,269742,0,46230,50405,0
65,95,216946,0,46231,50619,0
65,97,119006,0,46232,58823,0
65,109,130326,0,46238,67328,0
65,111,1103696,0,46240,49733,0
65,116,915652,0,46243,53849,0
65,117,39914,0,46244,56528,0
65,118,147658,0,46245,59025,0
65,119,233892,0,46246,62256,0
65,127,489836,0,46250,65937,0
65,130,981408,0,46252,67448,0
65,131,210600,0,46253,52638,0
65,198,398770,0,46256,46666,0
65,200,919036,0,46258,58064,0
65,201,53762,0,46259,60379,0
65,259,8780,0,46273,61069,0
65,391,96902,0,46307,67715,0
63,152,261122,0,46310,55669,0
65,400,1327522,0,46315,67860,0
65,403,886824,0,46317,55668,0
65,410,80424,0,46322,67784,0
65,412,250704,0,46323,59927,0
63,195,910556,0,46324,63076,0
65,424,17994,0,46332,67910,0
68,29,34410,0,46335,53365,0
68,137,300480,0,46349,54096,0
68,138,99728,0,46350,56712,0
68,180,77848,0,46361,54492,0
68,181,985642,0,46362,62496,0
68,193,583000,0,46368,71027,0
68,198,558176,0,46371,46669,0
68,199,412372,0,46372,52228,0
68,200,257310,0,46373,58067,0
68,201,78620,0,46374,60382,0
68,214,139622,0,46384,70348,0
68,328,131800,0,46394,47131,0
68,329,84668,0,46395,49995,0
68,341,284044,0,46401,70627,0
68,395,288410,0,46406,60812,0
68,412,302672,0,46412,60205,0
67,29,34410,0,46419,53364,0
67,137,300480,0,46433,54095,0
67,138,99728,0,46434,56711,0
67,180,77848,0,46445,54491,0
67,181,985642,0,46446,62495,0
67,194,594982,0,46452,69990,0
67,198,558176,0,46455,46668,0
67,199,412372,0,46456,52227,0
67,200,257310,0,46457,58066,0
67,201,78620,0,46458,60381,0
67,215,139622,0,46468,69311,0
67,328,131800,0,46478,47130,0
67,329,84668,0,46479,49994,0
