49,71,321802,0,18102,39169,0
49,73,353070,0,18103,47749,0
49,74,650074,0,18104,47945,0
49,85,115988,0,18114,65093,0
49,86,115988,0,18115,63500,0
57,266,289634,0,18130,23437,0
57,267,289634,0,18131,23288,0
52,239,858080,0,18138,21799,0
52,240,814322,0,18139,22695,0
52,246,1525644,0,18144,20949,0
52,248,1070792,0,18146,32918,0
26,82,465808,0,18156,30067,0
57,299,3830,0,18160,28847,0
54,82,2856106,0,18161,28195,0
57,302,882318,0,18162,31219,0
57,303,882318,0,18163,31081,0
57,326,353816,0,18184,40101,0
57,330,119280,0,18187,33977,0
57,334,185530,0,18190,21525,0
57,337,893632,0,18193,38504,0
57,338,893632,0,18194,38371,0
57,346,35728,0,18201,48844,0
57,350,414176,0,18204,27424,0
57,351,27086,0,18205,66091,0
57,354,963726,0,18207,65175,0
57,357,170824,0,18209,48852,0
57,359,35728,0,18210,48719,0
57,363,414176,0,18213,27303,0
57,364,27086,0,18214,64498,0
57,368,963726,0,18216,63582,0
57,369,186316,0,18217,48728,0
57,373,698048,0,18221,47954,0
57,380,1031932,0,18228,49193,0
57,384,698048,0,18232,47953,0
57,392,1031874,0,18240,49069,0
57,400,1131518,0,18248,49383,0
57,410,1128500,0,18256,49282,0
57,412,323070,0,18257,48493,0
57,416,441426,0,18261,37653,0
57,419,323070,0,18263,48487,0
57,423,441426,0,18267,37647,0
101,159,1331220,0,18271,48398,0
101,166,2507166,0,18274,30142,0
101,172,276480,0,18280,48348,0
101,173,276480,0,18281,48347,0
101,177,566402,0,18285,33661,0
101,181,280092,0,18288,62523,0
101,189,443610,0,18293,61218,0
101,190,443610,0,18294,61206,0
101,193,507036,0,18297,71047,0
101,194,507036,0,18298,70010,0
101,195,789082,0,18299,72858,0
101,196,789082,0,18300,72017,0
51,77,787584,0,18303,60631,0
51,82,285820,0,18307,21098,0
51,84,429758,0,18309,35755,0
94,89,3458408,0,18330,20538,0
94,90,3458408,0,18331,20537,0
95,77,153348,0,18336,61096,0
95,84,3250228,0,18339,36244,0
101,300,1084034,0,18353,29150,0
101,304,1066652,0,18357,30207,0
101,305,1066652,0,18358,30196,0
101,308,276480,0,18361,21097,0
101,309,276480,0,18362,21096,0
101,311,3556678,0,18364,47766,0
51,125,259826,0,18365,33928,0
101,314,1675048,0,18367,21242,0
101,315,259826,0,18368,25250,0
101,322,1133266,0,18375,32293,0
101,323,1133266,0,18376,32292,0
101,324,350928,0,18377,49475,0
101,325,350928,0,18378,49402,0
101,336,280092,0,18387,36743,0
101,337,443610,0,18388,36351,0
101,338,443610,0,18389,36339,0
101,341,507036,0,18392,70647,0
101,342,507036,0,18393,69610,0
101,343,789082,0,18394,72490,0
101,344,789082,0,18395,71649,0
101,347,323070,0,18398,22634,0
101,350,323070,0,18400,20888,0
101,352,1260520,0,18402,65887,0
101,353,943480,0,18403,65880,0
101,357,279124,0,18406,23506,0
101,360,323070,0,18409,22623,0
101,363,323070,0,18411,20877,0
101,365,943480,0,18413,64295,0
101,366,1260520,0,18414,64286,0
101,369,279124,0,18416,23358,0
101,373,797744,0,18419,48067,0
101,376,797744,0,18422,26489,0
101,379,344018,0,18425,49106,0
101,381,868334,0,18426,49108,0
101,384,797744,0,18428,48058,0
101,387,797744,0,18431,26480,0
101,388,15180,0,18432,49043,0
101,389,343696,0,18433,48989,0
101,391,885168,0,18435,48990,0
101,394,393056,0,18437,22764,0
101,395,300718,0,18438,61168,0
101,398,300718,0,18441,36318,0
101,399,651780,0,18442,22469,0
101,400,1369512,0,18443,22471,0
101,403,393056,0,18446,22763,0
101,404,300718,0,18447,61167,0
101,407,300718,0,18450,36317,0
101,408,651780,0,18451,22460,0
101,410,1369512,0,18453,22461,0
122,135,410330,0,18468,45306,0
118,221,744402,0,18473,34166,0
122,150,117026,0,18477,56462,0
122,151,117026,0,18478,56451,0
122,152,221060,0,18479,70927,0
122,153,221060,0,18480,69890,0
122,154,483672,0,18481,55971,0
122,155,483672,0,18482,55970,0
122,176,40272,0,18483,42000,0
122,181,73098,0,18486,62539,0
52,178,143662,0,18490,34381,0
122,189,26924,0,18491,62884,0
122,190,26924,0,18492,62756,0
122,195,185486,0,18497,61399,0
122,196,185486,0,18498,61388,0
122,201,725050,0,18501,60411,0
122,208,86130,0,18507,31995,0
122,209,61062,0,18508,35475,0
122,212,203302,0,18511,68034,0
