100,284,787584,0,13882,36243,0
100,293,652158,0,13891,43237,0
100,297,1518794,0,13893,16351,0
100,300,1549234,0,13896,29149,0
100,308,300718,0,13904,21213,0
100,309,300718,0,13905,21206,0
100,310,859600,0,13906,39891,0
100,314,690098,0,13910,21241,0
100,318,196110,0,13914,32359,0
100,319,196110,0,13915,32346,0
100,322,472856,0,13918,32278,0
100,323,472856,0,13919,32277,0
100,324,362438,0,13920,72368,0
100,325,362438,0,13921,71527,0
100,334,59068,0,13928,21560,0
100,335,529804,0,13929,25563,0
100,336,73388,0,13930,36742,0
100,339,472898,0,13933,38761,0
100,340,472898,0,13934,38652,0
100,341,613720,0,13935,70646,0
100,342,613720,0,13936,69609,0
100,343,42732,0,13937,72489,0
100,344,42732,0,13938,71648,0
100,349,1043290,0,13942,16501,0
100,350,1816,0,13943,20887,0
100,356,1553708,0,13949,23575,0
100,362,1043290,0,13954,16490,0
100,363,1816,0,13955,20876,0
100,370,1553692,0,13962,23420,0
100,371,529488,0,13963,42542,0
100,373,4564,0,13964,55076,0
100,377,190436,0,13968,68927,0
100,381,372864,0,13971,68274,0
100,382,529488,0,13972,42434,0
100,384,4564,0,13973,54977,0
100,388,190436,0,13977,67618,0
100,391,367530,0,13980,66965,0
100,393,211520,0,13981,21901,0
100,398,180144,0,13986,36304,0
100,399,221866,0,13987,22273,0
100,402,211520,0,13989,21900,0
100,407,180144,0,13994,36303,0
100,408,221866,0,13995,22265,0
100,411,330494,0,13997,43414,0
100,413,301686,0,13999,61268,0
100,418,330494,0,14003,43408,0
100,420,301686,0,14005,61262,0
121,25,581006,0,14009,40390,0
121,26,904770,0,14010,44124,0
121,31,508050,0,14013,58621,0
121,36,486480,0,14015,25843,0
121,38,460860,0,14016,33145,0
121,39,76968,0,14017,37019,0
121,40,224,0,14018,42332,0
121,41,224,0,14019,42200,0
121,42,461666,0,14020,68480,0
121,43,461666,0,14021,67171,0
121,44,102218,0,14022,70768,0
121,45,102218,0,14023,69731,0
121,46,738542,0,14024,39881,0
121,47,738542,0,14025,39874,0
121,48,364542,0,14026,40689,0
121,49,592270,0,14027,44417,0
121,51,302396,0,14028,50182,0
121,53,82882,0,14029,56090,0
121,55,365026,0,14031,61707,0
121,59,195992,0,14033,26135,0
121,60,880344,0,14034,29834,0
121,62,486480,0,14035,37254,0
121,63,18042,0,14036,65620,0
121,64,18042,0,14037,64027,0
121,69,221274,0,14042,72611,0
121,70,221274,0,14043,71770,0
121,136,322206,0,14045,48139,0
121,139,536454,0,14047,56911,0
121,145,555740,0,14050,26700,0
121,154,346908,0,14059,56066,0
121,155,346908,0,14060,56060,0
121,156,744132,0,14061,41795,0
121,159,159012,0,14063,59228,0
121,160,425892,0,14064,59391,0
121,165,463266,0,14066,26896,0
121,167,361964,0,14068,38246,0
121,170,561498,0,14071,59964,0
121,171,561498,0,14072,59858,0
121,172,716402,0,14073,58489,0
121,173,716402,0,14074,58488,0
121,180,380724,0,14081,54534,0
121,181,292752,0,14082,62538,0
121,187,96844,0,14085,30895,0
121,193,546492,0,14091,61355,0
121,194,546492,0,14092,61354,0
121,197,447434,0,14095,42987,0
121,200,1155366,0,14096,58104,0
121,201,1222012,0,14097,60410,0
121,206,365026,0,14101,24169,0
121,274,676722,0,14130,39679,0
118,277,1480610,0,14131,26203,0
121,276,353964,0,14132,55880,0
121,277,93780,0,14133,58413,0
121,278,152942,0,14134,61310,0
121,281,166728,0,14137,24666,0
121,282,993904,0,14138,28663,0
121,284,364606,0,14140,36448,0
121,287,829116,0,14143,68311,0
121,288,829116,0,14144,67002,0
121,289,1532926,0,14145,24775,0
121,290,1532926,0,14146,24774,0
121,293,67202,0,14149,43671,0
121,298,596380,0,14153,24971,0
121,299,30708,0,14154,28885,0
121,301,498160,0,14156,29383,0
121,302,146832,0,14157,31250,0
121,303,146832,0,14158,31112,0
121,304,9714,0,14159,31510,0
121,305,9714,0,14160,31386,0
121,306,68410,0,14161,70517,0
121,307,68410,0,14162,69480,0
97,27,1136198,0,14165,22320,0
97,81,934680,0,14168,20741,0
118,81,2234,0,14169,24708,0
118,84,1079910,0,14171,32914,0
118,87,132796,0,14174,34990,0
118,88,133642,0,14175,34882,0
118,89,155648,0,14176,25362,0
118,90,155648,0,14177,25361,0
121,326,638108,0,14180,40135,0
121,327,711612,0,14181,43890,0
