111,171,56844,0,49927,59851,0
110,171,1357784,0,49928,59850,0
108,172,618412,0,49938,58350,0
109,173,618412,0,49946,58358,0
109,159,785392,0,49949,59218,0
109,174,476002,0,49953,58357,0
108,159,785392,0,49955,59217,0
108,175,476002,0,49959,58348,0
329,29,400100,0,49963,53501,0
329,31,492260,0,49964,58729,0
329,32,541762,0,49965,61585,0
329,44,276478,0,49974,70875,0
329,45,276478,0,49975,69838,0
329,52,221494,0,49982,53734,0
329,55,457900,0,49984,61800,0
329,69,640690,0,49996,72713,0
329,70,640690,0,49997,71872,0
329,75,107678,0,50001,56411,0
329,116,174194,0,50013,53995,0
329,118,443814,0,50014,59110,0
329,119,138888,0,50015,62379,0
329,127,624712,0,50021,66034,0
329,128,624712,0,50022,64441,0
329,131,419404,0,50025,55306,0
329,132,419404,0,50026,55214,0
329,133,448642,0,50027,55464,0
329,134,448642,0,50028,55392,0
329,180,453660,0,50032,54629,0
329,181,167486,0,50033,62633,0
107,181,388766,0,50039,62527,0
106,181,388766,0,50040,62526,0
329,193,123008,0,50043,71114,0
329,194,123008,0,50044,70077,0
329,195,813956,0,50045,72926,0
329,196,813956,0,50046,72085,0
329,220,294018,0,50049,52593,0
329,237,70434,0,50063,72323,0
329,238,70434,0,50064,71482,0
329,259,498426,0,50081,61188,0
157,195,621882,0,50105,72434,0
157,196,621882,0,50106,71593,0
107,189,726338,0,50112,61220,0
107,191,1796024,0,50113,62952,0
107,193,526624,0,50115,66520,0
107,194,859596,0,50116,66455,0
107,195,402278,0,50117,66644,0
106,190,726338,0,50123,61208,0
106,192,1796024,0,50125,62816,0
106,193,857452,0,50126,64930,0
106,194,524480,0,50127,64859,0
106,196,402278,0,50128,64995,0
200,419,1295716,0,50130,51342,0
329,373,1022570,0,50131,54680,0
109,189,447944,0,50137,61222,0
200,412,1295716,0,50140,51332,0
329,384,1022570,0,50141,54670,0
108,190,447944,0,50148,61209,0
329,394,541400,0,50150,57867,0
329,395,543736,0,50151,63317,0
329,403,541400,0,50158,57780,0
329,404,543736,0,50159,63238,0
329,412,738242,0,50166,60332,0
329,417,30712,0,50170,73016,0
329,419,738242,0,50172,60263,0
329,424,30712,0,50176,72175,0
51,118,492260,0,50179,59017,0
51,119,167342,0,50180,62246,0
51,129,108830,0,50187,68749,0
51,130,108830,0,50188,67440,0
51,133,336860,0,50191,55411,0
51,134,336860,0,50192,55339,0
51,138,99562,0,50195,56700,0
51,150,371696,0,50203,55673,0
51,151,371696,0,50204,55663,0
51,152,315072,0,50205,70911,0
51,153,315072,0,50206,69874,0
51,180,255746,0,50211,54479,0
51,181,333222,0,50212,62483,0
51,191,351726,0,50222,60789,0
51,192,351726,0,50223,60779,0
51,195,132510,0,50226,72830,0
51,196,132510,0,50227,71989,0
51,200,850064,0,50228,58055,0
51,212,37516,0,50239,67988,0
51,213,37516,0,50240,66679,0
51,214,1428640,0,50241,70333,0
51,215,1428640,0,50242,69296,0
51,220,919938,0,50246,52459,0
51,237,531700,0,50261,72213,0
51,238,531700,0,50262,71372,0
51,259,329894,0,50264,61061,0
51,268,159012,0,50272,68150,0
51,269,159012,0,50273,66841,0
51,295,1055616,0,50279,52682,0
51,324,202978,0,50304,72261,0
51,325,202978,0,50305,71420,0
51,330,6062,0,50309,53133,0
51,347,323022,0,50324,54839,0
51,353,147966,0,50329,65236,0
51,355,2282384,0,50331,65124,0
51,356,736880,0,50332,66605,0
51,360,323022,0,50335,54720,0
51,365,147966,0,50340,63643,0
51,367,2282384,0,50341,63532,0
51,370,736880,0,50344,64956,0
51,373,499452,0,50347,52642,0
51,384,499452,0,50358,52632,0
51,394,929866,0,50367,55544,0
51,395,533448,0,50368,60640,0
51,403,929866,0,50374,55543,0
51,404,533448,0,50375,60639,0
51,412,678460,0,50381,60281,0
51,413,499848,0,50382,63410,0
51,417,114494,0,50386,72954,0
51,419,678460,0,50387,60212,0
51,420,499848,0,50388,63345,0
51,424,114494,0,50392,72113,0
94,55,30708,0,50397,61686,0
94,63,59302,0,50403,65600,0
94,64,59302,0,50404,64007,0
94,157,294408,0,50412,50982,0
94,160,3830,0,50414,59373,0
94,168,45604,0,50418,58268,0
94,169,45604,0,50419,58267,0
94,174,785392,0,50424,58353,0
94,175,785392,0,50425,58344,0
94,180,421628,0,50429,54514,0
94,181,504834,0,50430,62518,0
