163,129,132796,0,18913,35023,0
163,130,133642,0,18914,34915,0
68,125,155648,0,18915,33941,0
67,125,155648,0,18916,33940,0
163,206,536454,0,18925,24189,0
163,208,739710,0,18926,32011,0
163,209,285090,0,18927,35493,0
163,212,32802,0,18930,68048,0
163,213,32802,0,18931,66739,0
163,214,285162,0,18932,70390,0
163,215,285162,0,18933,69353,0
97,77,1518794,0,18936,61113,0
97,83,389920,0,18939,32215,0
97,84,1518794,0,18940,36262,0
97,89,1133266,0,18945,21355,0
97,90,1133266,0,18946,21354,0
159,71,65016,0,18949,39924,0
54,125,668546,0,18951,33930,0
159,83,758368,0,18954,32690,0
159,87,1883876,0,18957,32749,0
159,88,1883876,0,18958,32748,0
159,91,702354,0,18961,49477,0
159,92,702354,0,18962,49404,0
163,346,1416,0,18964,33691,0
163,352,1061500,0,18969,34773,0
163,353,273074,0,18970,34772,0
163,356,735830,0,18972,65909,0
163,357,288270,0,18973,65903,0
163,359,1416,0,18975,33680,0
163,365,275020,0,18980,34627,0
163,366,1059554,0,18981,34626,0
163,369,288270,0,18983,64315,0
163,370,735830,0,18984,64311,0
163,371,2094752,0,18985,39979,0
163,372,848064,0,18986,47774,0
163,377,2601322,0,18990,33713,0
163,381,465334,0,18993,49188,0
163,382,2094752,0,18994,39978,0
163,383,848064,0,18995,47773,0
163,388,2614392,0,18999,33704,0
163,391,482928,0,19002,49076,0
163,393,2611634,0,19003,39981,0
163,394,466032,0,19004,34205,0
68,178,179792,0,19005,34435,0
163,399,3376098,0,19008,33730,0
163,401,93188,0,19010,49377,0
163,402,2611634,0,19011,39980,0
163,403,466032,0,19012,34204,0
67,178,179792,0,19013,34434,0
163,408,3376098,0,19016,33722,0
163,409,93188,0,19017,49288,0
163,413,1043290,0,19020,62058,0
163,416,1043290,0,19023,37654,0
163,417,42564,0,19024,49529,0
163,420,1043290,0,19026,62052,0
163,423,1043290,0,19029,37648,0
163,424,42564,0,19030,49456,0
184,25,462006,0,19031,40423,0
184,26,316006,0,19032,44157,0
184,27,835980,0,19033,47352,0
184,29,1299278,0,19034,53390,0
184,40,162188,0,19041,40292,0
184,41,162188,0,19042,40281,0
184,44,350796,0,19045,70792,0
184,45,350796,0,19046,69755,0
184,46,39914,0,19047,42899,0
184,47,39914,0,19048,42824,0
184,48,227602,0,19049,40722,0
184,49,3494,0,19050,44450,0
184,58,434826,0,19054,22082,0
184,59,604502,0,19055,26168,0
184,60,492260,0,19056,29866,0
184,63,327116,0,19058,65645,0
184,64,327116,0,19059,64052,0
184,65,91322,0,19060,43968,0
184,66,91322,0,19061,43967,0
184,67,147322,0,19062,46449,0
184,68,147322,0,19063,46365,0
184,71,550740,0,19066,40985,0
184,73,739710,0,19068,47785,0
160,115,453638,0,19069,33633,0
184,81,659024,0,19074,26404,0
184,84,681986,0,19075,37488,0
184,85,159012,0,19076,65802,0
184,86,159012,0,19077,64209,0
184,89,255270,0,19080,49327,0
184,90,255270,0,19081,49232,0
184,94,99562,0,19085,50432,0
184,97,636446,0,19087,58835,0
184,105,104530,0,19091,37696,0
184,106,371696,0,19092,50122,0
184,107,371696,0,19093,50111,0
184,108,315072,0,19094,68646,0
184,109,315072,0,19095,67337,0
184,116,187226,0,19102,52991,0
184,127,700692,0,19105,33991,0
184,128,700692,0,19106,33990,0
184,131,1504366,0,19109,34129,0
184,132,1504366,0,19110,34120,0
184,197,526848,0,19113,43022,0
184,198,12560,0,19114,46712,0
184,199,89914,0,19115,52290,0
184,200,434826,0,19116,58124,0
184,206,364138,0,19120,24210,0
184,212,79670,0,19124,68060,0
184,213,79670,0,19125,66751,0
160,73,1185102,0,19131,47768,0
55,125,747594,0,19132,33931,0
160,75,1566044,0,19133,34194,0
160,81,912702,0,19137,24459,0
160,84,579310,0,19138,32983,0
160,85,1186090,0,19139,34765,0
160,86,1186090,0,19140,34619,0
184,257,539154,0,19147,43274,0
184,262,43498,0,19149,20762,0
184,264,405078,0,19150,32236,0
184,265,79348,0,19151,36280,0
184,266,664760,0,19152,21739,0
184,267,664760,0,19153,21727,0
184,270,440720,0,19156,23910,0
184,271,440720,0,19157,23814,0
184,277,814244,0,19162,26205,0
184,282,850064,0,19166,28716,0
184,284,394526,0,19167,36502,0
184,287,1176558,0,19170,68356,0
184,288,1176558,0,19171,67047,0
184,289,809502,0,19172,27866,0
184,290,809502,0,19173,27769,0
