293,127,329460,0,43672,66008,0
293,128,329460,0,43673,64415,0
293,129,97890,0,43674,68828,0
293,130,97890,0,43675,67519,0
293,131,181198,0,43676,55294,0
293,132,181198,0,43677,55202,0
293,136,818680,0,43680,48201,0
293,137,251174,0,43681,54161,0
293,138,273210,0,43682,56795,0
293,148,898608,0,43689,56837,0
293,149,898608,0,43690,56825,0
293,152,483150,0,43693,70968,0
293,153,483150,0,43694,69931,0
293,154,73036,0,43695,56890,0
293,155,73036,0,43696,56885,0
26,150,443602,0,43706,57607,0
26,151,443602,0,43707,57490,0
26,152,530792,0,43708,70431,0
26,153,530792,0,43709,69394,0
293,219,79746,0,43713,49656,0
293,220,794918,0,43714,52576,0
293,221,882892,0,43715,55626,0
293,231,1303316,0,43721,65202,0
293,232,1303316,0,43722,63609,0
293,276,45600,0,43745,55972,0
293,277,281350,0,43746,58504,0
177,152,254742,0,43775,70725,0
177,153,254742,0,43776,69688,0
293,351,252420,0,43784,57440,0
65,148,556628,0,43785,57367,0
293,354,985180,0,43786,66511,0
293,357,74908,0,43788,57477,0
293,364,252420,0,43794,57306,0
66,149,556628,0,43795,57233,0
293,368,985180,0,43796,64850,0
293,369,78794,0,43797,57349,0
66,96,443610,0,43800,50782,0
66,153,124284,0,43807,69078,0
65,96,443610,0,43811,50781,0
65,152,124284,0,43817,67841,0
293,394,183198,0,43822,57854,0
293,400,403848,0,43827,70999,0
293,403,183198,0,43830,57767,0
293,410,401234,0,43836,69957,0
293,413,737984,0,43838,57215,0
293,420,737984,0,43844,57209,0
327,26,175282,0,43850,44290,0
327,32,365026,0,43854,61583,0
327,94,266134,0,43870,50507,0
327,95,913420,0,43871,50687,0
327,97,397384,0,43872,58907,0
327,98,334264,0,43873,62139,0
327,106,403084,0,43877,51319,0
327,107,403084,0,43878,51307,0
327,110,469328,0,43881,52014,0
327,111,469328,0,43882,51923,0
327,112,284980,0,43883,52175,0
327,113,284980,0,43884,52102,0
327,116,560270,0,43886,53993,0
327,119,339206,0,43888,62377,0
327,127,531132,0,43895,66032,0
327,128,531132,0,43896,64439,0
327,131,4276,0,43899,55304,0
327,132,4276,0,43900,55212,0
327,133,339062,0,43901,55462,0
327,134,339062,0,43902,55390,0
327,177,315430,0,43904,45771,0
327,179,43136,0,43905,51290,0
327,180,888542,0,43906,54627,0
327,181,289682,0,43907,62631,0
66,181,1335258,0,43915,62494,0
65,181,1335258,0,43916,62493,0
327,193,32476,0,43917,71112,0
327,194,32476,0,43918,70075,0
327,195,430152,0,43919,72924,0
327,196,430152,0,43920,72083,0
327,198,437204,0,43921,46803,0
327,199,76968,0,43922,52351,0
327,201,486480,0,43923,60503,0
327,214,535706,0,43934,70451,0
327,215,535706,0,43935,69414,0
327,219,98760,0,43939,49687,0
327,220,486480,0,43940,52592,0
327,222,195992,0,43941,60740,0
327,231,147234,0,43948,65214,0
327,232,147234,0,43949,63621,0
327,237,459120,0,43954,72322,0
327,238,459120,0,43955,71481,0
327,241,868176,0,43958,60973,0
327,249,73386,0,43965,65362,0
327,250,73386,0,43966,63769,0
327,259,893148,0,43975,61186,0
327,268,121246,0,43983,68241,0
327,269,121246,0,43984,66932,0
135,193,542896,0,44013,70577,0
135,194,542896,0,44014,69540,0
54,179,583178,0,44018,49870,0
327,345,928598,0,44031,45800,0
327,346,38338,0,44032,48653,0
327,347,169708,0,44033,54657,0
64,395,1639080,0,44039,60775,0
327,358,928598,0,44042,45789,0
327,359,38338,0,44043,48641,0
327,360,169708,0,44044,54645,0
63,404,1642982,0,44051,60763,0
66,193,1717882,0,44060,69146,0
66,196,470522,0,44062,69211,0
65,194,1724852,0,44070,67765,0
65,195,470522,0,44071,67954,0
327,394,601792,0,44074,57865,0
327,401,423360,0,44080,71278,0
327,403,601792,0,44082,57778,0
327,409,423360,0,44087,70297,0
327,411,1008450,0,44089,46613,0
327,413,76474,0,44091,63455,0
327,417,44190,0,44094,73014,0
327,418,1008450,0,44095,46548,0
327,420,76474,0,44097,63390,0
327,424,44190,0,44100,72173,0
26,72,421628,0,44101,47531,0
26,74,466774,0,44102,47928,0
26,75,183560,0,44103,56299,0
26,77,809420,0,44105,61886,0
26,85,327116,0,44110,65784,0
26,86,327116,0,44111,64191,0
26,89,126804,0,44114,49295,0
26,90,126804,0,44115,49200,0
26,115,709760,0,44118,45056,0
