39,418,278972,0,37209,43186,0
39,419,209050,0,37210,58251,0
62,25,140612,0,37216,40358,0
62,42,460012,0,37226,39344,0
62,43,460012,0,37227,39343,0
62,44,281126,0,37228,39415,0
62,45,281126,0,37229,39421,0
62,46,36574,0,37230,42879,0
62,47,36574,0,37231,42804,0
62,95,615932,0,37233,50616,0
62,97,322206,0,37234,58820,0
62,110,533448,0,37244,49759,0
62,111,533448,0,37245,49752,0
62,116,399688,0,37249,53846,0
62,119,561424,0,37252,62253,0
62,129,275918,0,37258,68755,0
62,130,275918,0,37259,67446,0
62,131,1179592,0,37260,52664,0
62,132,1179592,0,37261,52656,0
62,133,60992,0,37262,55417,0
62,134,60992,0,37263,55345,0
62,176,365026,0,37264,41952,0
62,180,21196,0,37266,54486,0
62,181,410952,0,37267,62490,0
62,195,191742,0,37280,72837,0
62,196,191742,0,37281,71996,0
62,198,364986,0,37282,46663,0
62,199,1390570,0,37283,52222,0
62,201,1067482,0,37285,60376,0
62,212,499992,0,37294,67998,0
62,213,499992,0,37295,66689,0
62,231,366612,0,37309,65097,0
62,232,366612,0,37310,63504,0
62,240,182640,0,37318,55523,0
62,249,633272,0,37324,65109,0
62,250,633272,0,37325,63516,0
62,268,68410,0,37342,68156,0
62,269,68410,0,37343,66847,0
62,274,1222012,0,37348,39664,0
62,276,89914,0,37350,55866,0
62,278,313688,0,37351,61295,0
62,285,880446,0,37357,65439,0
62,286,880446,0,37358,63846,0
62,295,809088,0,37366,52688,0
62,346,824860,0,37379,48848,0
62,347,130962,0,37380,54847,0
62,353,1095318,0,37385,65222,0
62,357,823418,0,37389,66557,0
62,359,824860,0,37390,48723,0
62,360,130962,0,37391,54728,0
62,365,1095318,0,37396,63629,0
62,369,823418,0,37399,65020,0
62,371,281550,0,37401,39346,0
62,372,351726,0,37402,49699,0
62,373,46500,0,37403,52604,0
62,382,281550,0,37411,39345,0
62,383,351726,0,37412,49698,0
62,384,46500,0,37413,52603,0
62,394,56960,0,37422,55693,0
62,403,56960,0,37430,55686,0
62,413,520722,0,37438,63419,0
62,416,506918,0,37441,39086,0
62,420,520722,0,37444,63354,0
62,423,506918,0,37447,39021,0
84,25,71540,0,37449,40375,0
84,26,311248,0,37450,44109,0
84,40,236318,0,37460,42320,0
84,41,236318,0,37461,42188,0
84,42,375720,0,37462,68468,0
84,43,375720,0,37463,67159,0
84,44,234264,0,37464,70757,0
84,45,234264,0,37465,69720,0
84,138,225080,0,37469,55627,0
84,148,119344,0,37474,57379,0
84,149,119344,0,37475,57245,0
84,176,950662,0,37482,41969,0
84,177,132958,0,37483,45666,0
84,181,61430,0,37486,62508,0
84,189,338936,0,37491,62871,0
84,190,338936,0,37492,62743,0
84,191,768492,0,37493,60984,0
84,192,768492,0,37494,60983,0
84,193,1194072,0,37495,71037,0
84,194,1194072,0,37496,70000,0
84,199,809088,0,37499,52239,0
84,200,360810,0,37500,58076,0
84,239,251174,0,37516,39433,0
84,249,861710,0,37524,65284,0
84,250,861710,0,37525,63691,0
84,259,1217138,0,37534,60868,0
84,278,828518,0,37549,60883,0
84,306,362438,0,37572,70507,0
84,307,362438,0,37573,69470,0
84,347,582384,0,37590,54861,0
84,351,190436,0,37594,66110,0
84,360,582384,0,37601,54742,0
84,364,190436,0,37605,64517,0
84,395,330494,0,37633,61043,0
84,404,330494,0,37641,61035,0
105,48,312414,0,37659,40674,0
28,53,589570,0,37662,43095,0
105,63,335890,0,37669,65608,0
105,64,335890,0,37670,64015,0
105,65,417778,0,37671,46237,0
105,66,417778,0,37672,46118,0
105,69,137928,0,37675,72601,0
105,70,137928,0,37676,71760,0
105,170,134034,0,37684,59954,0
105,171,134034,0,37685,59848,0
105,176,164192,0,37690,41986,0
105,177,301766,0,37691,45682,0
105,180,72032,0,37693,54521,0
105,189,174884,0,37699,61195,0
105,190,174884,0,37700,61194,0
105,191,168950,0,37701,63102,0
105,192,168950,0,37702,62998,0
105,193,126740,0,37703,71049,0
105,194,126740,0,37704,70012,0
105,195,1296184,0,37705,72860,0
105,196,1296184,0,37706,72019,0
105,221,627006,0,37708,55538,0
105,257,251174,0,37724,43203,0
105,258,327598,0,37725,58266,0
105,259,902962,0,37726,61083,0
105,268,483150,0,37733,68169,0
105,269,483150,0,37734,66860,0
105,278,1362842,0,37742,61098,0
105,312,2023612,0,37769,52929,0
