179,403,541400,0,51360,57741,0
179,412,738242,0,51368,60296,0
179,417,30712,0,51372,72980,0
179,419,738242,0,51374,60227,0
179,424,30712,0,51378,72139,0
107,53,356788,0,51384,56078,0
107,55,9714,0,51385,61695,0
107,63,53350,0,51391,65609,0
107,69,131078,0,51395,72603,0
107,70,533346,0,51396,71762,0
107,118,21926,0,51412,58310,0
107,119,599412,0,51413,61178,0
107,129,71378,0,51418,68236,0
107,220,293780,0,51423,52485,0
107,221,356788,0,51424,55540,0
107,231,971196,0,51433,65122,0
107,237,681298,0,51437,72235,0
107,277,21926,0,51453,58282,0
107,353,1557940,0,51472,66194,0
107,377,627950,0,51481,66385,0
107,395,88302,0,51494,61224,0
107,412,562826,0,51510,58342,0
107,419,851802,0,51516,58341,0
106,53,356788,0,51526,56077,0
106,55,9714,0,51527,61694,0
106,64,53350,0,51533,64016,0
106,69,533346,0,51537,72602,0
106,70,131078,0,51538,71761,0
106,118,21926,0,51554,58309,0
106,119,599412,0,51555,61177,0
106,130,71378,0,51560,66927,0
106,220,293780,0,51565,52484,0
106,221,356788,0,51566,55539,0
106,232,971196,0,51575,63529,0
106,238,681298,0,51580,71393,0
106,277,21926,0,51595,58281,0
106,365,1557940,0,51613,64610,0
106,388,627950,0,51631,64704,0
106,404,88302,0,51644,61211,0
106,412,851802,0,51652,58329,0
106,419,562826,0,51658,58328,0
383,31,678460,0,51667,58776,0
383,117,729292,0,51681,56661,0
383,118,738242,0,51682,59157,0
383,119,460054,0,51683,62427,0
383,128,139174,0,51690,64470,0
383,129,100520,0,51691,68881,0
112,373,111994,0,51693,55081,0
383,200,678460,0,51696,58224,0
383,201,601792,0,51697,60552,0
383,259,183198,0,51710,61236,0
383,268,1041442,0,51716,68252,0
383,276,729292,0,51721,56033,0
383,277,738242,0,51722,58564,0
383,285,415126,0,51729,65578,0
383,287,412384,0,51731,68437,0
383,372,2210922,0,51735,51836,0
111,377,408396,0,51741,68932,0
110,377,445544,0,51742,68931,0
111,378,348620,0,51749,68269,0
110,150,768236,0,51752,57629,0
112,170,324924,0,51759,59958,0
112,191,54888,0,51760,63105,0
112,381,283808,0,51763,68276,0
372,31,678460,0,51768,58766,0
372,117,729292,0,51782,56652,0
372,118,738242,0,51783,59148,0
372,119,460054,0,51784,62418,0
372,127,139174,0,51790,66057,0
372,130,100520,0,51792,67572,0
113,384,111994,0,51794,54982,0
372,200,678460,0,51797,58214,0
372,201,601792,0,51798,60542,0
372,259,183198,0,51811,61227,0
372,269,1041442,0,51817,66943,0
372,276,729292,0,51822,56024,0
372,277,738242,0,51823,58555,0
372,286,415126,0,51831,63979,0
372,288,412384,0,51832,67128,0
111,388,445544,0,51842,67623,0
110,388,408396,0,51843,67622,0
111,151,768236,0,51846,57513,0
110,390,348620,0,51857,66954,0
113,171,324924,0,51860,59852,0
113,192,54888,0,51861,63001,0
113,391,283808,0,51864,66967,0
111,43,11410,0,51874,66906,0
111,181,395826,0,51893,62531,0
111,193,199682,0,51899,71051,0
111,195,177674,0,51900,72863,0
111,196,750230,0,51901,72022,0
45,268,212416,0,51910,68025,0
111,343,647160,0,51933,72493,0
111,344,280744,0,51934,71652,0
110,42,11410,0,51965,68215,0
110,181,395826,0,51984,62530,0
110,194,202812,0,51990,70014,0
110,195,750230,0,51991,72862,0
110,196,177674,0,51992,72021,0
44,269,212252,0,52001,66716,0
110,343,280744,0,52024,72492,0
110,344,647160,0,52025,71651,0
113,55,146832,0,52051,61701,0
113,158,134034,0,52062,54306,0
113,160,882318,0,52064,59387,0
109,412,391340,0,52069,58360,0
113,180,126804,0,52073,54529,0
113,181,61194,0,52074,62533,0
113,194,63718,0,52080,70015,0
113,220,958260,0,52082,52491,0
113,413,164392,0,52115,61271,0
112,55,146832,0,52124,61700,0
112,158,134034,0,52135,54305,0
112,160,882318,0,52137,59386,0
108,419,391340,0,52142,58351,0
112,180,126804,0,52146,54528,0
112,181,61194,0,52147,62532,0
112,193,64560,0,52152,71052,0
112,220,958260,0,52155,52490,0
112,420,164392,0,52188,61265,0
199,29,649756,0,52196,53403,0
199,31,667792,0,52198,58634,0
199,32,535204,0,52199,61519,0
199,44,366612,0,52207,70802,0
199,45,366612,0,52208,69765,0
199,53,991304,0,52214,56102,0
199,55,543280,0,52216,61735,0
199,69,499992,0,52229,72643,0
