67,342,284044,0,46485,69590,0
67,404,288410,0,46490,60804,0
67,419,302880,0,46496,60114,0
418,157,234664,0,46502,51159,0
418,158,214254,0,46503,54453,0
418,160,311416,0,46505,59539,0
418,178,295528,0,46513,48707,0
418,179,424040,0,46514,51373,0
418,180,400578,0,46515,54711,0
418,181,133022,0,46516,62715,0
418,193,349780,0,46522,71136,0
418,195,635302,0,46524,72946,0
418,221,365108,0,46527,55702,0
418,222,451366,0,46528,60820,0
418,231,138388,0,46536,65259,0
418,232,1492584,0,46537,63666,0
418,312,136130,0,46540,53104,0
418,328,344772,0,46549,47308,0
418,329,225904,0,46550,50171,0
418,413,857968,0,46561,63467,0
418,417,856848,0,46565,73026,0
411,157,234664,0,46567,51153,0
411,158,214254,0,46568,54447,0
411,160,311416,0,46570,59534,0
411,178,295528,0,46578,48701,0
411,179,424040,0,46579,51367,0
411,180,400578,0,46580,54705,0
411,181,133022,0,46581,62709,0
411,194,354588,0,46588,70095,0
411,196,627008,0,46589,72105,0
411,221,365108,0,46592,55696,0
411,222,451366,0,46593,60814,0
411,231,1488032,0,46601,65255,0
411,232,142940,0,46602,63662,0
411,312,136130,0,46605,53098,0
411,328,344772,0,46614,47302,0
411,329,225904,0,46615,50165,0
411,420,866536,0,46626,63402,0
411,424,858292,0,46630,72185,0
198,32,75136,0,46636,61518,0
198,42,476464,0,46646,68512,0
198,43,476464,0,46647,67203,0
198,44,952756,0,46648,70801,0
198,45,952756,0,46649,69764,0
198,52,1061456,0,46654,53636,0
198,53,443814,0,46655,56101,0
198,55,624138,0,46657,61734,0
198,69,271256,0,46670,72642,0
198,70,271256,0,46671,71801,0
198,137,337276,0,46674,53471,0
198,140,132800,0,46676,57078,0
198,150,21926,0,46683,57648,0
198,151,21926,0,46684,57531,0
198,157,242646,0,46690,51011,0
198,158,172120,0,46691,54307,0
198,160,8708,0,46693,59401,0
198,168,929866,0,46696,58755,0
198,169,929866,0,46697,58744,0
198,172,356788,0,46700,60158,0
198,173,356788,0,46701,60072,0
198,179,434826,0,46707,51212,0
198,180,368392,0,46708,54546,0
198,181,302328,0,46709,62550,0
198,193,154212,0,46721,71054,0
198,194,154212,0,46722,70017,0
72,137,225080,0,46726,54099,0
198,276,492260,0,46758,55926,0
198,278,694528,0,46760,61325,0
198,287,484180,0,46766,68366,0
198,288,484180,0,46767,67057,0
136,44,621882,0,46784,70544,0
136,45,621882,0,46785,69507,0
198,330,298476,0,46805,53217,0
198,341,556912,0,46816,70683,0
198,342,556912,0,46817,69646,0
117,403,1295716,0,46821,47473,0
198,347,233162,0,46822,53528,0
198,352,11744,0,46827,66347,0
117,394,1295716,0,46833,47461,0
198,360,233162,0,46834,53517,0
198,366,11744,0,46839,64666,0
198,372,61928,0,46845,51795,0
198,373,38674,0,46846,55082,0
92,42,411430,0,46852,68473,0
91,42,972646,0,46853,68472,0
198,383,61928,0,46855,51694,0
198,384,38674,0,46856,54983,0
92,43,972646,0,46862,67164,0
91,43,411430,0,46863,67163,0
198,394,738242,0,46865,57839,0
198,395,77126,0,46866,63290,0
198,399,30712,0,46869,71182,0
198,403,738242,0,46872,57752,0
198,404,77126,0,46873,63211,0
198,408,30712,0,46876,70145,0
92,31,371696,0,46879,58615,0
92,32,424834,0,46880,61484,0
91,31,371696,0,46885,58614,0
91,32,424834,0,46886,61483,0
77,137,201966,0,46894,53703,0
77,138,225080,0,46895,56185,0
77,148,119344,0,46899,57375,0
77,149,119344,0,46900,57241,0
75,138,294408,0,46909,56379,0
75,148,1296100,0,46915,57374,0
75,149,1296100,0,46916,57240,0
75,150,1243324,0,46917,48129,0
75,151,1243324,0,46918,48128,0
75,154,1243324,0,46921,48133,0
75,155,1243324,0,46922,48132,0
75,240,1462912,0,46924,48202,0
294,138,108500,0,46926,56796,0
88,138,45604,0,46936,56723,0
87,138,45604,0,46937,56722,0
294,152,38196,0,46938,70969,0
294,153,38196,0,46939,69932,0
294,180,19224,0,46943,54191,0
294,181,28016,0,46944,57140,0
27,150,21926,0,46967,57608,0
27,151,21926,0,46968,57491,0
76,96,2507166,0,46987,49854,0
88,148,17878,0,47026,57382,0
87,148,1374508,0,47027,57381,0
86,148,148520,0,47028,57380,0
88,149,1396750,0,47038,57248,0
87,149,40120,0,47039,57247,0
85,149,148520,0,47040,57246,0
85,150,948020,0,47051,55791,0
