223,54,306688,0,6342,44571,0
223,55,686504,0,6343,61756,0
33,203,178968,0,6344,8545,0
78,49,108258,0,6345,18107,0
223,58,615238,0,6346,22119,0
223,59,966766,0,6347,26206,0
223,60,345852,0,6348,29902,0
161,49,344498,0,6349,33413,0
223,62,442830,0,6350,37302,0
223,63,244716,0,6351,65675,0
223,64,244716,0,6352,64082,0
223,65,11682,0,6353,44636,0
223,66,11682,0,6354,44625,0
223,67,529254,0,6355,44655,0
223,68,529254,0,6356,44647,0
223,69,394560,0,6357,72664,0
223,70,394560,0,6358,71823,0
223,71,360858,0,6359,40778,0
223,72,637306,0,6360,26256,0
78,115,1260614,0,6362,18141,0
223,76,2018556,0,6364,44765,0
223,77,1290122,0,6365,48414,0
33,100,1149698,0,6366,8563,0
223,81,60450,0,6368,26224,0
161,50,1177044,0,6370,25381,0
223,85,152342,0,6372,65689,0
223,86,152342,0,6373,64096,0
223,89,1064914,0,6376,44842,0
223,90,1064914,0,6377,44834,0
223,91,180168,0,6378,49499,0
223,92,180168,0,6379,49426,0
223,94,535198,0,6381,50446,0
78,93,668256,0,6382,18089,0
223,97,95248,0,6384,58849,0
223,98,312414,0,6385,62083,0
223,102,393944,0,6388,26559,0
223,103,1101846,0,6389,30280,0
223,105,373474,0,6391,37710,0
223,108,172404,0,6394,68655,0
223,109,172404,0,6395,67346,0
223,112,246102,0,6398,52158,0
223,113,246102,0,6399,52085,0
223,114,370292,0,6400,41438,0
223,115,221516,0,6401,45139,0
223,116,485832,0,6402,53927,0
223,117,586538,0,6403,56550,0
223,119,744830,0,6405,62314,0
223,120,175282,0,6406,9292,0
223,124,382276,0,6410,30525,0
223,125,319218,0,6411,34012,0
223,126,384694,0,6412,37945,0
223,135,108696,0,6421,45319,0
223,136,183560,0,6422,48153,0
223,137,581648,0,6423,54113,0
223,138,421628,0,6424,56747,0
207,55,350700,0,6425,56202,0
223,140,477474,0,6426,57095,0
33,221,51254,0,6427,9496,0
223,144,1101846,0,6429,22737,0
223,145,539020,0,6430,26714,0
223,148,126804,0,6433,57403,0
223,149,126804,0,6434,57269,0
223,152,327116,0,6437,70936,0
223,153,327116,0,6438,69899,0
223,156,533098,0,6441,40844,0
223,160,483552,0,6445,59419,0
33,142,1149698,0,6446,8629,0
223,164,403690,0,6448,22186,0
120,76,623458,0,6449,26288,0
161,327,2006438,0,6451,17552,0
223,170,2199974,0,6454,45608,0
223,171,2199974,0,6455,45598,0
223,174,801880,0,6458,72706,0
223,175,801880,0,6459,71865,0
223,176,361104,0,6460,42030,0
223,177,212328,0,6461,45725,0
223,178,40812,0,6462,48566,0
223,179,103870,0,6463,51232,0
223,180,744830,0,6464,54566,0
223,181,138660,0,6465,62570,0
223,182,166094,0,6466,9963,0
223,185,308132,0,6469,23150,0
141,54,668256,0,6471,30927,0
78,178,217422,0,6472,34410,0
223,189,339588,0,6473,62895,0
223,190,339588,0,6474,62767,0
223,193,634024,0,6477,71068,0
223,194,634024,0,6478,70031,0
223,195,412300,0,6479,72880,0
223,196,412300,0,6480,72039,0
33,220,109774,0,6482,52304,0
33,222,621958,0,6484,60426,0
33,227,944476,0,6488,24225,0
33,230,329156,0,6491,35522,0
33,233,1252616,0,6494,8532,0
33,234,1252616,0,6495,8533,0
33,235,1252616,0,6496,8539,0
33,236,1252616,0,6497,8538,0
78,48,360858,0,6500,39537,0
33,260,1231266,0,6503,6836,0
78,57,53296,0,6504,16141,0
78,58,825534,0,6505,16425,0
78,59,1178338,0,6506,16700,0
78,61,3250228,0,6508,17253,0
78,63,530792,0,6510,65343,0
78,64,530792,0,6511,63750,0
78,67,1133446,0,6514,18252,0
78,68,1133446,0,6515,18244,0
78,69,443602,0,6516,20087,0
78,70,443602,0,6517,20007,0
223,257,17358,0,6518,43306,0
99,158,166210,0,6519,54297,0
223,259,582814,0,6520,61144,0
223,261,535198,0,6521,20511,0
223,264,95248,0,6524,32267,0
223,265,103074,0,6525,36293,0
223,268,172404,0,6528,68220,0
223,269,172404,0,6529,66911,0
223,272,246102,0,6532,24089,0
223,273,246102,0,6533,24013,0
223,274,513318,0,6534,39769,0
223,275,364542,0,6535,43533,0
223,276,316006,0,6536,55945,0
223,277,252948,0,6537,58481,0
223,278,360794,0,6538,61346,0
223,279,318308,0,6539,7424,0
223,281,821112,0,6541,24765,0
223,282,520268,0,6542,28732,0
