226,69,590794,0,20163,72666,0
226,70,590794,0,20164,71825,0
226,93,550596,0,20165,44895,0
226,98,484530,0,20170,62085,0
226,103,739710,0,20171,30282,0
226,105,111810,0,20173,37712,0
226,108,159012,0,20176,68657,0
226,109,159012,0,20177,67348,0
226,112,255270,0,20180,52160,0
226,113,255270,0,20181,52087,0
226,114,182058,0,20182,41440,0
226,116,97436,0,20184,53929,0
226,117,434826,0,20185,56552,0
226,119,101072,0,20187,62316,0
226,125,492260,0,20189,34014,0
226,129,410894,0,20193,68803,0
226,130,410894,0,20194,67494,0
226,131,593290,0,20195,53683,0
226,132,593290,0,20196,53682,0
226,136,405078,0,20200,48156,0
226,137,37100,0,20201,54116,0
39,93,996618,0,20206,34181,0
226,150,664760,0,20210,56265,0
226,151,664760,0,20211,56255,0
226,154,440720,0,20214,58001,0
226,155,440720,0,20215,57933,0
226,160,877880,0,20220,59421,0
226,170,434772,0,20225,45609,0
226,171,434772,0,20226,45599,0
226,172,483672,0,20227,45539,0
226,173,483672,0,20228,45538,0
226,174,202978,0,20229,72707,0
226,175,202978,0,20230,71866,0
226,176,156300,0,20231,42032,0
226,177,366466,0,20232,45727,0
226,179,835980,0,20234,51234,0
226,180,442536,0,20235,54568,0
226,181,368064,0,20236,62572,0
226,186,56800,0,20241,27149,0
80,178,1728472,0,20243,34412,0
226,191,367248,0,20246,61851,0
226,192,367248,0,20247,61841,0
226,195,267018,0,20250,72882,0
226,196,267018,0,20251,72041,0
226,293,18608,0,20252,43719,0
226,298,360810,0,20256,25062,0
226,299,99562,0,20257,28959,0
226,301,385048,0,20259,29441,0
226,304,371696,0,20262,30033,0
226,305,371696,0,20263,30022,0
226,306,315072,0,20264,70559,0
226,307,315072,0,20265,69522,0
164,48,403690,0,20268,39957,0
164,51,412028,0,20269,49843,0
226,326,508050,0,20284,40191,0
226,327,43904,0,20285,43945,0
226,329,12560,0,20286,50054,0
226,330,610424,0,20287,53239,0
226,335,460008,0,20292,25640,0
226,336,363252,0,20293,36819,0
226,339,551308,0,20296,37415,0
226,340,551308,0,20297,37405,0
226,341,287372,0,20298,70702,0
226,342,287372,0,20299,69665,0
226,345,412246,0,20302,46014,0
226,346,729292,0,20303,48877,0
226,347,158232,0,20304,54873,0
226,350,482068,0,20306,27470,0
226,352,751434,0,20308,65758,0
226,354,1284432,0,20309,65707,0
226,355,609140,0,20310,65706,0
226,356,139612,0,20311,66628,0
226,357,436848,0,20312,66586,0
226,358,412246,0,20313,45896,0
226,359,729292,0,20314,48752,0
226,360,158232,0,20315,54754,0
226,363,482068,0,20317,27349,0
226,366,751434,0,20319,64165,0
226,367,609140,0,20320,64114,0
226,368,1284432,0,20321,64113,0
226,369,436848,0,20322,65049,0
226,370,139612,0,20323,64979,0
226,371,1143220,0,20324,40910,0
226,375,1295716,0,20328,22252,0
226,376,209050,0,20329,26350,0
226,377,84780,0,20330,46302,0
226,379,562850,0,20332,46280,0
226,382,1143220,0,20335,40899,0
226,386,1295716,0,20339,22241,0
226,387,209050,0,20340,26340,0
226,388,84780,0,20341,46183,0
226,389,562850,0,20342,46162,0
226,394,978370,0,20347,56165,0
226,395,325158,0,20348,61778,0
226,397,929866,0,20349,29944,0
226,403,978370,0,20354,56164,0
226,404,325158,0,20355,61777,0
226,406,929866,0,20356,29943,0
226,413,676050,0,20362,63438,0
226,415,678460,0,20363,35361,0
226,416,521782,0,20364,39119,0
226,417,114494,0,20365,72997,0
226,420,676050,0,20368,63373,0
226,422,678460,0,20369,35292,0
226,423,521782,0,20370,39054,0
226,424,114494,0,20371,72156,0
261,48,535198,0,20372,40795,0
261,49,156754,0,20373,44523,0
261,52,297534,0,20375,53673,0
261,61,420726,0,20380,33429,0
261,62,30708,0,20381,37335,0
261,63,59302,0,20382,65699,0
261,64,59302,0,20383,64106,0
261,65,269742,0,20384,46275,0
261,66,269742,0,20385,46156,0
261,94,126364,0,20391,50464,0
261,96,1854768,0,20393,50465,0
261,97,692820,0,20394,58866,0
261,98,273210,0,20395,62099,0
144,94,758368,0,20399,30296,0
261,104,108500,0,20400,33778,0
261,105,273210,0,20401,37728,0
261,106,168120,0,20402,50469,0
261,107,168120,0,20403,50468,0
261,108,813424,0,20404,68669,0
261,109,813424,0,20405,67360,0
206,94,1552328,0,20410,25967,0
261,119,731724,0,20415,61566,0
