310,215,56558,0,39950,69404,0
48,174,801880,0,39967,72312,0
48,175,801880,0,39968,71471,0
310,276,706466,0,39986,55987,0
176,54,783134,0,40003,44017,0
176,174,441740,0,40018,72569,0
176,175,441740,0,40019,71728,0
41,158,180144,0,40022,54289,0
41,171,12526,0,40027,59782,0
40,158,180144,0,40034,54288,0
40,170,12526,0,40039,59650,0
310,377,603054,0,40050,60009,0
310,379,386354,0,40052,60019,0
310,388,603054,0,40060,59903,0
310,389,386354,0,40061,59920,0
293,411,200316,0,40064,41922,0
310,394,1043290,0,40065,57030,0
310,395,1816,0,40066,59526,0
45,171,431334,0,40072,59838,0
293,418,200316,0,40073,41913,0
310,403,1043290,0,40074,57022,0
310,404,1816,0,40075,59518,0
44,170,431334,0,40080,59943,0
310,411,396820,0,40082,46604,0
310,417,190436,0,40087,73005,0
310,418,396820,0,40088,46539,0
310,424,190436,0,40093,72164,0
326,48,166094,0,40094,40856,0
326,49,209510,0,40095,44583,0
326,55,365026,0,40099,61798,0
326,65,148524,0,40108,45821,0
326,66,148524,0,40109,45811,0
326,72,30708,0,40115,47662,0
326,74,498160,0,40116,48020,0
326,77,596380,0,40118,61976,0
326,85,68410,0,40122,65857,0
326,86,68410,0,40123,64264,0
326,89,146832,0,40126,49357,0
326,90,146832,0,40127,49262,0
326,91,9714,0,40128,49515,0
326,92,9714,0,40129,49442,0
326,115,543280,0,40130,45201,0
326,116,683224,0,40131,53992,0
326,118,263968,0,40132,59109,0
326,119,863142,0,40133,62376,0
326,127,385704,0,40140,66031,0
326,128,385704,0,40141,64438,0
326,131,71404,0,40144,55303,0
326,132,71404,0,40145,55211,0
326,133,362886,0,40146,55461,0
326,134,362886,0,40147,55389,0
326,176,649756,0,40148,42075,0
326,177,535204,0,40149,45770,0
326,178,993904,0,40150,48624,0
326,180,364606,0,40151,54626,0
326,181,166728,0,40152,62630,0
41,181,1532926,0,40158,62474,0
40,181,1532926,0,40159,62473,0
326,195,829116,0,40164,72923,0
326,196,829116,0,40165,72082,0
326,197,58950,0,40166,43109,0
326,198,880344,0,40167,46802,0
326,199,486480,0,40168,52350,0
326,201,195992,0,40169,60502,0
326,212,221274,0,40178,68109,0
326,213,221274,0,40179,66800,0
326,214,18042,0,40180,70450,0
326,215,18042,0,40181,69413,0
326,219,460860,0,40185,49686,0
326,220,76968,0,40186,52591,0
326,222,486480,0,40187,60739,0
326,231,102218,0,40194,65213,0
326,232,102218,0,40195,63620,0
326,237,461666,0,40200,72321,0
326,238,461666,0,40201,71480,0
326,241,555740,0,40204,60972,0
326,257,666348,0,40219,43332,0
326,259,463266,0,40221,61185,0
326,275,144768,0,40236,43561,0
156,179,403486,0,40264,49869,0
156,195,1112958,0,40275,72432,0
156,196,1112958,0,40276,71591,0
41,177,228496,0,40277,45650,0
41,178,361770,0,40278,48510,0
41,195,65248,0,40287,66641,0
40,177,228496,0,40288,45649,0
40,178,361770,0,40289,48509,0
40,196,65248,0,40298,64992,0
326,371,884042,0,40299,42126,0
326,373,643214,0,40301,54679,0
326,377,696818,0,40305,63158,0
326,378,1169698,0,40306,69145,0
43,413,987602,0,40307,60560,0
326,381,65122,0,40308,69210,0
326,382,884042,0,40309,42116,0
326,384,643214,0,40311,54669,0
326,388,696818,0,40315,63054,0
326,390,1169640,0,40316,67764,0
326,391,65122,0,40317,67953,0
42,420,987602,0,40318,60549,0
326,393,940556,0,40319,42767,0
326,395,282402,0,40321,63314,0
326,400,51750,0,40325,71333,0
326,401,434894,0,40326,71277,0
326,402,940556,0,40327,42692,0
326,404,282402,0,40329,63235,0
326,409,434894,0,40333,70296,0
326,410,51750,0,40334,70240,0
326,411,486544,0,40335,46612,0
326,412,824860,0,40336,60329,0
326,418,486544,0,40341,46547,0
326,419,824860,0,40342,60260,0
25,48,857722,0,40347,40647,0
25,49,1108878,0,40348,44375,0
25,50,476052,0,40349,44672,0
25,52,143656,0,40350,53586,0
25,54,142004,0,40351,45465,0
25,55,266610,0,40352,61670,0
25,67,52840,0,40363,46417,0
25,68,52840,0,40364,46333,0
25,69,24220,0,40365,43168,0
25,70,24220,0,40366,43175,0
25,72,504834,0,40367,47530,0
25,74,13842,0,40368,47927,0
25,75,335258,0,40369,56298,0
25,76,280092,0,40370,48322,0
25,77,455036,0,40371,61885,0
25,85,469498,0,40376,65783,0
