405,297,36096,0,10650,17127,0
405,306,415662,0,10654,70588,0
405,326,87084,0,10656,40330,0
405,327,320878,0,10657,44084,0
405,328,351070,0,10658,47297,0
405,329,60424,0,10659,50160,0
405,332,766560,0,10661,13298,0
405,333,329136,0,10662,17680,0
405,335,775242,0,10664,25783,0
405,336,273114,0,10665,36963,0
405,341,431634,0,10666,70736,0
215,338,578522,0,10667,37155,0
405,344,213572,0,10668,71742,0
405,395,909596,0,10671,63329,0
405,398,939304,0,10674,38996,0
405,399,170626,0,10675,71223,0
216,235,306824,0,10679,15543,0
216,398,862046,0,10681,38983,0
216,401,247878,0,10682,70908,0
396,25,55468,0,10683,40621,0
396,26,346624,0,10684,44351,0
396,30,933646,0,10687,41756,0
396,31,412246,0,10688,58788,0
396,32,320664,0,10689,61644,0
396,37,471850,0,10692,29774,0
396,38,951866,0,10693,33337,0
396,39,245438,0,10694,37190,0
396,43,400216,0,10696,67300,0
396,45,920004,0,10697,69862,0
396,135,390720,0,10698,45439,0
396,136,36096,0,10699,48294,0
396,142,758104,0,10703,14436,0
396,145,65290,0,10704,26835,0
396,147,110968,0,10705,38188,0
396,176,161438,0,10708,42138,0
396,177,108684,0,10709,45833,0
396,178,846762,0,10710,48687,0
396,179,66168,0,10711,51353,0
396,181,91198,0,10713,62695,0
396,183,554366,0,10715,14883,0
396,184,868696,0,10716,19239,0
396,185,225214,0,10717,23255,0
214,190,101570,0,10721,61608,0
396,293,693642,0,10722,43824,0
396,296,455182,0,10724,12744,0
396,297,36096,0,10725,17119,0
396,307,415662,0,10729,69551,0
396,326,87084,0,10731,40322,0
396,327,320878,0,10732,44076,0
396,328,351070,0,10733,47289,0
396,329,60424,0,10734,50152,0
396,332,766560,0,10736,13290,0
396,333,329136,0,10737,17672,0
396,335,775242,0,10739,25775,0
396,336,273114,0,10740,36955,0
396,342,431634,0,10741,69699,0
396,343,213572,0,10742,72578,0
214,337,578522,0,10743,37165,0
396,404,909596,0,10746,63250,0
396,407,939304,0,10749,38915,0
396,408,170626,0,10750,70186,0
217,236,312282,0,10754,15453,0
217,407,844166,0,10756,38902,0
217,409,247878,0,10757,69871,0
217,48,1160540,0,10758,40754,0
217,49,388806,0,10759,44482,0
217,51,831730,0,10760,50244,0
217,52,243352,0,10761,53653,0
217,53,562940,0,10762,56119,0
217,54,378672,0,10763,45526,0
217,55,475872,0,10764,61750,0
217,58,919036,0,10765,22113,0
217,59,53762,0,10766,26200,0
217,60,398770,0,10767,29896,0
217,156,47582,0,10773,41823,0
217,157,119006,0,10774,51027,0
217,158,37400,0,10775,54323,0
217,159,269742,0,10776,59256,0
217,160,380532,0,10777,59415,0
217,165,8780,0,10780,26923,0
155,156,924470,0,10781,29715,0
217,174,15712,0,10782,72774,0
217,176,296214,0,10783,42025,0
217,179,542256,0,10786,51227,0
217,180,470852,0,10787,54561,0
217,181,560688,0,10788,62565,0
103,413,172124,0,10792,23145,0
175,30,1088056,0,10793,34406,0
217,195,34086,0,10796,72875,0
204,414,1660766,0,10797,13435,0
217,222,36574,0,10800,60677,0
92,33,1033840,0,10803,13349,0
175,33,6856,0,10805,13380,0
212,414,325360,0,10808,13542,0
217,310,92306,0,10811,39952,0
217,312,417778,0,10812,52987,0
217,314,119006,0,10814,21325,0
217,316,269742,0,10816,32721,0
217,317,216946,0,10817,32963,0
217,333,39914,0,10825,17531,0
217,334,147658,0,10826,21629,0
217,335,233892,0,10827,25632,0
217,336,915652,0,10828,36811,0
215,69,726568,0,10832,44374,0
217,413,645754,0,10834,61669,0
217,415,204318,0,10836,33360,0
217,417,20080,0,10838,42943,0
216,48,1160540,0,10839,40753,0
216,49,388806,0,10840,44481,0
216,51,831730,0,10841,50243,0
216,52,243352,0,10842,53652,0
216,53,562940,0,10843,56118,0
216,54,378672,0,10844,45525,0
216,55,475872,0,10845,61749,0
216,58,919036,0,10846,22112,0
216,59,53762,0,10847,26199,0
216,60,398770,0,10848,29895,0
216,156,47582,0,10854,41822,0
216,157,119006,0,10855,51026,0
216,158,37400,0,10856,54322,0
216,159,269742,0,10857,59255,0
216,160,380532,0,10858,59414,0
216,165,8780,0,10861,26922,0
154,156,924470,0,10862,29714,0
216,175,15712,0,10863,71933,0
216,176,296214,0,10864,42024,0
216,179,542256,0,10867,51226,0
216,180,470852,0,10868,54560,0
