14,423,3600356,0,2418,2916,0
15,25,1423030,0,2420,3104,0
15,26,855584,0,2421,3403,0
15,29,3764836,0,2424,4162,0
15,31,1778648,0,2425,4604,0
15,40,859586,0,2430,3209,0
15,41,869806,0,2431,3208,0
15,46,2716158,0,2436,3302,0
15,47,2716158,0,2437,3295,0
15,93,590544,0,2438,3456,0
15,94,2274190,0,2439,3917,0
15,95,1278698,0,2440,3932,0
15,108,1227202,0,2451,5520,0
15,109,1241006,0,2452,5391,0
15,112,3012060,0,2455,4064,0
15,113,3017998,0,2456,4057,0
15,116,410604,0,2459,4199,0
15,117,1802944,0,2460,4419,0
15,118,2104736,0,2461,4635,0
15,131,845584,0,2470,4237,0
15,132,855804,0,2471,4236,0
15,156,1724322,0,2474,3207,0
15,157,2274190,0,2475,3964,0
15,159,280008,0,2477,4651,0
2,327,13082128,0,2484,2923,0
15,168,4800420,0,2485,4653,0
15,169,4800420,0,2486,4652,0
15,179,1278698,0,2493,3965,0
15,189,1467058,0,2502,4668,0
15,190,1467058,0,2503,4667,0
15,191,10641858,0,2504,4670,0
15,192,10663158,0,2505,4669,0
15,193,4183586,0,2506,4735,0
15,194,4198542,0,2507,4726,0
1,53,3355934,0,2510,3314,0
15,199,3242728,0,2512,4075,0
15,200,1778648,0,2513,4559,0
2,156,1553654,0,2529,3014,0
2,167,7801630,0,2536,2735,0
2,168,3235496,0,2537,4688,0
2,169,3220540,0,2538,4675,0
2,174,584478,0,2543,5874,0
2,175,579508,0,2544,5793,0
3,156,1239214,0,2545,3031,0
3,139,3420198,0,2546,4353,0
3,168,758874,0,2553,4689,0
3,169,758874,0,2554,4676,0
15,274,3357316,0,2575,3048,0
15,276,1802944,0,2577,4370,0
15,277,2104736,0,2578,4588,0
6,76,4286240,0,2593,3628,0
6,158,2034868,0,2594,4110,0
8,156,3483934,0,2608,3084,0
8,54,7801630,0,2609,3384,0
8,157,1278698,0,2610,3885,0
8,158,1718132,0,2611,4145,0
8,168,2422458,0,2618,2925,0
8,169,2422458,0,2619,2924,0
8,170,11352656,0,2620,2927,0
8,171,11377526,0,2621,2926,0
8,172,3689710,0,2622,4732,0
8,173,3672212,0,2623,4723,0
15,345,3983956,0,2626,3507,0
15,347,932716,0,2628,4233,0
15,352,5232864,0,2633,4696,0
15,353,5132348,0,2634,4695,0
15,357,732138,0,2638,5315,0
15,358,3973736,0,2639,3506,0
15,360,932716,0,2641,4232,0
15,365,5146110,0,2646,4683,0
15,366,5225390,0,2647,4682,0
15,369,732138,0,2650,5164,0
15,371,264532,0,2652,3211,0
15,372,4455350,0,2653,3969,0
15,373,2052308,0,2654,4235,0
15,378,2440656,0,2659,4719,0
15,379,2014762,0,2660,4718,0
15,380,737272,0,2661,5578,0
15,382,264532,0,2662,3210,0
15,383,4456080,0,2663,3968,0
15,384,2052308,0,2664,4234,0
15,389,2005674,0,2669,4709,0
15,390,2428508,0,2670,4708,0
15,392,743948,0,2671,5443,0
15,395,3525456,0,2674,4672,0
15,398,4684242,0,2677,2929,0
15,399,1312410,0,2678,4736,0
15,404,3517888,0,2683,4671,0
15,407,4694462,0,2686,2928,0
15,408,1312410,0,2687,4727,0
16,27,3677962,0,2704,3663,0
16,28,4158770,0,2705,3159,0
16,31,850618,0,2707,4605,0
16,40,3217560,0,2715,3226,0
16,41,3217560,0,2716,3225,0
16,42,1929032,0,2717,5509,0
16,43,1929032,0,2718,5380,0
16,44,586684,0,2719,5734,0
16,45,582848,0,2720,5633,0
16,50,2707072,0,2725,3441,0
16,51,3764836,0,2726,3902,0
16,63,1983120,0,2736,5226,0
16,64,1983120,0,2737,5069,0
16,65,1829044,0,2738,3526,0
16,66,1829044,0,2739,3525,0
16,67,3316564,0,2740,3588,0
16,68,3298676,0,2741,3580,0
16,69,3734528,0,2742,5913,0
16,70,3736202,0,2743,5832,0
16,71,6337164,0,2744,3144,0
16,72,1724322,0,2745,3680,0
16,73,1239214,0,2746,3695,0
16,75,590544,0,2748,4404,0
16,85,250158,0,2753,5239,0
16,86,250158,0,2754,5082,0
16,87,1334038,0,2755,3763,0
16,88,1334038,0,2756,3762,0
16,89,2557666,0,2757,3826,0
16,90,2564258,0,2758,3817,0
16,93,6337164,0,2761,3457,0
16,106,738132,0,2769,3984,0
16,107,738132,0,2770,3983,0
16,108,1044636,0,2771,5521,0
16,109,1056902,0,2772,5392,0
16,110,1196776,0,2773,4049,0
16,111,1196776,0,2774,4040,0
16,112,2380874,0,2775,4065,0
16,113,2380874,0,2776,4058,0
