279,386,245420,0,7551,23639,0
279,388,44190,0,7552,67673,0
214,384,1084028,0,7555,54995,0
279,395,280330,0,7558,62445,0
279,396,928598,0,7559,9427,0
279,397,152538,0,7560,30642,0
279,398,214518,0,7561,38027,0
279,399,480400,0,7562,55319,0
279,404,280330,0,7566,62437,0
279,405,928598,0,7567,9419,0
279,406,152538,0,7568,30634,0
279,407,214518,0,7569,38019,0
279,408,480400,0,7570,55227,0
217,115,392754,0,7572,45135,0
217,121,148524,0,7575,14112,0
217,125,22864,0,7576,34008,0
217,126,107320,0,7577,37941,0
217,133,109560,0,7578,53585,0
216,115,392754,0,7579,45134,0
216,121,148524,0,7582,14111,0
216,125,22864,0,7583,34007,0
216,126,107320,0,7584,37940,0
216,134,109560,0,7585,53578,0
207,48,28102,0,7586,40744,0
207,49,264312,0,7587,44472,0
207,50,1138176,0,7588,44708,0
207,51,190964,0,7589,50234,0
207,52,681756,0,7590,53643,0
207,53,861934,0,7591,56109,0
182,53,912702,0,7592,45383,0
207,57,1442542,0,7593,18091,0
207,59,447096,0,7595,26190,0
207,62,801508,0,7596,37291,0
207,67,500496,0,7601,46463,0
207,68,500496,0,7602,46379,0
207,75,629004,0,7608,56338,0
29,136,1154326,0,7611,8788,0
98,178,2288906,0,7613,22325,0
123,136,774524,0,7614,26421,0
207,84,428396,0,7616,37505,0
207,85,33244,0,7617,65815,0
207,86,33244,0,7618,64222,0
207,91,759942,0,7623,47429,0
207,92,759942,0,7624,47428,0
207,114,602106,0,7625,41424,0
207,115,807526,0,7626,45125,0
207,116,14702,0,7627,53913,0
103,137,478316,0,7628,22575,0
207,118,180438,0,7629,59051,0
207,119,168710,0,7630,62300,0
207,122,266454,0,7632,18506,0
207,127,211948,0,7634,65971,0
207,128,211948,0,7635,64378,0
207,131,186108,0,7638,55287,0
207,132,186108,0,7639,55195,0
207,133,604418,0,7640,53484,0
207,134,604418,0,7641,53483,0
201,177,637306,0,7642,44266,0
201,178,213996,0,7643,47420,0
201,184,513982,0,7648,17881,0
182,31,579310,0,7660,41701,0
207,157,1566044,0,7661,50865,0
207,158,495426,0,7662,54179,0
207,159,662490,0,7663,56970,0
207,161,2391856,0,7664,9562,0
207,162,747594,0,7665,14365,0
207,163,1185102,0,7666,18770,0
104,140,68882,0,7667,22784,0
207,168,260848,0,7669,56932,0
207,169,260848,0,7670,56931,0
207,174,1404376,0,7675,58011,0
207,175,1404376,0,7676,57943,0
207,178,896534,0,7677,48233,0
207,180,550282,0,7678,54193,0
207,181,832810,0,7679,57143,0
207,183,188340,0,7681,14379,0
207,184,238398,0,7682,18784,0
99,182,930370,0,7683,9914,0
207,186,633568,0,7684,26776,0
207,191,706922,0,7688,57188,0
207,192,706922,0,7689,57179,0
207,220,202396,0,7696,52548,0
207,224,476052,0,7700,11433,0
207,227,280440,0,7703,24477,0
56,140,119280,0,7704,12867,0
56,139,611712,0,7705,14516,0
207,231,388370,0,7706,13475,0
207,232,388370,0,7707,13476,0
207,237,1077868,0,7712,13563,0
207,238,1077868,0,7713,13556,0
207,243,3830,0,7716,16125,0
82,29,2170628,0,7717,16410,0
160,34,243908,0,7719,17242,0
207,253,882318,0,7725,19915,0
207,254,882318,0,7726,19815,0
98,177,1177044,0,7729,43291,0
94,30,2391856,0,7732,20496,0
98,188,1202914,0,7733,32254,0
98,189,24854,0,7734,21927,0
98,190,24854,0,7735,21926,0
98,195,1282942,0,7740,21933,0
98,196,1282942,0,7741,21932,0
99,276,586,0,7742,22722,0
123,147,668256,0,7751,36525,0
123,150,520276,0,7754,57639,0
123,151,520276,0,7755,57522,0
123,152,1118894,0,7756,27880,0
123,153,1118894,0,7757,27783,0
160,35,774524,0,7762,21317,0
160,44,82612,0,7770,35203,0
160,45,82612,0,7771,35111,0
160,46,924470,0,7772,42886,0
160,47,924470,0,7773,42811,0
140,25,1341470,0,7774,21851,0
140,26,1178338,0,7775,33400,0
140,27,968740,0,7776,22309,0
98,124,165904,0,7777,21100,0
56,146,1153780,0,7778,12020,0
140,34,1371226,0,7779,16392,0
140,36,1153068,0,7781,20763,0
140,39,1379238,0,7782,29419,0
140,46,641260,0,7789,24081,0
140,47,641260,0,7790,24005,0
207,345,1064914,0,7791,44269,0
207,352,947688,0,7798,57463,0
207,354,1477686,0,7799,66506,0
207,356,1809634,0,7800,41734,0
207,357,1554836,0,7801,41733,0
