13,114,432484,0,1842,3174,0
13,116,5769288,0,1844,4197,0
13,117,2369044,0,1845,4417,0
13,118,1743956,0,1846,4633,0
13,119,1015850,0,1847,4906,0
13,124,1810368,0,1852,2300,0
13,125,410604,0,1853,2582,0
13,127,2559266,0,1855,5252,0
13,128,2559266,0,1856,5095,0
13,129,4154436,0,1857,5532,0
13,130,4154436,0,1858,5403,0
13,135,778812,0,1863,3488,0
13,136,590544,0,1864,3724,0
13,138,1724322,0,1866,4434,0
13,139,1239214,0,1867,4449,0
13,146,2034868,0,1874,2597,0
13,147,2728084,0,1875,2907,0
13,148,993650,0,1876,4491,0
13,149,993650,0,1877,4479,0
13,152,349166,0,1880,5743,0
13,153,349166,0,1881,5642,0
13,154,1449036,0,1882,4428,0
13,155,1449036,0,1883,4427,0
13,156,778812,0,1884,3206,0
13,166,2034868,0,1894,2315,0
13,167,1701376,0,1895,2922,0
13,168,469338,0,1896,4693,0
13,169,469338,0,1897,4680,0
13,170,1926724,0,1898,4716,0
13,171,1926724,0,1899,4706,0
13,172,1442088,0,1900,4642,0
13,173,1442088,0,1901,4641,0
13,174,917678,0,1902,5921,0
13,175,917678,0,1903,5840,0
13,178,468246,0,1906,3758,0
13,181,1015850,0,1909,4927,0
13,186,1215252,0,1914,2033,0
13,189,1776276,0,1917,4954,0
13,190,1776276,0,1918,4942,0
13,191,1149618,0,1919,4976,0
13,192,1146078,0,1920,4966,0
13,195,979590,0,1923,5933,0
13,196,979590,0,1924,5852,0
13,197,928372,0,1925,3312,0
13,199,1322112,0,1927,4074,0
13,200,3024882,0,1928,4558,0
13,201,3658290,0,1929,4758,0
13,208,3242728,0,1936,2428,0
13,212,209566,0,1940,5461,0
13,213,209566,0,1941,5332,0
13,218,2274674,0,1946,3012,0
13,220,2487740,0,1948,4092,0
13,221,2296716,0,1949,4339,0
13,222,3658290,0,1950,4776,0
13,230,74962,0,1958,2733,0
13,231,1083784,0,1959,5175,0
13,232,1083784,0,1960,5018,0
13,237,858848,0,1965,5872,0
13,238,834320,0,1966,5791,0
3,117,4310928,0,1967,4352,0
3,126,362468,0,1971,2752,0
3,127,1343276,0,1972,5191,0
3,128,1343276,0,1973,5034,0
4,118,3195784,0,1980,4571,0
4,125,1278698,0,1983,2446,0
4,126,1718132,0,1984,2768,0
13,293,6337164,0,1993,3364,0
6,71,3298092,0,1994,3136,0
13,299,1724322,0,1998,2180,0
13,300,1239214,0,1999,2199,0
13,301,362468,0,2000,2216,0
13,302,830430,0,2001,2361,0
13,303,830430,0,2002,2349,0
13,304,437682,0,2003,2384,0
13,305,437682,0,2004,2373,0
13,306,631866,0,2005,5705,0
13,307,631866,0,2006,5604,0
13,308,1353436,0,2007,2310,0
13,309,1353436,0,2008,2309,0
13,310,6337164,0,2009,3064,0
7,93,3298092,0,2010,3450,0
13,317,1718132,0,2015,2500,0
13,318,1680310,0,2016,2644,0
13,319,1680310,0,2017,2631,0
13,320,1749902,0,2018,2667,0
13,321,1749902,0,2019,2657,0
13,322,991458,0,2020,2590,0
13,323,1001678,0,2021,2589,0
13,324,1064214,0,2022,5886,0
13,325,1073786,0,2023,5805,0
13,326,1120892,0,2024,3082,0
13,327,2467194,0,2025,3382,0
7,126,4130610,0,2026,2890,0
6,126,3355934,0,2027,2889,0
13,337,5379996,0,2035,2949,0
13,338,5366370,0,2036,2937,0
13,339,5095436,0,2037,2971,0
13,340,5095436,0,2038,2961,0
13,345,473464,0,2043,3546,0
13,346,584284,0,2044,3783,0
13,351,504444,0,2048,5267,0
13,352,4471612,0,2049,5289,0
13,353,4597512,0,2050,5279,0
13,354,3471458,0,2051,5260,0
13,356,1456054,0,2053,5261,0
13,358,462932,0,2054,3535,0
13,359,584284,0,2055,3772,0
13,364,504444,0,2059,5110,0
13,365,4584946,0,2060,5132,0
13,366,4459046,0,2061,5122,0
13,368,3471458,0,2063,5102,0
13,370,1456054,0,2064,5104,0
13,371,647108,0,2065,3271,0
13,378,2398146,0,2071,5539,0
13,380,2557250,0,2072,5541,0
13,382,647108,0,2074,3261,0
13,390,2422674,0,2080,5410,0
13,392,2535186,0,2082,5411,0
13,394,3396264,0,2084,4426,0
13,395,2256996,0,2085,4915,0
13,397,3352772,0,2087,2308,0
13,398,4766382,0,2088,2900,0
13,400,2456684,0,2090,4316,0
13,401,3935232,0,2091,4315,0
13,403,3396264,0,2093,4425,0
13,404,2261024,0,2094,4914,0
13,406,3355450,0,2096,2307,0
13,407,4766382,0,2097,2899,0
