211,224,52840,0,10165,11437,0
211,225,101984,0,10166,11765,0
169,33,995588,0,10169,13374,0
211,230,34410,0,10170,35828,0
211,231,417224,0,10171,13528,0
211,243,99728,0,10180,16129,0
86,28,225454,0,10181,16688,0
211,248,300480,0,10183,36099,0
211,253,472688,0,10186,19497,0
211,256,835976,0,10188,17944,0
211,274,343666,0,10189,39757,0
211,275,224,0,10190,43521,0
211,276,147322,0,10191,55934,0
211,281,985642,0,10195,24753,0
144,350,179792,0,10196,25095,0
211,284,77848,0,10198,36529,0
211,285,741094,0,10199,65513,0
211,345,1797266,0,10205,44323,0
211,348,144804,0,10208,13527,0
211,350,217916,0,10210,26040,0
211,352,12538,0,10212,66204,0
211,373,1190304,0,10218,54930,0
211,377,850986,0,10221,66387,0
211,378,343296,0,10222,66399,0
211,380,2737484,0,10224,66361,0
211,381,362470,0,10225,66360,0
211,397,820400,0,10228,31333,0
211,398,1462670,0,10229,38621,0
211,401,1238472,0,10231,66510,0
211,402,1763294,0,10232,42406,0
211,403,561808,0,10233,57472,0
211,408,222546,0,10236,66464,0
211,412,103382,0,10239,58765,0
211,414,170,0,10240,13532,0
211,415,1737984,0,10241,33314,0
211,416,1272640,0,10242,37167,0
211,417,1254462,0,10243,42427,0
211,418,377148,0,10244,44327,0
211,421,1302974,0,10247,13531,0
210,48,862646,0,10250,40747,0
210,49,451996,0,10251,44475,0
210,50,500496,0,10252,44711,0
210,51,134408,0,10253,50237,0
210,53,426414,0,10255,56112,0
210,55,123810,0,10256,61743,0
210,58,257310,0,10258,22106,0
210,59,78620,0,10259,26193,0
210,60,558176,0,10260,29889,0
210,62,412372,0,10261,37292,0
210,68,168608,0,10264,45956,0
210,69,99256,0,10265,72654,0
210,71,415580,0,10267,41005,0
210,72,99728,0,10268,47591,0
106,71,450716,0,10269,21911,0
210,77,236318,0,10271,61911,0
210,81,496984,0,10274,26424,0
210,88,994272,0,10277,48802,0
210,89,726630,0,10278,48821,0
210,91,1124614,0,10279,47471,0
210,92,508922,0,10280,47470,0
210,115,180466,0,10282,45128,0
210,116,457934,0,10283,53916,0
103,360,164270,0,10284,22578,0
210,119,103416,0,10286,62303,0
210,122,722246,0,10289,18509,0
210,124,131800,0,10290,30514,0
210,125,84668,0,10291,34001,0
210,128,561892,0,10292,64381,0
210,133,265886,0,10297,53526,0
208,361,1309714,0,10300,13487,0
210,224,52840,0,10303,11436,0
210,225,101984,0,10304,11764,0
168,33,995588,0,10307,13373,0
210,230,34410,0,10308,35827,0
210,232,403904,0,10309,13517,0
210,243,99728,0,10318,16128,0
85,28,225454,0,10319,16687,0
210,248,300480,0,10321,36098,0
210,254,472688,0,10324,19372,0
210,255,835976,0,10325,17933,0
210,274,343666,0,10327,39756,0
210,275,224,0,10328,43520,0
210,276,147322,0,10329,55933,0
210,281,985642,0,10333,24752,0
144,363,179792,0,10334,25094,0
210,284,77848,0,10336,36528,0
210,286,741094,0,10337,63920,0
210,358,1773924,0,10343,44312,0
210,361,144804,0,10346,13516,0
210,363,217916,0,10348,26029,0
210,366,12538,0,10350,64602,0
210,384,1190304,0,10356,54804,0
210,388,850986,0,10359,64706,0
210,390,343296,0,10361,64714,0
210,391,362470,0,10362,64680,0
210,392,2737484,0,10363,64679,0
210,393,1763294,0,10364,42280,0
210,394,561808,0,10365,57338,0
210,399,222546,0,10368,64939,0
210,406,820400,0,10372,31195,0
210,407,1462670,0,10373,38482,0
210,409,1238472,0,10375,64849,0
210,411,408264,0,10376,44317,0
210,414,1290690,0,10379,13521,0
210,419,103382,0,10383,58753,0
210,422,1737984,0,10385,33301,0
210,423,1281522,0,10386,37156,0
210,424,1254462,0,10387,42289,0
385,25,275146,0,10388,40611,0
385,26,312388,0,10389,44341,0
385,27,182744,0,10390,47496,0
385,28,47286,0,10391,41318,0
385,29,38212,0,10392,53550,0
385,34,365108,0,10395,17958,0
385,35,71094,0,10396,21998,0
385,36,451366,0,10397,26057,0
385,42,552440,0,10400,68601,0
385,44,1390504,0,10401,70892,0
385,45,240468,0,10402,69855,0
217,371,1135160,0,10403,42580,0
385,93,529488,0,10405,45020,0
385,97,234664,0,10408,58961,0
385,100,396820,0,10410,13974,0
385,105,136130,0,10412,37817,0
214,108,1152254,0,10415,51848,0
385,114,229332,0,10417,41550,0
385,115,40862,0,10418,45251,0
385,116,251538,0,10419,54044,0
