61,44,1292306,0,33371,39414,0
61,45,1292306,0,33372,39420,0
61,98,1143732,0,33377,62070,0
61,106,117026,0,33382,51102,0
61,107,117026,0,33383,51089,0
61,108,221060,0,33384,68634,0
61,109,221060,0,33385,67325,0
61,110,483672,0,33386,49683,0
61,111,483672,0,33387,49682,0
61,198,319154,0,33390,46662,0
61,200,590978,0,33392,58060,0
26,139,825534,0,33401,35421,0
61,212,529310,0,33404,67997,0
61,213,529310,0,33405,66688,0
49,156,241210,0,33410,39173,0
49,167,976288,0,33418,35721,0
61,274,426684,0,33442,39663,0
61,276,257860,0,33444,55865,0
61,284,692008,0,33450,36431,0
61,287,248244,0,33453,68299,0
61,288,248244,0,33454,66990,0
61,326,189884,0,33473,40105,0
61,330,380040,0,33475,53141,0
61,336,648294,0,33480,36711,0
61,337,1159562,0,33481,38311,0
61,338,1159562,0,33482,38300,0
61,343,81250,0,33487,72469,0
61,344,81250,0,33488,71628,0
61,346,797744,0,33489,48438,0
61,347,1219114,0,33490,54398,0
61,354,45382,0,33496,59696,0
61,355,225890,0,33497,59695,0
61,356,707948,0,33498,60291,0
61,357,112806,0,33499,66556,0
61,359,797744,0,33500,48427,0
61,360,1219114,0,33501,54385,0
61,367,225890,0,33507,59555,0
61,368,45382,0,33508,59554,0
61,369,112806,0,33509,65019,0
61,370,707948,0,33510,60221,0
61,371,121106,0,33511,39328,0
61,372,434772,0,33512,49681,0
61,382,121106,0,33520,39327,0
61,383,440180,0,33521,49680,0
61,400,147184,0,33535,71305,0
61,410,147184,0,33542,70212,0
61,412,837536,0,33543,60288,0
61,419,837536,0,33548,60219,0
83,26,1101846,0,33554,44108,0
83,30,1185102,0,33555,41609,0
83,31,739710,0,33556,58606,0
83,39,285090,0,33562,37003,0
83,42,32802,0,33565,68467,0
83,43,32802,0,33566,67158,0
83,44,285162,0,33567,70756,0
83,45,285162,0,33568,69719,0
77,139,68882,0,33571,45291,0
75,139,3556678,0,33572,48125,0
83,148,848064,0,33577,56993,0
83,149,848064,0,33578,56982,0
83,199,536454,0,33585,52238,0
83,200,739710,0,33586,58075,0
83,201,285090,0,33587,60394,0
83,212,32802,0,33595,68010,0
83,213,32802,0,33596,66701,0
83,214,285162,0,33597,70355,0
83,215,285162,0,33598,69318,0
72,139,79690,0,33602,55715,0
72,168,780118,0,33608,59699,0
72,169,780118,0,33609,59558,0
83,284,228834,0,33636,36045,0
83,295,1549234,0,33646,52705,0
83,326,777532,0,33660,39498,0
83,336,372592,0,33668,36072,0
83,352,2243930,0,33683,59709,0
83,355,892380,0,33685,59710,0
83,356,84040,0,33686,65414,0
83,357,940060,0,33687,65410,0
83,366,2246354,0,33695,59567,0
83,367,892380,0,33696,59569,0
83,369,940060,0,33697,63822,0
83,370,84040,0,33698,63816,0
83,371,2094752,0,33699,39560,0
83,382,2093146,0,33708,39559,0
83,393,2611634,0,33717,39562,0
83,402,2611634,0,33725,39561,0
83,413,1043290,0,33735,61056,0
83,416,1043290,0,33737,36202,0
83,420,1043290,0,33741,61050,0
83,423,1043290,0,33743,36196,0
104,259,327598,0,33776,61082,0
104,265,327598,0,33780,36228,0
104,268,38196,0,33783,68168,0
104,269,38196,0,33784,66859,0
104,275,403486,0,33790,43221,0
104,278,27140,0,33792,61097,0
104,412,237784,0,33898,58388,0
104,419,237784,0,33904,58382,0
125,25,208386,0,33909,40391,0
125,26,494922,0,33910,44125,0
125,27,434826,0,33911,47320,0
125,31,12560,0,33913,58622,0
125,39,294018,0,33917,37020,0
125,42,70434,0,33920,68481,0
125,43,70434,0,33921,67172,0
74,156,240852,0,33926,39553,0
74,139,143332,0,33929,55772,0
125,135,517776,0,33944,45308,0
125,136,242646,0,33945,48142,0
125,150,356788,0,33954,57641,0
125,151,356788,0,33955,57524,0
125,154,929866,0,33958,56067,0
125,155,929866,0,33959,56061,0
125,157,350756,0,33961,51002,0
125,167,581994,0,33967,38249,0
125,168,14186,0,33968,59722,0
125,169,14186,0,33969,59581,0
125,170,531134,0,33970,59967,0
125,171,531134,0,33971,59861,0
125,181,837494,0,33980,60976,0
125,197,382052,0,33992,42991,0
125,200,835980,0,33993,58108,0
125,201,776842,0,33994,60413,0
125,209,221494,0,34000,35478,0
125,212,640690,0,34003,68037,0
125,213,640690,0,34004,66728,0
125,218,610952,0,34009,39210,0
125,230,400100,0,34017,35777,0
