27,403,738242,0,47511,57725,0
27,404,572818,0,47512,63187,0
27,408,30712,0,47516,70105,0
27,410,203778,0,47517,69324,0
27,412,371696,0,47518,58084,0
27,413,678326,0,47519,60403,0
27,419,371696,0,47524,58083,0
27,420,678326,0,47525,60402,0
72,31,99562,0,47533,58600,0
72,32,266134,0,47534,61469,0
72,44,30638,0,47545,70749,0
72,45,30638,0,47546,69712,0
72,136,294408,0,47550,48121,0
72,140,420726,0,47552,57050,0
72,152,785392,0,47561,55796,0
72,153,785392,0,47562,55785,0
72,154,45604,0,47563,55724,0
72,155,45604,0,47564,55723,0
72,180,535198,0,47568,54496,0
72,181,156754,0,47569,62500,0
72,189,269742,0,47574,62865,0
72,190,269742,0,47575,62737,0
72,195,59302,0,47580,72842,0
72,196,59302,0,47581,72001,0
72,199,159012,0,47582,52232,0
72,200,99562,0,47583,58071,0
72,201,646802,0,47584,60386,0
72,214,30638,0,47595,70350,0
72,215,30638,0,47596,69313,0
72,240,108500,0,47600,55709,0
72,249,813424,0,47608,65277,0
72,250,813424,0,47609,63684,0
72,259,65016,0,47618,60845,0
72,343,59302,0,47676,72474,0
72,344,59302,0,47677,71633,0
72,351,39112,0,47683,66103,0
72,353,685920,0,47685,65285,0
72,355,900546,0,47686,65287,0
72,356,452942,0,47687,65289,0
72,357,1050478,0,47688,65288,0
72,364,39112,0,47694,64510,0
72,365,667588,0,47695,63693,0
72,367,900546,0,47697,63694,0
72,369,1050478,0,47698,63696,0
72,370,452942,0,47699,63695,0
72,395,1283724,0,47720,60858,0
72,404,1283724,0,47729,60857,0
72,413,436018,0,47738,60860,0
72,420,436018,0,47744,60859,0
73,55,531704,0,47752,60929,0
73,180,1101846,0,47782,54497,0
73,193,32802,0,47792,71031,0
73,194,32802,0,47793,69994,0
73,195,285162,0,47794,72843,0
73,196,285162,0,47795,72002,0
73,341,32802,0,47855,70631,0
73,342,32802,0,47856,69594,0
73,343,285162,0,47857,72475,0
73,344,285162,0,47858,71634,0
73,352,601542,0,47865,65391,0
73,353,422558,0,47866,65384,0
73,365,422558,0,47876,63799,0
73,366,601542,0,47877,63790,0
73,395,2094752,0,47901,60874,0
73,404,2094752,0,47909,60873,0
73,413,2611634,0,47917,60876,0
73,420,2611634,0,47923,60875,0
74,31,385048,0,47930,58601,0
74,32,135444,0,47931,61470,0
74,44,489842,0,47940,70750,0
74,45,489842,0,47941,69713,0
74,53,399004,0,47946,55741,0
74,55,667074,0,47947,60930,0
74,138,420726,0,47961,56716,0
74,148,351468,0,47965,57373,0
74,149,351468,0,47966,57239,0
74,195,1073500,0,47986,61396,0
74,196,1073500,0,47987,61385,0
74,276,239910,0,47990,55727,0
74,285,707830,0,47997,65292,0
74,286,707830,0,47998,63699,0
74,306,221060,0,48016,70501,0
74,307,221060,0,48017,69464,0
74,329,370912,0,48023,50000,0
74,352,1034484,0,48044,65392,0
74,355,12436,0,48046,65299,0
74,366,1034484,0,48054,63791,0
74,367,12436,0,48055,63706,0
136,51,636446,0,48106,50193,0
136,52,465868,0,48107,53602,0
136,63,100316,0,48113,65627,0
136,64,100316,0,48114,64034,0
136,89,1296100,0,48130,49310,0
136,90,1296100,0,48131,49215,0
136,118,107678,0,48136,59032,0
136,119,95248,0,48137,62263,0
136,127,145930,0,48143,65941,0
136,128,145930,0,48144,64348,0
136,131,119006,0,48147,55259,0
136,132,119006,0,48148,55167,0
92,295,472856,0,48149,52714,0
91,295,472856,0,48150,52713,0
136,219,636446,0,48151,49576,0
136,220,397384,0,48152,52493,0
136,231,100316,0,48161,65144,0
136,232,100316,0,48162,63551,0
136,241,690098,0,48170,60893,0
136,249,420084,0,48177,65302,0
136,250,420084,0,48178,63709,0
136,277,107678,0,48187,58426,0
136,285,145930,0,48193,65462,0
136,286,145930,0,48194,63869,0
136,295,593674,0,48203,52716,0
136,306,112880,0,48213,70524,0
136,307,112880,0,48214,69487,0
136,330,211032,0,48232,52749,0
136,341,202978,0,48242,70534,0
136,342,202978,0,48243,69497,0
136,355,614118,0,48255,66423,0
136,367,614118,0,48267,64898,0
88,295,196110,0,48272,52710,0
88,306,292620,0,48277,69116,0
87,295,196110,0,48283,52709,0
87,307,296718,0,48289,67735,0
136,395,234664,0,48293,63281,0
136,399,89958,0,48297,71157,0
92,306,923708,0,48298,70510,0
136,404,234664,0,48301,63202,0
