285,377,592018,0,65575,68988,0
285,378,641346,0,65576,68871,0
285,380,517922,0,65577,68872,0
285,390,1335960,0,65582,67562,0
285,391,525106,0,65583,67563,0
63,130,937556,0,65624,67447,0
63,153,175470,0,65637,69881,0
63,306,837562,0,65730,70496,0
63,341,15984,0,65743,70626,0
63,343,322872,0,65744,72470,0
63,391,2040416,0,65763,67924,0
63,410,1428502,0,65774,70214,0
63,424,514320,0,65782,72123,0
85,45,708818,0,65794,69721,0
85,212,157432,0,65819,68012,0
127,43,73754,0,65923,67174,0
127,44,134808,0,65924,70771,0
127,70,547300,0,65939,71773,0
127,153,25104,0,65951,69893,0
127,212,371278,0,65975,68039,0
127,215,313552,0,65976,69334,0
127,238,930958,0,65991,71406,0
127,306,80320,0,66018,70519,0
127,379,1203618,0,66060,68427,0
127,381,28250,0,66061,68428,0
127,388,260426,0,66065,67636,0
127,389,891384,0,66066,67118,0
127,392,894480,0,66067,67119,0
351,69,517200,0,66100,72726,0
351,130,835278,0,66130,67560,0
351,238,507346,0,66150,71496,0
353,287,971998,0,66294,68426,0
357,69,896240,0,66559,72727,0
357,237,515022,0,66591,72338,0
356,238,302082,0,66634,71497,0
213,174,216362,0,66744,72772,0
213,193,168672,0,66754,71062,0
213,196,137458,0,66755,72032,0
213,287,287010,0,66787,68377,0
213,325,233918,0,66799,71568,0
213,342,628950,0,66809,69655,0
213,378,1574178,0,66817,69134,0
213,399,393930,0,66824,71194,0
213,401,897534,0,66825,70896,0
213,409,1556494,0,66830,69859,0
269,378,131156,0,66948,68714,0
269,379,323162,0,66949,68713,0
288,45,206326,0,66980,69816,0
288,174,548282,0,67038,72792,0
288,212,286866,0,67068,68096,0
288,215,238634,0,67069,69391,0
288,238,80328,0,67082,71460,0
288,325,561880,0,67112,71589,0
43,129,546948,0,67175,68744,0
43,193,499162,0,67200,71014,0
43,342,467810,0,67288,69577,0
43,379,506822,0,67297,69040,0
43,400,2293832,0,67304,70474,0
43,408,273504,0,67308,70116,0
109,195,288116,0,67342,72861,0
109,237,128100,0,67355,72236,0
109,378,131156,0,67404,68258,0
109,379,323162,0,67405,68257,0
130,42,546948,0,67435,68484,0
130,44,425358,0,67436,70772,0
130,174,441042,0,67475,72761,0
130,214,28292,0,67488,70372,0
130,325,404850,0,67541,71540,0
130,377,75624,0,67576,68947,0
388,44,365314,0,67608,70894,0
388,129,75624,0,67638,68885,0
388,214,775368,0,67654,70472,0
388,379,536580,0,67693,69001,0
388,381,960476,0,67695,69003,0
388,409,1141668,0,67708,69011,0
388,410,784604,0,67709,69010,0
390,44,745604,0,67732,70895,0
307,378,317984,0,67739,69142,0
390,212,1576370,0,67753,68127,0
153,378,317984,0,67761,69120,0
194,380,486964,0,67774,69243,0
194,381,17392,0,67775,69199,0
390,399,626000,0,67781,69162,0
389,42,506822,0,67803,68605,0
389,45,63498,0,67804,69858,0
341,380,247974,0,67826,69269,0
341,381,96732,0,67827,69217,0
389,215,646184,0,67839,69436,0
389,408,1174432,0,67853,69090,0
344,378,484798,0,67882,69156,0
196,379,247974,0,67908,69064,0
392,417,1411744,0,67915,69276,0
343,378,15452,0,67942,69155,0
195,379,96732,0,67960,69063,0
391,424,2161236,0,67967,69224,0
212,175,216362,0,68053,71931,0
212,194,201384,0,68063,70025,0
212,195,146418,0,68064,72873,0
212,324,233918,0,68108,72409,0
212,341,598586,0,68118,70692,0
212,401,1559060,0,68134,70890,0
212,408,393930,0,68138,70156,0
212,409,894968,0,68139,69853,0
287,44,206326,0,68289,70853,0
287,175,548282,0,68347,71951,0
287,214,238634,0,68378,70428,0
287,237,80328,0,68391,72301,0
287,324,561880,0,68421,72430,0
42,194,482532,0,68509,69977,0
42,341,467810,0,68597,70614,0
42,399,273504,0,68612,71152,0
42,410,2293832,0,68618,69431,0
108,196,288116,0,68651,72020,0
108,238,128100,0,68664,71395,0
129,45,425358,0,68745,69735,0
129,175,441042,0,68784,71920,0
129,215,28292,0,68797,69335,0
129,324,404850,0,68850,72381,0
377,45,365314,0,68918,69851,0
377,215,775368,0,68964,69429,0
379,44,63498,0,69041,70889,0
379,214,646184,0,69076,70467,0
378,45,745604,0,69113,69852,0
215,193,22996,0,69369,71063,0
215,195,306852,0,69370,72874,0
215,343,167538,0,69425,72536,0
307,193,569268,0,69504,70984,0
307,400,1692984,0,69554,70993,0
