102,25,1700946,0,7040,21871,0
102,26,217422,0,7041,18088,0
102,29,1019762,0,7042,18504,0
102,31,1728472,0,7043,18923,0
102,32,2113984,0,7044,30976,0
56,101,933074,0,7045,11758,0
102,38,611494,0,7048,17239,0
102,39,386610,0,7049,21038,0
102,44,1333416,0,7054,19913,0
102,45,1333416,0,7055,19813,0
205,135,2018556,0,7058,44232,0
205,136,934680,0,7059,25937,0
185,32,286750,0,7061,41247,0
205,139,120554,0,7062,56928,0
205,142,1385020,0,7064,13439,0
205,156,60596,0,7077,41812,0
39,97,1981050,0,7082,9709,0
204,165,1396308,0,7083,14514,0
104,188,960072,0,7085,22915,0
205,165,497046,0,7086,26912,0
141,97,846470,0,7087,30694,0
144,156,774524,0,7088,29705,0
205,168,483672,0,7089,58690,0
205,169,483672,0,7090,58689,0
205,172,117026,0,7093,58980,0
205,173,117026,0,7094,58971,0
205,174,221060,0,7095,72768,0
205,175,221060,0,7096,71927,0
205,181,52954,0,7102,9107,0
126,141,119280,0,7106,7500,0
205,189,355170,0,7108,50885,0
205,190,355170,0,7109,50884,0
205,191,256292,0,7110,57666,0
205,192,256292,0,7111,57549,0
204,100,611712,0,7117,13423,0
205,221,146422,0,7118,13484,0
205,222,271936,0,7119,60667,0
205,224,142004,0,7121,11431,0
78,106,450716,0,7142,42319,0
78,107,450716,0,7143,42187,0
78,108,289820,0,7144,19693,0
78,109,289820,0,7145,19568,0
78,112,44164,0,7148,17856,0
78,113,44164,0,7149,17855,0
120,98,19390,0,7151,61331,0
120,100,783134,0,7153,12322,0
120,102,793552,0,7154,24749,0
117,94,70248,0,7155,7344,0
120,104,583178,0,7156,32525,0
120,106,203176,0,7158,51556,0
120,107,203176,0,7159,51414,0
141,73,2856106,0,7167,25931,0
75,114,2029638,0,7169,16625,0
141,106,24854,0,7172,25111,0
141,107,24854,0,7173,25110,0
141,112,1282942,0,7178,25117,0
141,113,1282942,0,7179,25116,0
56,104,589570,0,7182,12864,0
144,317,2934978,0,7183,7956,0
205,316,420726,0,7185,32711,0
205,317,266454,0,7186,32954,0
205,320,347110,0,7189,35005,0
205,321,351468,0,7190,34897,0
205,327,252656,0,7196,43927,0
205,328,213318,0,7197,47190,0
144,105,668546,0,7198,29473,0
138,105,647872,0,7200,8258,0
205,332,433810,0,7201,13143,0
205,335,252240,0,7203,25622,0
205,337,328190,0,7205,37108,0
205,338,328190,0,7206,37107,0
205,339,691408,0,7207,38789,0
205,340,691408,0,7208,38680,0
205,343,174650,0,7211,72533,0
205,344,174650,0,7212,71692,0
205,350,1168436,0,7218,25955,0
205,351,868444,0,7219,41303,0
205,354,786274,0,7221,51645,0
205,363,1168436,0,7230,25954,0
205,364,868444,0,7231,41292,0
205,368,786274,0,7234,51495,0
205,371,71094,0,7237,42572,0
205,372,837536,0,7238,51802,0
205,373,8208,0,7239,55089,0
205,378,685452,0,7242,51808,0
205,379,894888,0,7243,68717,0
205,380,79666,0,7244,68564,0
205,382,71094,0,7245,42464,0
205,383,837536,0,7246,51701,0
205,384,8208,0,7247,54990,0
205,389,894888,0,7250,67414,0
205,390,685452,0,7251,51706,0
205,392,79666,0,7252,67255,0
205,393,1519920,0,7253,41334,0
205,394,797744,0,7254,50944,0
205,395,298374,0,7255,62208,0
205,402,1519920,0,7260,41327,0
205,403,797744,0,7261,50936,0
205,404,298374,0,7262,62200,0
205,411,2199974,0,7267,44242,0
205,412,434772,0,7268,58696,0
205,417,17124,0,7273,41352,0
205,418,2199974,0,7274,44241,0
205,419,434772,0,7275,58695,0
205,424,17124,0,7280,41345,0
279,25,539214,0,7281,40514,0
279,26,212328,0,7282,44247,0
279,29,195992,0,7283,53456,0
279,31,366466,0,7284,58700,0
279,32,486480,0,7285,61569,0
279,33,409280,0,7286,13453,0
279,34,21492,0,7287,17861,0
279,37,602106,0,7288,29689,0
279,39,365026,0,7290,37119,0
279,42,400338,0,7293,68569,0
279,43,400338,0,7294,67260,0
279,48,370292,0,7299,40812,0
279,49,271426,0,7300,44539,0
279,52,486480,0,7301,53689,0
279,55,76968,0,7303,61784,0
279,58,182058,0,7305,22154,0
279,60,437930,0,7306,29951,0
279,61,692404,0,7307,33446,0
279,67,833338,0,7313,45269,0
279,68,833338,0,7314,45261,0
279,69,67322,0,7315,72686,0
279,70,67322,0,7316,71845,0
204,34,1480610,0,7317,17792,0
