4,43,1702738,0,646,5345,0
4,44,3694700,0,647,1786,0
4,45,3694700,0,648,1777,0
4,46,3152496,0,649,1630,0
4,47,3152496,0,650,1629,0
9,276,529972,0,653,4366,0
9,277,448586,0,654,4584,0
9,278,2467194,0,655,4825,0
9,280,74962,0,657,886,0
9,283,3357316,0,660,2463,0
9,285,3490512,0,662,5205,0
9,286,3490512,0,663,5048,0
9,287,2338760,0,664,5488,0
9,288,2338760,0,665,5359,0
9,289,833562,0,666,2095,0
9,290,833562,0,667,2086,0
9,291,2822796,0,668,1945,0
9,292,2822796,0,669,1944,0
6,27,3195784,0,671,3626,0
4,124,5542682,0,672,1561,0
6,33,2892562,0,673,907,0
6,34,1278698,0,674,1242,0
6,36,3613944,0,675,1869,0
6,37,13082128,0,676,2176,0
6,39,7801630,0,678,2212,0
6,40,10065192,0,679,2236,0
6,41,10061972,0,680,2235,0
6,42,4106154,0,681,2382,0
6,43,4106154,0,682,2371,0
6,46,2107522,0,685,2242,0
6,47,2107522,0,686,2241,0
7,105,3298092,0,688,2872,0
9,312,778812,0,689,4124,0
9,314,590544,0,691,1577,0
9,315,6337164,0,692,1889,0
9,316,1724322,0,693,2478,0
9,317,3483934,0,694,2496,0
9,318,1599430,0,695,2522,0
9,319,1609650,0,696,2521,0
9,320,1238078,0,697,2665,0
9,321,1238262,0,698,2655,0
9,324,872470,0,701,5884,0
9,325,882042,0,702,5803,0
9,328,4085482,0,705,3643,0
9,330,1120892,0,707,4142,0
9,333,4303328,0,710,1282,0
9,337,2532804,0,714,2829,0
9,338,2539694,0,715,2828,0
9,341,818764,0,718,5716,0
9,342,818764,0,719,5615,0
9,345,2060528,0,722,3406,0
9,347,2287444,0,724,4165,0
9,348,4971894,0,725,974,0
9,352,90628,0,729,5287,0
9,354,318886,0,730,5305,0
9,355,3448338,0,731,5298,0
9,357,7116898,0,733,3255,0
9,358,2064630,0,734,3405,0
9,360,2309192,0,736,4164,0
9,361,4967130,0,737,973,0
9,366,102912,0,741,5120,0
9,367,3446956,0,742,5149,0
9,368,321078,0,743,5140,0
9,369,7116898,0,744,3244,0
9,371,1275146,0,746,3269,0
9,372,678082,0,747,4028,0
9,373,860496,0,748,4292,0
9,375,921712,0,749,1768,0
9,378,7413082,0,752,5563,0
9,379,2392326,0,753,5556,0
9,381,5011916,0,755,5513,0
9,382,1275648,0,756,3259,0
9,383,677898,0,757,4019,0
9,384,870462,0,758,4283,0
9,386,921628,0,759,1759,0
9,389,2397784,0,762,5435,0
9,390,7407624,0,763,5426,0
9,391,5018328,0,764,5385,0
9,393,1100926,0,766,3286,0
9,395,438926,0,768,4991,0
9,398,1093848,0,770,2987,0
9,402,1100926,0,773,3279,0
9,404,457132,0,775,4983,0
9,407,1096402,0,777,2979,0
9,411,2823804,0,780,3412,0
9,412,4086102,0,781,4613,0
9,414,5317038,0,783,980,0
9,415,4394980,0,784,2528,0
9,418,2823804,0,787,3411,0
9,419,4086102,0,788,4612,0
9,421,5317038,0,790,979,0
9,422,4394980,0,791,2527,0
10,25,1015850,0,794,3099,0
10,31,1414260,0,800,4600,0
10,34,662176,0,802,1303,0
10,38,855584,0,806,2516,0
10,40,1328430,0,808,3248,0
10,41,1328430,0,809,3236,0
10,46,2713152,0,814,3301,0
10,47,2713152,0,815,3294,0
10,48,1015850,0,816,3120,0
10,49,5769288,0,817,3419,0
10,51,1423030,0,819,3898,0
10,53,1356618,0,821,4382,0
10,58,2756382,0,826,1636,0
10,60,797942,0,828,2249,0
10,63,2880992,0,831,5221,0
10,64,2880992,0,832,5064,0
10,69,4423338,0,837,5908,0
10,70,4404344,0,838,5827,0
10,72,13082128,0,840,1955,0
10,75,1278698,0,843,4383,0
10,76,3313468,0,844,3440,0
10,77,5542682,0,845,3742,0
4,115,5672692,0,847,1637,0
10,81,7801630,0,848,1953,0
10,82,3195784,0,849,2250,0
7,50,3908680,0,850,1893,0
10,84,3613944,0,851,2842,0
10,87,1821862,0,854,3445,0
10,88,1821862,0,855,3444,0
10,89,9103038,0,856,3447,0
10,90,9103038,0,857,3446,0
10,91,4113078,0,858,3840,0
10,92,4112492,0,859,3833,0
10,94,1724322,0,861,3914,0
3,93,5672692,0,862,1325,0
10,96,2034868,0,863,3944,0
