105,373,640746,0,37807,55078,0
105,381,1034320,0,37814,68275,0
105,384,640746,0,37816,54979,0
105,391,1023376,0,37823,66966,0
105,395,780330,0,37826,61256,0
105,404,780330,0,37834,61248,0
105,413,107978,0,37842,61270,0
105,420,107978,0,37848,61264,0
126,25,460746,0,37852,40392,0
126,26,486774,0,37853,44126,0
126,27,694528,0,37854,47321,0
126,31,610424,0,37856,58623,0
126,32,230850,0,37857,61492,0
126,40,537256,0,37861,39813,0
126,41,537256,0,37862,39814,0
126,42,211932,0,37863,68482,0
126,43,211932,0,37864,67173,0
126,48,360794,0,37869,40691,0
126,49,372774,0,37870,44419,0
126,51,331842,0,37871,50184,0
126,53,247738,0,37872,56092,0
126,55,453418,0,37874,61709,0
126,63,406012,0,37878,65622,0
126,64,406012,0,37879,64029,0
126,65,546492,0,37880,43573,0
126,66,546492,0,37881,43574,0
126,67,422706,0,37882,43630,0
126,68,422706,0,37883,43622,0
126,69,63248,0,37884,72613,0
126,70,63248,0,37885,71772,0
126,197,36974,0,37926,42992,0
126,200,56800,0,37927,58109,0
126,201,103088,0,37928,60414,0
126,218,36974,0,37942,39211,0
126,222,313688,0,37944,60653,0
126,231,70868,0,37950,65138,0
126,232,70868,0,37951,63545,0
126,274,545266,0,37958,39682,0
126,275,152942,0,37959,43445,0
126,276,659594,0,37960,55884,0
126,277,388634,0,37961,58417,0
126,285,587384,0,37968,65455,0
126,286,587384,0,37969,63862,0
126,287,77758,0,37970,68315,0
126,288,77758,0,37971,67006,0
126,393,159020,0,38016,39868,0
126,402,159020,0,38024,39860,0
147,48,477474,0,38044,40707,0
147,49,215672,0,38045,44435,0
147,50,266454,0,38046,44693,0
147,51,86130,0,38047,50200,0
147,52,61062,0,38048,53609,0
147,65,197744,0,38056,43774,0
147,66,197744,0,38057,43773,0
147,67,722246,0,38058,46439,0
147,68,722246,0,38059,46355,0
147,69,203302,0,38060,72624,0
147,70,203302,0,38061,71783,0
147,72,420726,0,38062,47556,0
147,74,1190600,0,38063,47964,0
147,89,351468,0,38070,49317,0
147,90,351468,0,38071,49222,0
147,115,554732,0,38074,45094,0
147,118,171688,0,38076,59036,0
147,119,198484,0,38077,62269,0
147,127,863782,0,38083,65947,0
147,128,863782,0,38084,64354,0
147,129,732070,0,38085,68767,0
147,130,732070,0,38086,67458,0
147,133,901104,0,38089,52902,0
147,134,901104,0,38090,52895,0
147,239,59442,0,38091,39471,0
147,249,221060,0,38097,65309,0
147,250,221060,0,38098,63716,0
147,274,155636,0,38105,39700,0
147,347,1734350,0,38150,52823,0
147,360,1734350,0,38160,52822,0
147,378,1159984,0,38174,69119,0
147,390,1162324,0,38183,67738,0
147,395,290088,0,38187,63287,0
147,404,290088,0,38194,63208,0
167,27,8708,0,38214,47337,0
167,28,266454,0,38215,41201,0
167,29,176184,0,38216,53375,0
167,32,84172,0,38217,61508,0
167,40,293412,0,38222,40013,0
167,41,293412,0,38223,40012,0
167,44,303506,0,38226,70782,0
167,45,303506,0,38227,69745,0
167,46,380532,0,38228,42890,0
167,47,380532,0,38229,42815,0
167,94,3830,0,38230,50417,0
167,95,1442542,0,38231,50630,0
167,112,882318,0,38239,52141,0
167,113,882318,0,38240,52068,0
167,114,506664,0,38241,41392,0
167,116,76874,0,38242,53879,0
167,117,43498,0,38243,56539,0
167,119,114986,0,38244,62284,0
167,127,1069746,0,38250,65959,0
167,128,1069746,0,38251,64366,0
167,133,453732,0,38256,55427,0
167,134,453732,0,38257,55355,0
167,257,219314,0,38258,43257,0
167,259,208150,0,38259,61115,0
167,268,33244,0,38265,68192,0
167,269,33244,0,38266,66883,0
167,274,498364,0,38271,39717,0
167,275,425892,0,38272,43480,0
159,179,359244,0,38287,49815,0
159,180,731724,0,38288,52946,0
167,373,1599070,0,38324,53031,0
167,381,779468,0,38329,69191,0
167,384,1599070,0,38332,53030,0
167,391,779468,0,38337,67934,0
167,413,714652,0,38355,63430,0
167,417,27086,0,38358,72975,0
167,420,714652,0,38360,63365,0
167,424,27086,0,38363,72134,0
338,48,339588,0,38364,40866,0
338,49,1002024,0,38365,44593,0
338,50,186108,0,38366,44786,0
338,53,352718,0,38369,56223,0
338,55,288802,0,38370,61808,0
338,63,1009762,0,38376,65741,0
338,72,269742,0,38383,47671,0
338,74,425436,0,38384,48032,0
338,75,119006,0,38385,56420,0
