121,328,142688,0,14182,47153,0
121,329,594432,0,14183,50017,0
121,330,892908,0,14184,53184,0
121,334,263968,0,14188,21578,0
121,335,863142,0,14189,25581,0
121,336,683224,0,14190,36760,0
121,337,71404,0,14191,38535,0
121,338,71404,0,14192,38402,0
121,339,362886,0,14193,38774,0
121,340,362886,0,14194,38665,0
121,341,385704,0,14195,70658,0
121,342,385704,0,14196,69621,0
121,345,87084,0,14199,45997,0
121,348,940556,0,14201,15066,0
121,350,282402,0,14203,27454,0
121,352,51750,0,14205,66340,0
121,353,434894,0,14206,66267,0
121,357,1658464,0,14209,65597,0
121,358,87084,0,14210,45879,0
121,361,940556,0,14212,14946,0
121,363,282402,0,14214,27333,0
121,365,434894,0,14216,64762,0
121,366,51750,0,14217,64659,0
121,369,1658488,0,14220,64004,0
121,371,433256,0,14221,42555,0
121,375,824860,0,14224,23714,0
121,379,337996,0,14227,68390,0
121,381,1487864,0,14229,26354,0
121,382,433256,0,14230,42447,0
121,386,824860,0,14233,23613,0
121,389,337996,0,14236,67081,0
121,391,1480108,0,14237,26345,0
121,394,162188,0,14240,55957,0
121,395,422706,0,14241,61357,0
121,397,361770,0,14243,28744,0
121,403,162188,0,14248,55956,0
121,404,422706,0,14249,61356,0
121,406,361770,0,14251,28743,0
121,411,152600,0,14255,43643,0
121,412,32702,0,14256,58596,0
121,416,643214,0,14260,36675,0
121,418,152600,0,14262,43636,0
121,419,32702,0,14263,58590,0
121,423,643214,0,14267,36669,0
142,48,108696,0,14269,40704,0
142,49,237106,0,14270,44432,0
142,51,277820,0,14272,50197,0
142,52,399996,0,14273,53606,0
142,55,681338,0,14274,61722,0
142,57,127376,0,14275,18051,0
142,59,186460,0,14277,26150,0
142,60,367036,0,14278,29848,0
142,63,910602,0,14279,65631,0
142,64,910602,0,14280,64038,0
142,65,174884,0,14281,43724,0
142,66,174884,0,14282,43723,0
142,69,282550,0,14285,72621,0
142,70,282550,0,14286,71780,0
140,125,729718,0,14288,33948,0
139,84,68882,0,14290,32982,0
142,87,390530,0,14293,37477,0
142,88,390530,0,14294,37476,0
142,89,134034,0,14295,49315,0
142,90,134034,0,14296,49220,0
142,119,321630,0,14302,62266,0
142,122,59442,0,14305,18471,0
142,124,263684,0,14306,30462,0
142,129,683060,0,14310,68764,0
142,130,683060,0,14311,67455,0
142,131,245360,0,14312,55262,0
142,132,245360,0,14313,55170,0
142,239,2210498,0,14316,39468,0
142,243,553746,0,14319,16062,0
142,245,410330,0,14320,16622,0
142,246,60216,0,14321,28401,0
142,247,259826,0,14322,16924,0
142,251,344176,0,14326,16986,0
142,252,344176,0,14327,16985,0
142,281,429488,0,14336,24687,0
142,282,332656,0,14337,28681,0
142,283,517776,0,14338,32475,0
142,284,364258,0,14339,36468,0
142,285,123986,0,14340,65468,0
142,286,123986,0,14341,63875,0
142,291,450990,0,14346,25221,0
142,292,450990,0,14347,25214,0
142,293,902962,0,14348,43684,0
142,294,327598,0,14349,46928,0
142,295,251174,0,14350,52720,0
142,297,818680,0,14351,16905,0
142,298,27642,0,14352,24988,0
142,299,273210,0,14353,28902,0
142,300,484372,0,14354,28921,0
142,302,898608,0,14355,29066,0
142,303,898608,0,14356,29054,0
142,306,483150,0,14359,70528,0
142,307,483150,0,14360,69491,0
142,308,73036,0,14361,29121,0
142,309,73036,0,14362,29115,0
142,311,143332,0,14363,30267,0
142,314,744402,0,14366,21019,0
139,62,354996,0,14368,29182,0
142,322,3072,0,14373,35177,0
142,323,3072,0,14374,35085,0
142,336,764232,0,14383,29403,0
142,339,639196,0,14386,29447,0
142,340,639196,0,14387,29446,0
142,341,542896,0,14388,70538,0
142,342,542896,0,14389,69501,0
142,345,107978,0,14392,43791,0
142,350,301686,0,14396,25165,0
142,351,133688,0,14397,31304,0
142,355,905036,0,14399,66428,0
142,358,107978,0,14402,43781,0
142,363,301686,0,14406,25154,0
142,364,133688,0,14407,31166,0
142,367,905036,0,14409,64903,0
142,375,443610,0,14416,21080,0
142,377,75662,0,14418,30035,0
142,379,240228,0,14420,69048,0
142,381,260964,0,14422,31589,0
142,386,443610,0,14427,21079,0
142,388,74754,0,14429,30024,0
142,389,240228,0,14430,67811,0
142,391,249484,0,14432,31471,0
142,393,390720,0,14434,42725,0
142,395,196856,0,14435,63285,0
142,397,183198,0,14437,31706,0
