235,39,78620,0,15500,37079,0
235,42,490272,0,15501,68540,0
235,138,99728,0,15507,56759,0
235,140,722246,0,15508,57104,0
235,145,300480,0,15511,26725,0
172,135,225454,0,15512,33469,0
235,176,180466,0,15515,42039,0
235,178,131800,0,15517,48575,0
235,179,84668,0,15518,51241,0
235,180,103416,0,15519,54575,0
235,181,457934,0,15520,62579,0
83,404,164270,0,15523,19143,0
152,54,450716,0,15525,30936,0
235,194,702482,0,15526,70037,0
235,195,201596,0,15527,72886,0
235,206,34410,0,15536,24236,0
235,293,415580,0,15544,43725,0
235,295,236318,0,15545,52778,0
235,299,99728,0,15549,28967,0
235,301,496984,0,15550,29448,0
235,308,566248,0,15552,31681,0
235,326,224,0,15553,40198,0
235,327,343666,0,15554,43952,0
163,407,179792,0,15555,32993,0
235,333,147322,0,15559,17546,0
235,335,77848,0,15561,25647,0
235,336,985642,0,15562,36826,0
235,342,1447844,0,15563,69668,0
235,402,1983784,0,15566,40923,0
235,407,86434,0,15571,37427,0
235,408,604454,0,15572,46410,0
235,412,598204,0,15574,60120,0
235,415,1229120,0,15576,35154,0
235,416,900636,0,15577,38926,0
235,417,459008,0,15578,70310,0
421,48,312388,0,15579,40941,0
421,49,275146,0,15580,44668,0
421,53,365108,0,15583,56294,0
421,54,71094,0,15584,45635,0
421,55,38212,0,15585,61881,0
421,60,182744,0,15588,30062,0
421,61,47286,0,15589,33550,0
421,62,451366,0,15590,37445,0
421,63,1298104,0,15591,65779,0
421,64,332868,0,15592,64188,0
421,156,332358,0,15594,41939,0
421,157,234664,0,15595,51161,0
421,165,214254,0,15600,27038,0
421,167,311416,0,15601,38361,0
421,176,40862,0,15603,42160,0
421,177,229332,0,15604,45855,0
421,178,344772,0,15605,48709,0
421,179,225904,0,15606,51375,0
421,180,288798,0,15607,54713,0
421,181,251538,0,15608,62717,0
421,184,503818,0,15611,19261,0
421,185,247838,0,15612,23277,0
421,310,529488,0,15617,40091,0
421,314,234664,0,15620,21494,0
421,315,136130,0,15621,25498,0
421,326,433256,0,15625,40344,0
421,328,295528,0,15627,47311,0
421,329,424040,0,15628,50174,0
421,333,136482,0,15631,17694,0
421,334,402106,0,15632,21792,0
421,335,400578,0,15633,25797,0
421,336,133022,0,15634,36977,0
421,343,140714,0,15637,72590,0
238,69,782252,0,15638,46627,0
421,413,331682,0,15640,63469,0
421,416,1169070,0,15642,39137,0
414,48,312388,0,15644,40935,0
414,49,275146,0,15645,44662,0
414,53,365108,0,15648,56288,0
414,54,71094,0,15649,45630,0
414,55,38212,0,15650,61875,0
414,60,182744,0,15653,30056,0
414,61,47286,0,15654,33545,0
414,62,451366,0,15655,37439,0
414,63,339038,0,15656,65777,0
414,64,1291934,0,15657,64182,0
414,156,332358,0,15659,41933,0
414,157,234664,0,15660,51155,0
414,165,214254,0,15665,27032,0
414,167,311416,0,15666,38356,0
414,176,40862,0,15668,42154,0
414,177,229332,0,15669,45849,0
414,178,344772,0,15670,48703,0
414,179,225904,0,15671,51369,0
414,180,288798,0,15672,54707,0
414,181,251538,0,15673,62711,0
414,184,503818,0,15676,19255,0
414,185,247838,0,15677,23271,0
414,310,529488,0,15682,40085,0
414,314,234664,0,15685,21488,0
414,315,136130,0,15686,25492,0
414,326,433256,0,15690,40338,0
414,328,295528,0,15692,47305,0
414,329,424040,0,15693,50168,0
414,333,136482,0,15696,17688,0
414,334,402106,0,15697,21786,0
414,335,400578,0,15698,25791,0
414,336,133022,0,15699,36971,0
414,344,144612,0,15702,71749,0
237,70,805896,0,15703,46562,0
414,420,335192,0,15705,63404,0
414,423,1162964,0,15707,39072,0
204,25,195220,0,15709,40443,0
204,26,716172,0,15710,44176,0
204,27,1176298,0,15711,47371,0
204,29,497868,0,15713,53408,0
204,31,394850,0,15715,58638,0
204,32,70132,0,15716,61524,0
143,25,178720,0,15719,29635,0
204,44,734250,0,15726,70807,0
204,45,734250,0,15727,69770,0
204,46,532302,0,15728,40495,0
204,47,532302,0,15729,40494,0
204,48,401400,0,15730,40741,0
204,49,201928,0,15731,44469,0
204,50,861934,0,15732,44707,0
204,54,223446,0,15736,45514,0
204,59,767344,0,15738,26187,0
204,60,443814,0,15739,29884,0
204,62,991304,0,15741,37288,0
204,65,562940,0,15744,46262,0
204,66,562940,0,15745,46143,0
204,67,426414,0,15746,46461,0
