0,26,30050318,0,26,223,0
0,27,3229560,0,27,242,0
0,28,20225854,0,28,205,0
0,30,8640680,0,30,207,0
0,31,917236,0,31,313,0
0,34,3145060,0,34,78,0
0,35,24016146,0,35,99,0
0,37,8599034,0,37,141,0
0,40,2682176,0,40,211,0
0,41,2694258,0,41,210,0
0,48,28417426,0,48,203,0
0,50,11335852,0,50,225,0
0,51,130552,0,51,260,0
0,53,3680792,0,53,296,0
0,54,26952950,0,54,229,0
0,57,9274974,0,57,79,0
0,58,3840540,0,58,100,0
0,60,4737744,0,60,142,0
0,61,21879222,0,61,162,0
0,65,1414876,0,65,234,0
0,66,1419798,0,66,233,0
0,67,365780,0,67,236,0
0,68,349564,0,68,235,0
0,72,1851362,0,72,243,0
0,73,47046782,0,73,244,0
0,74,21918400,0,74,245,0
0,76,48611944,0,76,247,0
0,77,2680536,0,77,333,0
0,80,43341696,0,80,101,0
0,81,14260386,0,81,122,0
0,83,44853774,0,83,163,0
0,84,5600018,0,84,184,0
0,85,14415880,0,85,362,0
0,86,14209172,0,86,349,0
0,87,9554592,0,87,252,0
0,88,9581722,0,88,251,0
0,91,6269230,0,91,256,0
0,92,6319884,0,92,255,0
0,93,1921538,0,93,226,0
0,94,7681930,0,94,261,0
0,95,14779066,0,95,262,0
0,96,44871944,0,96,263,0
0,102,16480082,0,102,123,0
0,103,46461158,0,103,144,0
0,105,279500,0,105,185,0
0,106,5801092,0,106,267,0
0,107,5775776,0,107,266,0
0,108,7694966,0,108,386,0
0,109,7797358,0,109,375,0
0,110,8382270,0,110,271,0
0,111,8387070,0,111,270,0
0,117,619204,0,117,298,0
0,118,3188456,0,118,315,0
0,119,33370540,0,119,335,0
0,124,2938318,0,124,145,0
0,125,27608,0,125,165,0
0,131,5129260,0,131,290,0
0,132,5153252,0,132,289,0
0,135,3323044,0,135,228,0
0,137,5345892,0,137,282,0
0,138,2130354,0,138,299,0
0,139,44268150,0,139,300,0
0,140,21445196,0,140,301,0
0,146,50142192,0,146,166,0
0,147,20296566,0,147,187,0
0,150,3683600,0,150,305,0
0,151,3656302,0,151,304,0
0,152,9684966,0,152,406,0
0,153,9551062,0,153,397,0
0,154,6007732,0,154,309,0
0,155,5957166,0,155,308,0
0,156,2107328,0,156,208,0
0,158,317028,0,158,283,0
0,159,4644278,0,159,316,0
0,160,15775882,0,160,317,0
0,167,9021032,0,167,188,0
0,168,9920478,0,168,319,0
0,169,9946194,0,169,318,0
0,172,7006196,0,172,323,0
0,173,7001668,0,173,322,0
0,174,8324090,0,174,422,0
0,175,8306212,0,175,415,0
0,178,2868660,0,178,248,0
0,180,30576690,0,180,284,0
0,189,3329700,0,189,338,0
0,190,3323716,0,190,337,0
0,191,1576150,0,191,340,0
0,192,1671714,0,192,339,0
0,198,3761258,0,198,239,0
0,200,531564,0,200,310,0
0,219,2564562,0,219,257,0
0,221,3623810,0,221,293,0
0,241,2772292,0,241,328,0
0,249,6289210,0,249,359,0
0,250,6457106,0,250,346,0
0,258,2058310,0,258,311,0
0,259,178856,0,259,329,0
0,268,14695098,0,268,383,0
0,269,14527830,0,269,372,0
0,276,1513172,0,276,295,0
0,306,12422854,0,306,403,0
0,307,12409802,0,307,394,0
0,324,9628518,0,324,419,0
0,325,9783890,0,325,412,0
0,377,3941828,0,377,388,0
9,25,5769288,0,425,3098,0
9,26,1015850,0,426,3397,0
9,27,797942,0,427,3658,0
9,31,2756382,0,431,4599,0
9,34,1356618,0,434,1302,0
9,38,1423030,0,438,2515,0
9,42,2576694,0,442,5503,0
9,43,2576694,0,443,5374,0
9,44,2365622,0,444,5728,0
9,45,2365622,0,445,5627,0
9,49,1015850,0,449,3418,0
9,51,855584,0,451,3897,0
9,53,662176,0,453,4381,0
9,56,1215252,0,456,600,0
9,58,1414260,0,458,1635,0
9,63,271544,0,463,5220,0
9,64,271544,0,464,5063,0
9,65,1851642,0,465,3567,0
9,66,1831034,0,466,3556,0
9,67,2320162,0,467,3586,0
9,68,2325934,0,468,3578,0
9,69,119098,0,469,5907,0
9,70,112358,0,470,5826,0
