265,53,381230,0,36208,56159,0
265,62,120200,0,36212,37339,0
265,65,37400,0,36215,46278,0
265,66,37400,0,36216,46159,0
265,93,27642,0,36221,44913,0
265,94,273210,0,36222,50467,0
265,97,818680,0,36224,58868,0
265,98,902962,0,36225,62101,0
265,108,483150,0,36231,68671,0
265,109,483150,0,36232,67362,0
265,110,73036,0,36233,50575,0
265,111,73036,0,36234,50567,0
265,112,898608,0,36235,50591,0
265,113,898608,0,36236,50584,0
265,115,374586,0,36238,44928,0
265,116,377014,0,36239,50662,0
265,118,154060,0,36240,58882,0
265,119,360858,0,36241,62115,0
265,127,599412,0,36247,51599,0
265,128,599412,0,36248,51457,0
265,129,145210,0,36249,68681,0
265,130,145210,0,36250,67372,0
265,133,599290,0,36253,50767,0
265,134,599290,0,36254,50761,0
265,157,60216,0,36256,51034,0
265,158,1138968,0,36257,54330,0
265,159,553746,0,36258,59263,0
265,160,208150,0,36259,59436,0
265,168,344176,0,36264,58917,0
265,169,344176,0,36265,58916,0
265,177,640344,0,36273,45743,0
265,178,191898,0,36274,48599,0
265,179,498426,0,36275,51265,0
265,180,103478,0,36276,54599,0
265,181,345840,0,36277,62603,0
265,189,174884,0,36282,62149,0
265,190,174884,0,36283,62148,0
265,191,124226,0,36284,63139,0
265,192,124226,0,36285,63035,0
265,195,917734,0,36288,72903,0
265,196,917734,0,36289,72062,0
265,219,329894,0,36291,49631,0
265,231,445060,0,36299,65182,0
265,232,445060,0,36300,63589,0
84,98,652158,0,36308,60949,0
126,98,1362842,0,36322,61375,0
265,345,460850,0,36335,44978,0
265,347,232680,0,36337,50698,0
265,351,1701152,0,36341,51325,0
265,352,380864,0,36342,66366,0
265,355,968678,0,36345,51639,0
265,358,460850,0,36347,44977,0
265,360,232680,0,36349,50697,0
265,364,1701152,0,36353,51313,0
265,366,380864,0,36355,64685,0
265,367,968678,0,36356,51505,0
265,372,183198,0,36360,51816,0
265,373,443616,0,36361,55104,0
265,380,468838,0,36367,68731,0
265,383,183198,0,36369,51715,0
265,384,443616,0,36370,55005,0
265,392,479252,0,36376,67422,0
265,395,780330,0,36379,62210,0
265,404,780330,0,36387,62202,0
265,411,301686,0,36393,45053,0
265,413,107978,0,36395,62224,0
265,418,301686,0,36399,45047,0
265,420,107978,0,36401,62218,0
284,25,955960,0,36405,40519,0
284,26,744830,0,36406,44252,0
284,29,564862,0,36407,53461,0
284,31,442536,0,36408,58705,0
284,32,713638,0,36409,61574,0
284,39,518628,0,36414,37123,0
284,40,103416,0,36415,42376,0
284,41,103416,0,36416,42244,0
284,48,744830,0,36423,40817,0
284,49,608788,0,36424,44544,0
284,52,555674,0,36425,53694,0
284,53,164130,0,36426,56176,0
284,55,704450,0,36427,61789,0
284,62,509440,0,36432,37356,0
284,63,559212,0,36433,65718,0
284,64,559212,0,36434,64125,0
284,65,470852,0,36435,46291,0
284,66,470852,0,36436,46172,0
284,67,281912,0,36437,45271,0
284,68,281912,0,36438,45263,0
284,69,780936,0,36439,72691,0
284,70,780936,0,36440,71850,0
284,114,644868,0,36441,41460,0
284,115,764728,0,36442,45161,0
284,116,211358,0,36443,53952,0
284,117,723046,0,36444,56573,0
284,118,608364,0,36445,59070,0
284,119,164192,0,36446,62338,0
284,127,394560,0,36453,66002,0
284,128,394560,0,36454,64409,0
284,129,244716,0,36455,68822,0
284,130,244716,0,36456,67513,0
284,131,11682,0,36457,54065,0
284,132,11682,0,36458,54056,0
284,133,529254,0,36459,54081,0
284,134,529254,0,36460,54074,0
284,135,321630,0,36461,45357,0
284,136,95248,0,36462,48192,0
284,137,22576,0,36463,54152,0
284,138,535198,0,36464,56786,0
284,139,1101846,0,36465,56959,0
284,140,198484,0,36466,57131,0
284,148,246102,0,36470,57434,0
284,149,246102,0,36471,57300,0
284,152,172404,0,36474,70963,0
284,153,172404,0,36475,69926,0
284,156,320464,0,36478,41845,0
284,157,183560,0,36479,51050,0
284,158,103478,0,36480,54346,0
284,159,421628,0,36481,59279,0
284,160,114986,0,36482,59454,0
284,170,126804,0,36488,60003,0
284,171,126804,0,36489,59897,0
284,174,327116,0,36492,72790,0
284,175,327116,0,36493,71949,0
284,176,619468,0,36494,42066,0
284,177,739328,0,36495,45761,0
284,178,239822,0,36496,48615,0
284,179,138888,0,36497,51281,0
284,180,658708,0,36498,54617,0
