4,81,3313468,0,1342,1540,0
4,82,4286240,0,1343,1560,0
4,83,962328,0,1344,2445,0
4,84,2034868,0,1345,2767,0
4,85,693830,0,1346,1747,0
4,86,693830,0,1347,1734,0
4,89,987056,0,1350,1663,0
4,90,987056,0,1351,1662,0
4,91,3556414,0,1352,1665,0
4,92,3574736,0,1353,1664,0
5,77,2728084,0,1355,4827,0
5,82,4310928,0,1359,2161,0
5,85,3533086,0,1362,5207,0
5,86,3533086,0,1363,5050,0
5,87,3017886,0,1364,3803,0
5,88,3017886,0,1365,3792,0
5,89,2169250,0,1366,1977,0
5,90,2182128,0,1367,1976,0
5,91,4470736,0,1368,1979,0
5,92,4470736,0,1369,1978,0
11,293,3298092,0,1370,2269,0
6,82,7750736,0,1371,2264,0
1,82,3298092,0,1372,2263,0
11,299,1160344,0,1375,2178,0
7,82,3420198,0,1376,2197,0
11,301,4310928,0,1377,2214,0
11,302,1660324,0,1378,2360,0
11,303,1660324,0,1379,2348,0
11,304,2684858,0,1380,2273,0
11,305,2684858,0,1381,2272,0
11,306,9653832,0,1382,2270,0
11,307,9653832,0,1383,2271,0
11,308,2684858,0,1384,2277,0
11,309,2684858,0,1385,2276,0
7,71,1239214,0,1386,3063,0
7,73,3420198,0,1387,3690,0
7,80,962328,0,1390,1579,0
7,83,231568,0,1391,2480,0
11,326,4303328,0,1400,3080,0
11,327,529972,0,1401,3380,0
11,328,1778648,0,1402,3644,0
11,329,1802944,0,1403,3883,0
8,125,3355934,0,1404,2579,0
11,335,1801598,0,1408,1912,0
11,336,2369044,0,1409,2805,0
11,337,3022996,0,1410,2948,0
11,338,3022996,0,1411,2936,0
11,339,1110570,0,1412,2866,0
11,340,1110570,0,1413,2865,0
11,352,3569284,0,1424,5242,0
11,354,5419004,0,1426,5243,0
11,366,3571890,0,1436,5084,0
11,368,5419004,0,1437,5086,0
11,371,1196806,0,1440,3148,0
11,372,383544,0,1441,3699,0
11,373,2850972,0,1442,3714,0
11,376,3864126,0,1445,1975,0
11,378,5709104,0,1447,3809,0
11,379,3148554,0,1448,3808,0
11,382,1196806,0,1451,3147,0
11,383,377440,0,1452,3698,0
11,384,2852840,0,1453,3713,0
11,387,3867234,0,1456,1974,0
11,389,3148014,0,1458,3798,0
11,390,5709644,0,1459,3797,0
11,393,1930918,0,1462,3150,0
11,394,3092954,0,1463,4410,0
11,395,843068,0,1464,4883,0
11,397,1857416,0,1466,2275,0
11,398,51310,0,1467,2868,0
11,399,456276,0,1468,3827,0
11,400,2994342,0,1469,3829,0
11,401,1972454,0,1470,3828,0
11,402,1930918,0,1471,3149,0
11,403,3092954,0,1472,4409,0
11,404,840728,0,1473,4882,0
11,406,1857416,0,1475,2274,0
11,407,51310,0,1476,2867,0
11,408,456276,0,1477,3818,0
11,409,1972454,0,1478,3820,0
11,410,2994342,0,1479,3819,0
11,411,4166328,0,1480,3449,0
11,418,4163518,0,1487,3448,0
12,48,1414260,0,1494,3122,0
12,49,2756382,0,1495,3421,0
12,51,1778648,0,1496,3899,0
12,52,850618,0,1497,4177,0
12,55,3982682,0,1500,4860,0
12,60,1802944,0,1501,2251,0
12,61,4310928,0,1502,2533,0
12,62,3024882,0,1503,2843,0
12,65,2891858,0,1506,3568,0
12,66,2908094,0,1507,3557,0
12,67,1387660,0,1508,3463,0
12,68,1387660,0,1509,3462,0
12,93,1724322,0,1512,3453,0
12,94,280008,0,1513,3915,0
1,114,13082128,0,1514,3168,0
12,97,2274190,0,1516,4617,0
6,94,231568,0,1521,2281,0
12,104,1160344,0,1522,2563,0
12,108,485358,0,1526,5518,0
12,109,485358,0,1527,5389,0
12,110,4800420,0,1528,3924,0
12,111,4800420,0,1529,3923,0
12,114,7801630,0,1532,3156,0
12,115,2837082,0,1533,3454,0
1,137,6449554,0,1535,3946,0
12,118,1278698,0,1536,4618,0
12,125,3195784,0,1542,2564,0
12,126,1701376,0,1543,2876,0
12,127,4244742,0,1544,4009,0
12,128,4244742,0,1545,3996,0
12,131,1148684,0,1548,3939,0
12,132,1148684,0,1549,3938,0
12,133,11040244,0,1550,3941,0
12,134,11040244,0,1551,3940,0
12,135,2034868,0,1552,3455,0
12,136,962328,0,1553,3693,0
12,137,5542682,0,1554,3191,0
12,138,2968680,0,1555,3947,0
12,146,4286240,0,1562,2565,0
8,28,8147110,0,1563,2877,0
12,148,3664122,0,1564,3951,0
12,149,3664122,0,1565,3950,0
12,150,155558,0,1566,4513,0
12,151,172392,0,1567,4502,0
12,154,472616,0,1570,3957,0
