283,169,14186,0,32493,59620,0
283,170,531134,0,32494,60002,0
283,171,531134,0,32495,59896,0
283,180,138888,0,32502,54616,0
283,181,174194,0,32503,62620,0
283,189,419404,0,32509,62925,0
283,190,419404,0,32510,62797,0
283,191,448642,0,32511,63151,0
283,192,448642,0,32512,63047,0
283,193,624712,0,32513,71104,0
283,194,624712,0,32514,70067,0
283,198,434826,0,32518,46762,0
283,200,12560,0,32520,58167,0
283,201,294018,0,32521,60478,0
283,212,70434,0,32531,68093,0
283,213,70434,0,32532,66784,0
104,126,27140,0,32540,36326,0
283,293,897692,0,32549,43751,0
283,345,66168,0,32562,46043,0
283,346,61928,0,32563,48906,0
283,347,543736,0,32564,54902,0
283,354,175414,0,32570,66029,0
283,355,1208662,0,32571,66028,0
283,356,602042,0,32572,66081,0
283,358,66168,0,32573,45925,0
283,359,61928,0,32574,48781,0
283,360,543736,0,32575,54783,0
283,367,1208662,0,32581,64436,0
283,368,175414,0,32582,64435,0
283,370,602042,0,32583,64488,0
283,371,225904,0,32584,42600,0
283,377,30712,0,32589,68986,0
283,382,225904,0,32593,42492,0
283,388,30712,0,32598,67677,0
283,393,700076,0,32602,41497,0
283,394,371696,0,32603,56610,0
283,399,707836,0,32607,54444,0
283,400,753832,0,32608,55334,0
283,401,164734,0,32609,55328,0
283,402,700076,0,32610,41496,0
283,403,371696,0,32611,56609,0
283,408,707836,0,32615,54435,0
283,409,164734,0,32616,55242,0
283,410,753832,0,32617,55236,0
283,411,550328,0,32618,45285,0
283,413,1022570,0,32620,62460,0
283,418,550328,0,32624,45278,0
283,420,1022570,0,32626,62454,0
316,25,156754,0,32630,40549,0
316,26,535198,0,32631,44281,0
316,29,30708,0,32634,53490,0
316,39,297534,0,32639,37137,0
316,44,59302,0,32644,70869,0
316,45,59302,0,32645,69832,0
316,46,269742,0,32646,42924,0
316,47,269742,0,32647,42849,0
316,94,527984,0,32649,50497,0
316,97,209664,0,32651,58897,0
316,98,553746,0,32652,62129,0
316,105,553746,0,32658,37773,0
316,110,531152,0,32663,51071,0
316,111,531152,0,32664,51070,0
316,114,646802,0,32667,41490,0
316,115,159012,0,32668,45191,0
316,116,504834,0,32669,53982,0
316,117,99562,0,32670,56603,0
316,119,421628,0,32672,62366,0
316,129,30638,0,32678,68844,0
316,130,30638,0,32679,67535,0
316,133,99728,0,32682,55458,0
316,134,99728,0,32683,55386,0
316,157,692820,0,32685,51065,0
316,158,273210,0,32686,54361,0
316,159,126364,0,32687,59294,0
316,172,168120,0,32699,59300,0
316,173,168120,0,32700,59299,0
316,174,813424,0,32701,72800,0
316,175,813424,0,32702,71959,0
316,201,297534,0,32707,60492,0
316,214,59302,0,32718,70445,0
316,215,59302,0,32719,69408,0
61,157,73884,0,32723,49676,0
49,327,1552328,0,32729,35906,0
83,156,65016,0,32738,39556,0
83,139,493084,0,32739,55775,0
316,274,266134,0,32768,39789,0
316,276,99562,0,32770,55992,0
316,284,421628,0,32777,36601,0
316,287,30638,0,32780,68416,0
316,288,30638,0,32781,67107,0
177,49,1552328,0,32802,44022,0
177,51,434070,0,32803,50098,0
177,52,394920,0,32804,53270,0
250,159,818222,0,32819,48405,0
316,347,73036,0,32820,54363,0
316,355,1089112,0,32828,59323,0
316,356,595072,0,32829,66638,0
249,159,818222,0,32832,48404,0
316,360,73036,0,32833,54362,0
316,367,1089112,0,32840,59312,0
316,370,595072,0,32843,64989,0
316,371,1283724,0,32844,41864,0
316,372,399484,0,32845,51069,0
316,373,898608,0,32846,54365,0
316,378,303538,0,32851,59345,0
316,379,396502,0,32852,59344,0
316,380,164398,0,32853,69260,0
316,382,1285330,0,32854,41863,0
316,383,400428,0,32855,51068,0
316,384,900214,0,32856,54364,0
316,389,381236,0,32861,59335,0
316,390,288272,0,32862,59334,0
316,392,158460,0,32863,67899,0
316,393,436018,0,32864,41866,0
307,159,2124524,0,32865,56979,0
316,400,409712,0,32870,71330,0
316,401,1093708,0,32871,71275,0
316,402,436018,0,32872,41865,0
306,159,2124524,0,32873,56978,0
316,409,1093708,0,32878,70294,0
316,410,409712,0,32879,70237,0
316,417,39112,0,32885,73010,0
316,424,39112,0,32891,72169,0
317,93,866000,0,32892,44959,0
317,95,536538,0,32894,50677,0
317,97,629004,0,32895,58898,0
317,106,759942,0,32899,51082,0
317,107,759942,0,32900,51081,0
