209,51,555684,0,35411,50236,0
209,52,157922,0,35412,53645,0
209,55,711612,0,35415,61742,0
209,63,119070,0,35423,65664,0
209,64,119070,0,35424,64071,0
209,65,243352,0,35425,46266,0
209,66,243352,0,35426,46147,0
209,69,96842,0,35429,72653,0
209,70,96842,0,35430,71812,0
209,71,788148,0,35431,41004,0
209,72,266134,0,35432,47590,0
209,75,397384,0,35435,56340,0
209,87,469328,0,35446,49131,0
209,88,469328,0,35447,49013,0
209,89,284980,0,35448,49342,0
209,90,284980,0,35449,49247,0
209,91,424834,0,35450,47528,0
209,92,424834,0,35451,47522,0
209,106,508750,0,35460,41280,0
209,107,508750,0,35461,41279,0
209,108,734428,0,35462,68561,0
209,109,734428,0,35463,67252,0
209,114,486480,0,35468,41426,0
209,115,76968,0,35469,45127,0
209,116,452744,0,35470,53915,0
209,118,211772,0,35471,59053,0
209,119,713638,0,35472,62302,0
209,129,168464,0,35481,68794,0
209,130,168464,0,35482,67485,0
209,133,392288,0,35485,53584,0
209,134,392288,0,35486,53577,0
209,156,650104,0,35487,41815,0
209,158,502742,0,35489,54315,0
209,159,297534,0,35490,59248,0
209,160,84172,0,35491,59407,0
209,168,593290,0,35495,58737,0
209,169,593290,0,35496,58736,0
209,170,958260,0,35497,59981,0
209,171,958260,0,35498,59875,0
209,172,293780,0,35499,60167,0
209,173,293780,0,35500,60081,0
209,174,73386,0,35501,72771,0
209,175,73386,0,35502,71930,0
209,176,195992,0,35503,42017,0
209,177,486480,0,35504,45712,0
209,178,521204,0,35505,48553,0
209,179,541762,0,35506,51219,0
209,180,555674,0,35507,54553,0
209,181,720532,0,35508,62557,0
209,193,226638,0,35516,71061,0
209,194,226638,0,35517,70024,0
209,195,514476,0,35518,72872,0
209,196,514476,0,35519,72031,0
209,220,120730,0,35521,52550,0
209,239,399996,0,35537,39524,0
84,137,2351954,0,35538,52577,0
209,249,121246,0,35547,65334,0
209,250,121246,0,35548,63741,0
96,177,1145312,0,35555,43293,0
209,274,365026,0,35570,39755,0
209,277,859088,0,35573,58467,0
209,278,230850,0,35574,61333,0
147,27,132800,0,35589,46964,0
209,351,320126,0,35624,42111,0
209,352,1326476,0,35625,66357,0
209,364,320126,0,35635,42100,0
209,366,1326476,0,35636,64676,0
209,373,410978,0,35642,55092,0
209,379,296428,0,35647,69074,0
209,381,2059134,0,35649,42134,0
209,384,410978,0,35652,54993,0
209,389,296428,0,35656,67837,0
209,391,2055918,0,35658,42125,0
209,393,320664,0,35660,42754,0
209,398,649166,0,35664,38979,0
209,399,44190,0,35665,71192,0
209,401,30792,0,35666,70907,0
209,402,320664,0,35667,42679,0
209,407,649166,0,35671,38898,0
209,408,44190,0,35672,70155,0
209,409,46918,0,35673,69870,0
209,411,937178,0,35674,44373,0
209,413,197156,0,35676,61668,0
209,416,928598,0,35679,37214,0
209,417,154958,0,35680,42942,0
209,418,937178,0,35681,44367,0
209,420,197156,0,35683,61661,0
209,423,928598,0,35686,37207,0
209,424,135288,0,35687,42867,0
230,25,709366,0,35688,40469,0
230,26,541244,0,35689,44202,0
230,27,624138,0,35690,47391,0
230,28,729824,0,35691,41218,0
230,29,910612,0,35692,53429,0
230,32,711612,0,35695,61542,0
230,40,123810,0,35702,42350,0
230,41,123810,0,35703,42218,0
230,44,168782,0,35706,70826,0
230,45,168782,0,35707,69789,0
230,46,475872,0,35708,42915,0
230,47,475872,0,35709,42840,0
230,48,686504,0,35710,40767,0
230,49,140586,0,35711,44495,0
230,50,930758,0,35712,44511,0
230,51,961904,0,35713,50254,0
230,53,497868,0,35715,56131,0
230,62,649756,0,35722,37308,0
230,63,394826,0,35723,65681,0
230,64,394826,0,35724,64088,0
230,65,1214830,0,35725,44595,0
230,66,1214830,0,35726,44594,0
230,69,163518,0,35729,72670,0
230,70,163518,0,35730,71829,0
230,85,921426,0,35740,65692,0
230,86,921426,0,35741,64099,0
230,87,604418,0,35742,44788,0
230,88,604418,0,35743,44787,0
230,93,142496,0,35748,44898,0
230,94,30708,0,35749,50451,0
230,106,9714,0,35759,51574,0
230,107,9714,0,35760,51432,0
230,108,68410,0,35761,68660,0
230,109,68410,0,35762,67351,0
230,112,146832,0,35765,52163,0
230,113,146832,0,35766,52090,0
230,114,76968,0,35767,41444,0
230,115,486480,0,35768,45145,0
230,116,673054,0,35769,53933,0
