92,45,192878,0,92,45,255,0,46877,396,69725,0
77,96,1379092,0,77,96,333,0,46893,263,50278,0
77,154,553792,0,77,154,333,0,46905,309,55853,0
77,155,553792,0,77,155,333,0,46906,308,55846,0
75,136,1525190,0,75,136,297,0,46908,246,47632,0
75,140,788752,0,75,140,297,0,46910,301,57052,0
75,152,1879520,0,75,152,297,0,46919,406,48127,0
75,153,1879520,0,75,153,297,0,46920,397,48126,0
294,137,127120,0,294,137,240,0,46925,282,54162,0
294,148,1504,0,294,148,240,0,46934,303,56838,0
294,149,1504,0,294,149,240,0,46935,302,56826,0
92,138,977982,0,92,138,255,0,46940,299,56727,0
91,138,977982,0,91,138,256,0,46941,299,56726,0
75,53,353812,0,75,53,297,0,46942,296,48231,0
294,189,961036,0,294,189,240,0,46950,338,57167,0
294,190,961036,0,294,190,240,0,46951,337,57157,0
88,140,532974,0,88,140,251,0,46952,301,57060,0
87,140,532974,0,87,140,252,0,46953,301,57059,0
294,193,651106,0,294,193,240,0,46954,407,70977,0
294,194,651106,0,294,194,240,0,46955,398,69940,0
294,195,99936,0,294,195,240,0,46956,423,58017,0
294,196,99936,0,294,196,240,0,46957,416,57949,0
27,152,720138,0,27,152,242,0,46969,406,70432,0
27,153,720138,0,27,153,242,0,46970,397,69395,0
73,139,641726,0,73,139,244,0,46974,300,55771,0
73,150,378910,0,73,150,244,0,46981,305,55818,0
73,151,378910,0,73,151,244,0,46982,304,55807,0
76,137,1379092,0,76,137,247,0,46988,282,53005,0
76,154,193876,0,76,154,247,0,47000,309,55852,0
76,155,193876,0,76,155,247,0,47001,308,55845,0
53,240,353812,0,53,240,296,0,47004,294,47231,0
178,137,396696,0,178,137,248,0,47005,282,53251,0
178,152,651106,0,178,152,248,0,47015,406,70726,0
178,153,651106,0,178,153,248,0,47016,397,69689,0
178,154,99936,0,178,154,248,0,47017,309,57989,0
178,155,99936,0,178,155,248,0,47018,308,57921,0
75,403,974524,0,75,403,297,0,47020,306,48259,0
294,347,210002,0,294,347,240,0,47021,286,54218,0
294,351,866274,0,294,351,240,0,47025,364,57441,0
92,148,955448,0,92,148,255,0,47029,303,57385,0
91,148,1838948,0,91,148,256,0,47030,303,57384,0
75,394,974524,0,75,394,297,0,47032,307,48247,0
294,360,210002,0,294,360,240,0,47033,285,54207,0
294,364,866274,0,294,364,240,0,47037,351,57307,0
92,149,1838948,0,92,149,255,0,47041,302,57251,0
91,149,955448,0,91,149,256,0,47042,302,57250,0
88,96,193876,0,88,96,251,0,47044,263,50794,0
88,137,553792,0,88,137,251,0,47045,282,54106,0
88,150,1800996,0,88,150,251,0,47049,305,55823,0
86,150,787928,0,86,150,349,0,47050,305,55802,0
88,154,958880,0,88,154,251,0,47052,309,55827,0
88,155,531044,0,88,155,251,0,47053,308,55826,0
87,96,193876,0,87,96,252,0,47055,263,50793,0
87,137,553792,0,87,137,252,0,47056,282,54105,0
87,151,1796680,0,87,151,252,0,47060,304,55812,0
85,151,774054,0,85,151,362,0,47062,304,55790,0
87,154,532222,0,87,154,252,0,47063,309,55816,0
87,155,957702,0,87,155,252,0,47064,308,55815,0
86,140,82752,0,86,140,349,0,47067,301,57058,0
85,140,82752,0,85,140,362,0,47075,301,57057,0
92,139,378910,0,92,139,255,0,47082,300,55783,0
92,140,1186184,0,92,140,255,0,47083,301,57064,0
92,154,220760,0,92,154,255,0,47087,309,55857,0
91,139,378910,0,91,139,256,0,47089,300,55782,0
