182,88,291018,0,182,88,39,0,9905,251,47271,0
140,124,49452,0,140,124,301,0,9912,145,30461,0
144,332,69766,0,144,332,103,0,9915,55,12594,0
144,333,46838,0,144,333,103,0,9916,77,16943,0
144,339,1419094,0,144,339,103,0,9921,192,29548,0
144,340,1419094,0,144,340,103,0,9922,191,29538,0
144,341,307742,0,144,341,103,0,9923,404,51985,0
144,342,307742,0,144,342,103,0,9924,395,51894,0
182,114,1840036,0,182,114,39,0,9927,206,29005,0
182,115,213596,0,182,115,39,0,9928,227,45108,0
182,122,231548,0,182,122,39,0,9932,81,18487,0
182,129,308242,0,182,129,39,0,9936,387,53334,0
182,130,308242,0,182,130,39,0,9937,376,53326,0
182,131,223868,0,182,131,39,0,9938,290,55274,0
182,132,223868,0,182,132,39,0,9939,289,55182,0
182,133,204666,0,182,133,39,0,9940,292,55435,0
182,134,204666,0,182,134,39,0,9941,291,55363,0
33,176,5717336,0,33,176,56,0,9942,209,29038,0
138,328,750864,0,138,328,299,0,9943,241,46710,0
138,330,714484,0,138,330,299,0,9944,278,52288,0
138,332,1472892,0,138,332,299,0,9947,55,11070,0
138,333,160618,0,138,333,299,0,9948,77,15841,0
138,335,1076280,0,138,335,299,0,9949,119,24208,0
138,341,262760,0,138,341,299,0,9955,404,70401,0
138,342,262760,0,138,342,299,0,9956,395,69364,0
138,343,1301838,0,138,343,299,0,9957,420,10870,0
138,344,1301838,0,138,344,299,0,9958,413,10789,0
182,219,430356,0,182,219,39,0,9960,257,49612,0
182,221,901682,0,182,221,39,0,9962,293,13145,0
182,227,275558,0,182,227,39,0,9966,115,24457,0
182,231,1330476,0,182,231,39,0,9968,358,13148,0
182,232,1330476,0,182,232,39,0,9969,345,13149,0
182,235,16072,0,182,235,39,0,9972,68,15521,0
182,236,16072,0,182,236,39,0,9973,67,15431,0
182,237,59314,0,182,237,39,0,9974,418,72275,0
182,238,59314,0,182,238,39,0,9975,411,71434,0
182,239,445034,0,182,239,39,0,9976,198,39503,0
182,243,77084,0,182,243,39,0,9978,72,16100,0
182,245,394048,0,182,245,39,0,9980,74,16660,0
182,249,115950,0,182,249,39,0,9983,359,65320,0
182,250,115950,0,182,250,39,0,9984,346,63727,0
182,253,289896,0,182,253,39,0,9987,90,19899,0
182,254,289896,0,182,254,39,0,9988,89,19799,0
182,255,150722,0,182,255,39,0,9989,92,20075,0
182,256,150722,0,182,256,39,0,9990,91,19995,0
182,264,188140,0,182,264,39,0,9995,157,32234,0
182,268,134604,0,182,268,39,0,9999,383,68201,0
182,269,134604,0,182,269,39,0,10000,372,66892,0
182,270,43580,0,182,270,39,0,10001,111,23908,0
182,271,43580,0,182,271,39,0,10002,110,23812,0
182,276,255930,0,182,276,39,0,10007,295,39735,0
182,287,265508,0,182,287,39,0,10017,384,68354,0
182,288,265508,0,182,288,39,0,10018,373,67045,0
182,339,429836,0,182,339,39,0,10036,192,36945,0
182,340,429836,0,182,340,39,0,10037,191,36935,0
182,341,446552,0,182,341,39,0,10038,404,70674,0
182,342,446552,0,182,342,39,0,10039,395,69637,0
182,345,394550,0,182,345,39,0,10042,232,43931,0
182,350,368202,0,182,350,39,0,10047,128,25626,0
182,351,278238,0,182,351,39,0,10048,364,37163,0
182,352,2063782,0,182,352,39,0,10049,366,38607,0
182,354,1712450,0,182,354,39,0,10050,368,38980,0
182,355,476364,0,182,355,39,0,10051,367,66437,0
182,358,394550,0,182,358,39,0,10053,231,43930,0
