40,191,135210,0,40,191,211,0,40295,340,62824,0
40,193,139748,0,40,193,211,0,40296,407,64927,0
40,194,1779640,0,40,194,211,0,40297,398,63197,0
326,372,113752,0,326,372,201,0,40300,269,51341,0
326,383,113752,0,326,383,201,0,40310,268,51331,0
326,394,374594,0,326,394,201,0,40320,307,57864,0
326,399,169952,0,326,399,201,0,40324,408,71207,0
326,403,374594,0,326,403,201,0,40328,306,57777,0
326,408,169952,0,326,408,201,0,40332,399,70170,0
326,413,316360,0,326,413,201,0,40337,344,63454,0
326,417,139766,0,326,417,201,0,40340,424,73013,0
326,420,316360,0,326,420,201,0,40343,343,63389,0
326,424,139766,0,326,424,201,0,40346,417,72172,0
25,63,337386,0,25,63,202,0,40359,361,43158,0
25,64,337386,0,25,64,202,0,40360,348,43148,0
25,65,10350,0,25,65,202,0,40361,234,46214,0
25,66,10350,0,25,66,202,0,40362,233,46095,0
25,127,293708,0,25,127,202,0,40393,363,65913,0
25,128,293708,0,25,128,202,0,40394,350,64320,0
25,129,113798,0,25,129,202,0,40395,387,68733,0
25,130,113798,0,25,130,202,0,40396,376,67424,0
25,157,24692,0,25,157,202,0,40401,264,50964,0
25,158,54092,0,25,158,202,0,40402,283,54280,0
25,170,104710,0,25,170,202,0,40411,321,59932,0
25,171,104710,0,25,171,202,0,40412,320,59826,0
25,195,129630,0,25,195,202,0,40434,423,72816,0
25,196,129630,0,25,196,202,0,40435,416,71975,0
25,197,41780,0,25,197,202,0,40436,218,42944,0
25,219,202270,0,25,219,202,0,40458,257,49535,0
25,268,314248,0,25,268,202,0,40505,383,67971,0
25,269,314248,0,25,269,202,0,40506,372,66662,0
25,294,33174,0,25,294,202,0,40529,240,46634,0
25,295,60500,0,25,295,202,0,40530,276,52197,0
25,327,10800,0,25,327,202,0,40558,222,43849,0
25,341,8324,0,25,341,202,0,40571,404,70603,0
25,342,8324,0,25,342,202,0,40572,395,69566,0
25,343,188234,0,25,343,202,0,40573,420,72447,0
25,344,188234,0,25,344,202,0,40574,413,71606,0
25,346,382762,0,25,346,202,0,40576,250,46645,0
25,347,412050,0,25,347,202,0,40577,286,52204,0
25,353,890070,0,25,353,202,0,40582,365,66235,0
25,354,561742,0,25,354,202,0,40583,368,66479,0
25,359,382762,0,25,359,202,0,40588,249,46644,0
25,360,412050,0,25,360,202,0,40589,285,52203,0
25,365,890572,0,25,365,202,0,40594,353,64730,0
25,368,561742,0,25,368,202,0,40596,354,64818,0
25,372,219470,0,25,372,202,0,40599,269,51764,0
25,377,119318,0,25,377,202,0,40604,388,68904,0
25,378,293654,0,25,378,202,0,40605,390,69101,0
25,383,219470,0,25,383,202,0,40609,268,51663,0
25,388,119318,0,25,388,202,0,40614,377,67595,0
25,390,293654,0,25,390,202,0,40616,378,67720,0
25,394,185018,0,25,394,202,0,40619,307,57810,0
25,399,3746,0,25,399,202,0,40624,408,71140,0
25,400,1008240,0,25,400,202,0,40625,410,70329,0
25,403,185018,0,25,403,202,0,40626,306,57723,0
25,408,3746,0,25,408,202,0,40631,399,70103,0
25,410,1008240,0,25,410,202,0,40632,400,69292,0
25,411,578708,0,25,411,202,0,40633,238,42965,0
25,412,753626,0,25,412,202,0,40634,325,58051,0
25,413,193532,0,25,413,202,0,40635,344,60364,0
25,418,578708,0,25,418,202,0,40640,237,42964,0
25,419,753626,0,25,419,202,0,40641,324,58050,0
25,420,193532,0,25,420,202,0,40642,343,60363,0
