405,196,1010214,0,405,196,44,0,10646,416,72101,0
405,295,227026,0,405,295,44,0,10648,276,52885,0
405,298,12834,0,405,298,44,0,10651,117,25206,0
405,299,178912,0,405,299,44,0,10652,138,29108,0
405,301,599180,0,405,301,44,0,10653,140,29564,0
216,397,317496,0,216,397,47,0,10655,153,31738,0
405,334,98622,0,405,334,44,0,10663,98,21778,0
215,44,1422974,0,215,44,393,0,10669,405,42783,0
405,394,366544,0,405,394,44,0,10670,307,57879,0
405,396,2695516,0,405,396,44,0,10672,45,10747,0
405,397,733588,0,405,397,44,0,10673,153,31755,0
216,399,1252188,0,216,399,47,0,10676,408,71196,0
216,172,300550,0,216,172,47,0,10677,323,60171,0
216,395,296614,0,216,395,47,0,10678,342,63304,0
216,322,749684,0,216,322,47,0,10680,173,35208,0
396,27,344916,0,396,27,45,0,10685,242,47506,0
396,29,100870,0,396,29,45,0,10686,279,53560,0
396,34,363900,0,396,34,45,0,10690,78,17968,0
396,36,309448,0,396,36,45,0,10691,120,26067,0
396,42,348060,0,396,42,45,0,10695,385,68611,0
396,137,305150,0,396,137,45,0,10700,282,54252,0
396,138,178912,0,396,138,45,0,10701,299,56871,0
396,140,1149652,0,396,140,45,0,10702,301,57196,0
396,153,715182,0,396,153,45,0,10706,397,69951,0
217,403,344112,0,217,403,46,0,10707,306,57766,0
396,180,440498,0,396,180,45,0,10712,284,54691,0
396,187,439504,0,396,187,45,0,10718,147,31050,0
396,194,482448,0,396,194,45,0,10719,398,70089,0
396,195,1010214,0,396,195,45,0,10720,423,72937,0
396,295,227026,0,396,295,45,0,10723,276,52877,0
396,298,12834,0,396,298,45,0,10726,117,25198,0
396,299,178912,0,396,299,45,0,10727,138,29100,0
396,301,599180,0,396,301,45,0,10728,140,29557,0
217,406,317496,0,217,406,46,0,10730,152,31651,0
396,334,98622,0,396,334,45,0,10738,98,21770,0
214,45,1422974,0,214,45,402,0,10744,396,42708,0
396,403,366544,0,396,403,45,0,10745,306,57792,0
396,406,733588,0,396,406,45,0,10748,152,31668,0
217,408,1252188,0,217,408,46,0,10751,399,70159,0
217,173,300550,0,217,173,46,0,10752,322,60085,0
217,404,296614,0,217,404,46,0,10753,341,63225,0
217,323,749684,0,217,323,46,0,10755,172,35116,0
217,61,151588,0,217,61,46,0,10768,162,33409,0
217,62,189038,0,217,62,46,0,10769,183,37299,0
217,63,1019060,0,217,63,46,0,10770,361,65669,0
217,64,652856,0,217,64,46,0,10771,348,64076,0
217,69,629420,0,217,69,46,0,10772,421,72658,0
217,162,550100,0,217,162,46,0,10779,61,14525,0
217,177,132898,0,217,177,46,0,10784,230,45720,0
217,178,698256,0,217,178,46,0,10785,248,48561,0
217,183,329436,0,217,183,46,0,10790,62,14756,0
217,184,1069394,0,217,184,46,0,10791,84,19129,0
215,191,1193148,0,215,191,393,0,10794,340,63131,0
217,194,655248,0,217,194,46,0,10795,398,70027,0
217,220,134610,0,217,220,46,0,10798,275,52558,0
217,221,157314,0,217,221,46,0,10799,293,13494,0
217,224,10350,0,217,224,46,0,10802,49,11443,0
217,227,324200,0,217,227,46,0,10804,115,24487,0
217,229,19840,0,217,229,46,0,10806,54,12875,0
217,230,628336,0,217,230,46,0,10807,177,35834,0
213,414,1139154,0,213,414,371,0,10809,70,13552,0
215,414,337760,0,215,414,393,0,10810,70,13566,0
217,315,371598,0,217,315,46,0,10815,118,25333,0
217,324,279918,0,217,324,46,0,10818,419,72411,0
