274,169,146000,0,274,169,199,0,39719,318,59613,0
274,176,725236,0,274,176,199,0,39726,209,42057,0
274,195,491000,0,274,195,199,0,39744,423,72908,0
274,196,491000,0,274,196,199,0,39745,416,72067,0
274,237,338860,0,274,237,199,0,39782,418,72292,0
274,238,338860,0,274,238,199,0,39783,411,71451,0
274,310,217176,0,274,310,199,0,39784,200,39984,0
274,324,143742,0,274,324,199,0,39797,419,72421,0
274,325,143742,0,274,325,199,0,39798,412,71580,0
274,326,246044,0,274,326,199,0,39799,201,40235,0
274,327,607922,0,274,327,199,0,39800,222,43989,0
274,346,132644,0,274,346,199,0,39816,250,48898,0
274,347,217518,0,274,347,199,0,39817,286,54894,0
274,351,270298,0,274,351,199,0,39820,364,66164,0
274,353,213648,0,274,353,199,0,39822,365,66283,0
274,354,151510,0,274,354,199,0,39823,368,66073,0
274,359,132644,0,274,359,199,0,39827,249,48773,0
274,360,217518,0,274,360,199,0,39828,285,54775,0
274,364,270298,0,274,364,199,0,39831,351,64571,0
274,365,213648,0,274,365,199,0,39832,353,64778,0
274,368,151510,0,274,368,199,0,39835,354,64475,0
274,378,484208,0,274,378,199,0,39843,390,68888,0
47,129,749308,0,47,129,216,0,39844,387,68746,0
274,390,484208,0,274,390,199,0,39852,378,67579,0
46,130,749308,0,46,130,217,0,39854,376,67437,0
274,399,736078,0,274,399,199,0,39861,408,55316,0
274,408,736078,0,274,408,199,0,39869,399,55224,0
47,119,318318,0,47,119,216,0,39873,335,62243,0
47,133,285416,0,47,133,216,0,39877,292,52437,0
46,119,318318,0,46,119,217,0,39880,335,62242,0
46,134,285416,0,46,134,217,0,39884,291,52430,0
310,93,445976,0,310,93,200,0,39885,226,44952,0
310,94,49434,0,310,94,200,0,39886,261,50491,0
310,95,951692,0,310,95,200,0,39887,262,50671,0
310,98,77228,0,310,98,200,0,39889,334,62124,0
310,112,502824,0,310,112,200,0,39901,273,52167,0
310,113,502824,0,310,113,200,0,39902,272,52094,0
310,117,517034,0,310,117,200,0,39906,298,56598,0
310,131,1021458,0,310,131,200,0,39914,290,54438,0
310,132,1021458,0,310,132,200,0,39915,289,54429,0
310,159,53130,0,310,159,200,0,39921,316,59288,0
41,159,1128928,0,41,159,210,0,39928,316,59204,0
40,159,1128928,0,40,159,211,0,39929,316,59203,0
310,198,157204,0,310,198,200,0,39937,239,46788,0
48,157,844934,0,48,157,203,0,39954,264,49671,0
48,168,67646,0,48,168,203,0,39961,319,59685,0
48,169,67646,0,48,169,203,0,39962,318,59544,0
71,139,144854,0,71,139,204,0,39970,300,55770,0
71,168,987372,0,71,168,204,0,39976,319,59698,0
71,169,987372,0,71,169,204,0,39977,318,59557,0
310,277,313652,0,310,277,200,0,39987,312,58518,0
310,285,251580,0,310,285,200,0,39994,360,65552,0
310,286,251580,0,310,286,200,0,39995,347,63959,0
310,287,450896,0,310,287,200,0,39996,384,68412,0
310,288,450896,0,310,288,200,0,39997,373,67103,0
176,156,685586,0,176,156,209,0,40002,208,40263,0
176,157,291512,0,176,157,209,0,40004,264,50093,0
176,158,953880,0,176,158,209,0,40005,283,53265,0
176,172,534820,0,176,172,209,0,40016,323,60149,0
176,173,534820,0,176,173,209,0,40017,322,60063,0
41,54,371808,0,41,54,210,0,40020,229,45476,0
41,76,139102,0,41,76,210,0,40021,247,48333,0
41,168,319982,0,41,168,210,0,40026,319,58207,0
41,172,1327050,0,41,172,210,0,40028,323,59808,0
