57,308,210208,0,57,308,79,0,18168,155,30240,0
57,309,210208,0,57,309,79,0,18169,154,30233,0
54,71,536992,0,54,71,229,0,18170,204,39226,0
54,73,1251664,0,54,73,229,0,18171,244,47751,0
49,125,186318,0,49,125,224,0,18172,165,33927,0
54,85,1037000,0,54,85,229,0,18176,362,34709,0
54,86,1037000,0,54,86,229,0,18177,349,34563,0
54,91,1766674,0,54,91,229,0,18182,256,49466,0
54,92,1766674,0,54,92,229,0,18183,255,49393,0
57,328,887834,0,57,328,79,0,18185,241,47123,0
57,329,742190,0,57,329,79,0,18186,259,47787,0
57,336,916014,0,57,336,79,0,18192,181,36707,0
57,339,193132,0,57,339,79,0,18195,192,35846,0
57,340,198540,0,57,340,79,0,18196,191,35845,0
57,341,372924,0,57,341,79,0,18197,404,48480,0
57,342,372924,0,57,342,79,0,18198,395,48471,0
57,343,148030,0,57,343,79,0,18199,420,49493,0
57,344,148030,0,57,344,79,0,18200,413,49420,0
57,347,846444,0,57,347,79,0,18202,286,54843,0
57,353,59760,0,57,353,79,0,18206,365,65174,0
57,356,1386944,0,57,356,79,0,18208,370,65908,0
57,360,846444,0,57,360,79,0,18211,285,54724,0
57,365,59760,0,57,365,79,0,18215,353,63581,0
57,370,1371452,0,57,370,79,0,18218,356,64310,0
57,371,428140,0,57,371,79,0,18219,213,39265,0
57,372,542290,0,57,372,79,0,18220,269,47760,0
57,381,552036,0,57,381,79,0,18229,391,49187,0
57,382,428140,0,57,382,79,0,18230,212,39264,0
57,383,542290,0,57,383,79,0,18231,268,47759,0
57,391,547034,0,57,391,79,0,18239,381,49075,0
57,393,1732448,0,57,393,79,0,18241,215,39267,0
57,394,1015514,0,57,394,79,0,18242,307,55592,0
57,395,1187468,0,57,395,79,0,18243,342,60690,0
57,397,801736,0,57,397,79,0,18245,153,28220,0
57,398,179654,0,57,398,79,0,18246,194,35848,0
57,402,1732448,0,57,402,79,0,18249,214,39266,0
57,403,1015514,0,57,403,79,0,18250,306,55591,0
57,404,1187468,0,57,404,79,0,18251,341,60689,0
57,406,801736,0,57,406,79,0,18253,152,28219,0
57,407,179654,0,57,407,79,0,18254,193,35847,0
57,413,1109002,0,57,413,79,0,18258,344,62057,0
57,415,360192,0,57,415,79,0,18260,175,33739,0
57,417,1072296,0,57,417,79,0,18262,424,49528,0
57,420,1109002,0,57,420,79,0,18264,343,62051,0
57,422,360192,0,57,422,79,0,18266,174,33733,0
57,424,1073348,0,57,424,79,0,18268,417,49455,0
101,156,1379092,0,101,156,80,0,18269,208,41077,0
97,76,2656282,0,97,76,314,0,18270,247,47828,0
101,167,193366,0,101,167,80,0,18275,188,37577,0
101,168,193876,0,101,168,80,0,18276,319,58334,0
101,169,193876,0,101,169,80,0,18277,318,58321,0
101,170,191838,0,101,170,80,0,18278,321,48460,0
101,171,191838,0,101,171,80,0,18279,320,48450,0
101,174,1646336,0,101,174,80,0,18282,422,48346,0
101,175,1646336,0,101,175,80,0,18283,415,48345,0
101,176,931266,0,101,176,80,0,18284,209,41984,0
101,178,294316,0,101,178,80,0,18286,248,48522,0
101,180,486432,0,101,180,80,0,18287,284,54519,0
101,185,555336,0,101,185,80,0,18291,105,23105,0
51,178,2098822,0,51,178,260,0,18292,248,34365,0
101,191,139102,0,101,191,80,0,18295,340,62026,0
101,192,139102,0,101,192,80,0,18296,339,62016,0
51,74,1085838,0,51,74,260,0,18301,245,22552,0
51,85,774528,0,51,85,260,0,18310,362,23508,0
