221,129,825908,0,221,129,293,0,55560,387,68800,0
221,130,825908,0,221,130,293,0,55561,376,67491,0
221,193,181064,0,221,193,293,0,55578,407,71067,0
221,194,181064,0,221,194,293,0,55579,398,70030,0
75,55,309790,0,75,55,297,0,55583,332,60931,0
221,268,21926,0,221,268,293,0,55602,383,68218,0
221,269,21926,0,221,269,293,0,55603,372,66909,0
221,285,147852,0,221,285,293,0,55618,360,65520,0
221,286,147852,0,221,286,293,0,55619,347,63927,0
221,287,282552,0,221,287,293,0,55620,384,68383,0
221,288,282552,0,221,288,293,0,55621,373,67074,0
221,306,108230,0,221,306,293,0,55636,403,70555,0
221,307,108230,0,221,307,293,0,55637,394,69518,0
221,355,1320828,0,221,355,293,0,55648,367,65765,0
221,356,875146,0,221,356,293,0,55649,370,66624,0
221,357,785642,0,221,357,293,0,55650,369,66582,0
221,367,1320828,0,221,367,293,0,55658,355,64177,0
221,369,785642,0,221,369,293,0,55660,357,65045,0
221,370,875146,0,221,370,293,0,55661,356,64975,0
221,413,120372,0,221,413,293,0,55698,344,63434,0
221,417,390940,0,221,417,293,0,55701,424,72993,0
221,420,120372,0,221,420,293,0,55704,343,63369,0
221,424,390940,0,221,424,293,0,55707,417,72152,0
240,77,127120,0,240,77,294,0,55711,333,61920,0
240,127,651106,0,240,127,294,0,55732,363,65836,0
240,128,651106,0,240,128,294,0,55733,350,64243,0
53,85,720138,0,53,85,296,0,55747,362,65168,0
53,86,720138,0,53,86,296,0,55748,349,63575,0
117,77,649772,0,117,77,298,0,55755,333,61360,0
117,85,651106,0,117,85,298,0,55762,362,65532,0
117,86,651106,0,117,86,298,0,55763,349,63939,0
240,395,210002,0,240,395,294,0,55829,342,62044,0
240,404,210002,0,240,404,294,0,55837,341,62036,0
276,63,656032,0,276,63,295,0,55867,361,65711,0
276,64,656032,0,276,64,295,0,55868,348,64118,0
276,129,933002,0,276,129,295,0,55887,387,68814,0
276,130,933002,0,276,130,295,0,55888,376,67505,0
276,159,65782,0,276,159,295,0,55895,316,59274,0
276,170,296196,0,276,170,295,0,55902,321,59998,0
276,171,296196,0,276,171,295,0,55903,320,59892,0
276,174,345448,0,276,174,295,0,55906,422,72785,0
276,175,345448,0,276,175,295,0,55907,415,71944,0
276,181,174536,0,276,181,295,0,55912,336,62614,0
276,193,42190,0,276,193,295,0,55921,407,71098,0
276,194,42190,0,276,194,295,0,55922,398,70061,0
276,212,235250,0,276,212,295,0,55935,382,68087,0
276,213,235250,0,276,213,295,0,55936,371,66778,0
276,222,59410,0,276,222,295,0,55944,327,60710,0
276,237,463686,0,276,237,295,0,55958,418,72294,0
276,238,463686,0,276,238,295,0,55959,411,71453,0
75,119,207804,0,75,119,297,0,55960,335,60958,0
276,355,1252606,0,276,355,295,0,56010,367,66068,0
155,127,753232,0,155,127,308,0,56011,363,65952,0
276,367,1252606,0,276,367,295,0,56020,355,64480,0
154,128,753232,0,154,128,309,0,56022,350,64359,0
276,377,148482,0,276,377,295,0,56028,388,68980,0
154,129,377820,0,154,129,309,0,56031,387,68771,0
276,388,148482,0,276,388,295,0,56037,377,67671,0
155,130,377820,0,155,130,308,0,56039,376,67463,0
155,119,837366,0,155,119,308,0,56059,335,62277,0
154,119,837366,0,154,119,309,0,56065,335,62276,0
53,108,392426,0,53,108,296,0,56079,386,68629,0
53,109,392426,0,53,109,296,0,56080,375,67320,0
53,127,147852,0,53,127,296,0,56093,363,65929,0
