60,339,346320,0,60,339,142,0,29990,192,35895,0
60,340,351728,0,60,340,142,0,29991,191,35894,0
60,343,625240,0,60,343,142,0,29994,420,57974,0
60,344,625240,0,60,344,142,0,29995,413,57906,0
60,346,290694,0,60,346,142,0,29996,250,48847,0
60,353,358014,0,60,353,142,0,30002,365,65209,0
60,354,1583692,0,60,354,142,0,30003,368,65252,0
60,356,485610,0,60,356,142,0,30005,370,66612,0
60,357,1175178,0,60,357,142,0,30006,369,66555,0
60,359,290694,0,60,359,142,0,30007,249,48722,0
60,365,356684,0,60,365,142,0,30013,353,63616,0
60,368,1583692,0,60,368,142,0,30015,354,63654,0
60,369,1175178,0,60,369,142,0,30016,357,65018,0
60,370,485610,0,60,370,142,0,30017,356,64963,0
60,393,555938,0,60,393,142,0,30040,215,39407,0
60,394,260836,0,60,394,142,0,30041,307,55692,0
60,400,208748,0,60,400,142,0,30046,410,71304,0
60,402,555938,0,60,402,142,0,30047,214,39399,0
60,403,260836,0,60,403,142,0,30048,306,55685,0
60,410,208748,0,60,410,142,0,30053,400,70211,0
60,417,390940,0,60,417,142,0,30059,424,72961,0
60,424,390940,0,60,424,142,0,30065,417,72120,0
82,240,374978,0,82,240,143,0,30098,294,55714,0
82,241,127120,0,82,241,143,0,30099,328,60851,0
82,248,127120,0,82,248,143,0,30104,178,36011,0
82,274,323646,0,82,274,143,0,30127,199,39450,0
82,278,396696,0,82,278,143,0,30130,330,60882,0
82,285,651106,0,82,285,143,0,30133,360,65295,0
82,286,651106,0,82,286,143,0,30134,347,63702,0
82,393,780408,0,82,393,143,0,30217,215,39637,0
82,395,210002,0,82,395,143,0,30219,342,61042,0
82,398,210002,0,82,398,143,0,30221,194,36188,0
82,402,780408,0,82,402,143,0,30225,214,39629,0
82,404,210002,0,82,404,143,0,30227,341,61034,0
82,407,210002,0,82,407,143,0,30229,193,36180,0
103,49,135086,0,103,49,144,0,30248,224,44401,0
103,53,201134,0,103,53,144,0,30249,296,56075,0
103,55,1407660,0,103,55,144,0,30251,332,56200,0
103,61,562812,0,103,61,144,0,30254,162,33380,0
103,65,539988,0,103,65,144,0,30258,234,45427,0
103,66,539988,0,103,66,144,0,30259,233,45416,0
103,67,764126,0,103,67,144,0,30260,236,43402,0
103,68,764126,0,103,68,144,0,30261,235,43394,0
103,168,146796,0,103,168,144,0,30269,319,56900,0
103,169,146796,0,103,169,144,0,30270,318,56899,0
103,170,212426,0,103,170,144,0,30271,321,57013,0
103,171,212426,0,103,171,144,0,30272,320,57004,0
103,172,378910,0,103,172,144,0,30273,323,58374,0
103,173,378910,0,103,173,144,0,30274,322,58365,0
103,174,1259106,0,103,174,144,0,30275,422,56902,0
103,175,1259106,0,103,175,144,0,30276,415,56901,0
103,221,201134,0,103,221,144,0,30278,293,55537,0
51,139,1407660,0,51,139,260,0,30284,300,35757,0
94,139,242328,0,94,139,261,0,30294,300,56895,0
94,146,550580,0,94,146,261,0,30297,166,32182,0
103,277,1766180,0,103,277,144,0,30309,312,56907,0
103,287,1070950,0,103,287,144,0,30316,384,57632,0
103,288,1070950,0,103,288,144,0,30317,373,57515,0
103,311,2656282,0,103,311,144,0,30322,258,49796,0
103,316,147712,0,103,316,144,0,30327,159,32657,0
103,320,1533120,0,103,320,144,0,30331,171,34288,0
103,321,1533120,0,103,321,144,0,30332,170,34278,0
103,322,113666,0,103,322,144,0,30333,173,32400,0
103,323,113666,0,103,323,144,0,30334,172,32391,0
