249,42,1133464,0,249,42,359,0,19612,385,41149,0
252,397,892458,0,252,397,87,0,19615,153,30214,0
252,399,1063382,0,252,399,87,0,19617,408,49184,0
252,400,2742122,0,252,400,87,0,19618,410,49186,0
252,401,4134398,0,252,401,87,0,19619,409,49185,0
252,402,1571070,0,252,402,87,0,19620,214,41148,0
252,403,692648,0,252,403,87,0,19621,306,56467,0
252,404,754904,0,252,404,87,0,19622,341,62032,0
252,406,1901938,0,252,406,87,0,19624,152,30213,0
252,408,1507920,0,252,408,87,0,19625,399,49176,0
252,409,1773002,0,252,409,87,0,19626,401,49178,0
252,410,3117646,0,252,410,87,0,19627,400,49177,0
238,87,483064,0,238,87,411,0,19628,252,44830,0
252,413,232528,0,252,413,87,0,19629,344,62034,0
175,87,26430,0,175,87,415,0,19631,252,33716,0
252,416,11700,0,252,416,87,0,19632,196,37630,0
252,420,1258364,0,252,420,87,0,19636,343,62033,0
252,423,1477406,0,252,423,87,0,19638,195,37629,0
251,26,87380,0,251,26,88,0,19641,223,44223,0
251,28,625240,0,251,28,88,0,19643,205,41038,0
251,29,43580,0,251,29,88,0,19644,279,53447,0
251,32,146000,0,251,32,88,0,19646,331,61560,0
212,73,307742,0,212,73,382,0,19649,244,25942,0
251,38,190876,0,251,38,88,0,19650,161,33239,0
251,43,288222,0,251,43,88,0,19652,374,67243,0
251,47,400638,0,251,47,88,0,19656,216,41139,0
42,71,1172544,0,42,71,385,0,19659,204,40958,0
251,98,987372,0,251,98,88,0,19661,334,61941,0
251,105,987372,0,251,105,88,0,19664,185,37540,0
251,109,254420,0,251,109,88,0,19665,375,49025,0
251,114,118810,0,251,114,88,0,19669,206,41053,0
251,115,106336,0,251,115,88,0,19670,227,44742,0
251,116,1077008,0,251,116,88,0,19671,281,47999,0
251,117,160488,0,251,117,88,0,19672,298,56372,0
61,384,740108,0,61,384,162,0,19673,287,48391,0
108,74,33154,0,108,74,386,0,19677,245,22360,0
251,124,99936,0,251,124,88,0,19678,145,30135,0
251,127,365040,0,251,127,88,0,19680,363,65842,0
251,131,420076,0,251,131,88,0,19683,290,48063,0
251,133,625494,0,251,133,88,0,19684,292,48065,0
42,73,307742,0,42,73,385,0,19687,244,46750,0
251,206,43580,0,251,206,88,0,19694,114,24249,0
251,208,190876,0,251,208,88,0,19695,156,32033,0
251,209,146000,0,251,209,88,0,19696,176,35549,0
108,77,168032,0,108,77,386,0,19702,333,61165,0
108,80,365440,0,108,80,386,0,19704,101,20535,0
108,81,33154,0,108,81,386,0,19705,122,20817,0
108,83,1247394,0,108,83,386,0,19706,163,32290,0
108,84,168032,0,108,84,386,0,19707,184,36315,0
108,88,1190562,0,108,88,386,0,19708,251,48987,0
108,90,1717374,0,108,90,386,0,19710,253,22442,0
108,27,33966,0,108,27,386,0,19712,242,22330,0
129,75,160488,0,129,75,387,0,19713,297,55966,0
129,81,1077008,0,129,81,387,0,19716,122,24785,0
129,82,99936,0,129,82,387,0,19717,143,28753,0
129,85,1081752,0,129,85,387,0,19720,362,48927,0
129,86,118206,0,129,86,387,0,19721,349,63945,0
129,90,947832,0,129,90,387,0,19723,253,26485,0
129,92,362548,0,129,92,387,0,19725,255,26486,0
251,383,1697808,0,251,383,88,0,19727,268,47886,0
251,384,468544,0,251,384,88,0,19728,287,48062,0
251,388,327284,0,251,388,88,0,19732,377,49048,0
251,389,2352768,0,251,389,88,0,19733,379,49050,0
251,390,589750,0,251,390,88,0,19734,378,49049,0
