35,55,139180,0,35,55,99,0,21798,332,61676,0
35,60,144870,0,35,60,99,0,21800,142,29802,0
35,61,561380,0,35,61,99,0,21801,162,33363,0
35,63,33320,0,35,63,99,0,21803,361,43161,0
35,64,33320,0,35,64,99,0,21804,348,43151,0
35,65,550100,0,35,65,99,0,21805,234,46221,0
35,66,550100,0,35,66,99,0,21806,233,46102,0
35,67,371808,0,35,67,99,0,21807,236,45035,0
35,68,371808,0,35,68,99,0,21808,235,45027,0
35,69,259296,0,35,69,99,0,21809,421,43058,0
35,70,259296,0,35,70,99,0,21810,414,43059,0
25,137,1134534,0,25,137,202,0,21813,282,50832,0
35,118,203046,0,35,118,99,0,21814,315,58877,0
35,119,6280,0,35,119,99,0,21815,335,62110,0
35,129,475540,0,35,129,99,0,21822,387,68675,0
35,130,475540,0,35,130,99,0,21823,376,67366,0
35,131,314480,0,35,131,99,0,21824,290,50749,0
35,132,314480,0,35,132,99,0,21825,289,50741,0
35,133,548334,0,35,133,99,0,21826,292,50607,0
35,134,548334,0,35,134,99,0,21827,291,50606,0
35,157,33596,0,35,157,99,0,21828,264,50971,0
35,159,565538,0,35,159,99,0,21830,316,59200,0
35,165,27274,0,35,165,99,0,21834,125,26870,0
35,167,657600,0,35,167,99,0,21835,188,38219,0
35,170,876,0,35,170,99,0,21838,321,59939,0
35,171,876,0,35,171,99,0,21839,320,59833,0
35,181,17772,0,35,181,99,0,21847,336,62469,0
35,186,1304214,0,35,186,99,0,21852,126,27048,0
25,179,186318,0,25,179,202,0,21853,265,30844,0
35,193,27340,0,35,193,99,0,21859,407,71010,0
35,194,27340,0,35,194,99,0,21860,398,69973,0
25,97,304402,0,25,97,202,0,21866,314,58041,0
25,104,40030,0,25,104,202,0,21873,164,31929,0
35,218,1331360,0,35,218,99,0,21883,197,39147,0
35,220,25542,0,35,220,99,0,21885,275,47748,0
35,227,470308,0,35,227,99,0,21892,115,24383,0
35,228,328956,0,35,228,99,0,21893,135,28093,0
35,230,486416,0,35,230,99,0,21895,177,35697,0
35,237,158296,0,35,237,99,0,21902,418,72201,0
35,238,158296,0,35,238,99,0,21903,411,71360,0
35,241,1252310,0,35,241,99,0,21905,328,60387,0
35,248,126476,0,35,248,99,0,21910,178,35434,0
30,93,536992,0,30,93,207,0,21919,226,43007,0
25,124,1374560,0,25,124,202,0,21921,145,30422,0
30,104,1251664,0,30,104,207,0,21925,164,29132,0
30,108,1766674,0,30,108,207,0,21928,386,31482,0
30,109,1766674,0,30,109,207,0,21929,375,31358,0
30,110,1037000,0,30,110,207,0,21930,271,51959,0
30,111,1037000,0,30,111,207,0,21931,270,51868,0
35,311,1114692,0,35,311,99,0,21934,258,33762,0
35,312,466872,0,35,312,99,0,21935,277,33745,0
35,318,532974,0,35,318,99,0,21939,169,32047,0
35,319,532974,0,35,319,99,0,21940,168,32046,0
35,322,1186184,0,35,322,99,0,21943,173,33888,0
35,323,1186184,0,35,323,99,0,21944,172,33879,0
35,324,82752,0,35,324,99,0,21945,419,33861,0
35,325,82752,0,35,325,99,0,21946,412,33870,0
35,327,513698,0,35,327,99,0,21947,222,43857,0
35,328,690000,0,35,328,99,0,21948,241,47104,0
35,329,1398514,0,35,329,99,0,21949,259,49968,0
35,341,147844,0,35,341,99,0,21960,404,51989,0
35,342,147844,0,35,342,99,0,21961,395,51898,0
35,343,833118,0,35,343,99,0,21962,420,50959,0
35,344,833118,0,35,344,99,0,21963,413,50952,0
