342,399,660910,0,342,399,395,0,69701,408,71217,0
342,417,496238,0,342,417,395,0,69707,424,73024,0
45,175,693914,0,45,175,396,0,69748,415,71908,0
45,193,41070,0,45,193,396,0,69761,407,71015,0
45,306,628206,0,45,306,396,0,69826,403,70383,0
45,325,713366,0,45,325,396,0,69835,412,71519,0
45,341,336592,0,45,341,396,0,69846,404,70615,0
45,399,461452,0,45,399,396,0,69865,408,71154,0
153,70,451514,0,153,70,397,0,69883,414,71785,0
153,237,321348,0,153,237,397,0,69908,418,72258,0
153,399,1112964,0,153,399,397,0,69954,408,71165,0
194,44,47542,0,194,44,398,0,69978,405,70798,0
194,343,695744,0,194,343,398,0,70085,420,72525,0
194,344,1786968,0,194,344,398,0,70086,413,71684,0
194,399,213826,0,194,399,398,0,70092,408,71179,0
194,401,41400,0,194,401,398,0,70094,409,71257,0
194,424,211796,0,194,424,398,0,70102,417,72148,0
408,44,461452,0,408,44,399,0,70117,405,70902,0
408,152,1112964,0,408,152,399,0,70128,406,70991,0
408,193,231944,0,408,193,399,0,70142,407,71129,0
408,196,234442,0,408,196,399,0,70144,416,72103,0
408,214,250680,0,408,214,399,0,70158,402,70480,0
408,306,1044528,0,408,306,399,0,70167,403,70590,0
408,341,660910,0,408,341,399,0,70180,404,70738,0
408,344,421778,0,408,344,399,0,70182,413,71744,0
408,399,183132,0,408,399,399,0,70189,408,71226,0
408,400,265468,0,408,400,399,0,70190,410,71228,0
324,401,304638,0,324,401,419,0,70264,409,71276,0
409,193,42860,0,409,193,401,0,70276,407,71130,0
174,401,304638,0,174,401,422,0,70295,409,71245,0
409,344,681174,0,409,344,401,0,70307,413,71745,0
214,175,550320,0,214,175,402,0,70394,415,71932,0
214,325,741106,0,214,325,402,0,70449,412,71569,0
306,69,273654,0,306,69,403,0,70498,421,72701,0
306,238,508464,0,306,238,403,0,70563,411,71469,0
341,195,1020490,0,341,195,404,0,70680,423,72934,0
341,196,1462222,0,341,196,404,0,70681,416,72093,0
341,424,496238,0,341,424,404,0,70748,417,72182,0
44,174,693914,0,44,174,405,0,70785,422,72749,0
44,324,713366,0,44,324,405,0,70872,419,72360,0
152,69,451514,0,152,69,406,0,70920,421,72626,0
152,238,321348,0,152,238,406,0,70945,411,71417,0
193,343,1779652,0,193,343,407,0,71122,420,72524,0
193,344,703060,0,193,344,407,0,71123,413,71683,0
193,417,210352,0,193,417,407,0,71135,424,72988,0
399,195,234442,0,399,195,408,0,71180,423,72939,0
399,343,421778,0,399,343,408,0,71218,420,72580,0
401,343,681174,0,401,343,409,0,71288,420,72581,0
238,174,213512,0,238,174,411,0,71427,422,72710,0
238,195,134924,0,238,195,411,0,71440,423,72887,0
175,69,1056610,0,175,69,415,0,71479,421,72420,0
238,343,180564,0,238,343,411,0,71492,420,72550,0
238,417,332406,0,238,417,411,0,71508,424,73004,0
325,195,851166,0,325,195,412,0,71559,423,72809,0
70,174,1056610,0,70,174,414,0,71579,422,72320,0
196,174,791996,0,196,174,416,0,71599,422,72576,0
325,417,903210,0,325,417,412,0,71605,424,73012,0
344,69,74672,0,344,69,413,0,71631,421,72722,0
344,237,180564,0,344,237,413,0,71709,418,72333,0
175,195,791996,0,175,195,415,0,71735,423,72440,0
344,417,127730,0,344,417,413,0,71751,424,73025,0
70,195,95658,0,70,195,414,0,71800,423,72840,0
70,324,213512,0,70,324,414,0,71869,419,72268,0
70,343,74672,0,70,343,414,0,71881,420,72472,0
