130,395,427028,0,130,395,376,0,55186,342,61421,0
128,395,125492,0,128,395,350,0,55187,342,61404,0
127,395,693408,0,127,395,363,0,55188,342,61393,0
132,200,462054,0,132,200,289,0,55189,310,58115,0
132,201,390204,0,132,201,289,0,55190,326,60420,0
132,306,854048,0,132,306,289,0,55208,403,70521,0
132,341,618586,0,132,341,289,0,55221,404,70665,0
132,343,152802,0,132,343,289,0,55222,420,72510,0
132,344,1519114,0,132,344,289,0,55223,413,71669,0
132,394,376878,0,132,394,289,0,55225,307,56054,0
132,395,1473276,0,132,395,289,0,55226,342,61437,0
131,31,567426,0,131,31,290,0,55249,313,58628,0
131,32,209962,0,131,32,290,0,55250,331,61497,0
131,42,439960,0,131,42,290,0,55254,385,68485,0
131,45,290542,0,131,45,290,0,55256,396,69736,0
131,153,386388,0,131,153,290,0,55265,397,69895,0
131,155,919280,0,131,155,290,0,55267,308,56047,0
131,181,10350,0,131,181,290,0,55273,336,62545,0
129,404,405616,0,129,404,387,0,55278,341,61412,0
128,404,693408,0,128,404,350,0,55279,341,61403,0
127,404,125492,0,127,404,363,0,55280,341,61392,0
131,200,462054,0,131,200,290,0,55281,310,58114,0
131,201,390204,0,131,201,290,0,55282,326,60419,0
131,307,854048,0,131,307,290,0,55300,394,69484,0
131,342,618586,0,131,342,290,0,55313,395,69628,0
131,343,1519114,0,131,343,290,0,55314,420,72509,0
131,344,152802,0,131,344,290,0,55315,413,71668,0
131,403,376878,0,131,403,290,0,55317,306,56046,0
131,404,1473276,0,131,404,290,0,55318,341,61429,0
134,53,788438,0,134,53,291,0,55340,296,56100,0
134,55,135546,0,134,55,291,0,55342,332,61717,0
134,64,697836,0,134,64,291,0,55347,348,64033,0
134,160,475040,0,134,160,291,0,55352,317,59399,0
134,174,426668,0,134,174,291,0,55356,422,72762,0
130,413,466978,0,130,413,376,0,55367,344,61423,0
129,413,329170,0,129,413,387,0,55368,344,61414,0
134,222,76840,0,134,222,291,0,55371,327,60661,0
134,232,63374,0,134,232,291,0,55380,345,63549,0
134,341,415708,0,134,341,291,0,55399,404,70667,0
134,342,320136,0,134,342,291,0,55400,395,69630,0
134,343,471746,0,134,343,291,0,55401,420,72511,0
134,413,1248446,0,134,413,291,0,55404,344,61451,0
133,53,788438,0,133,53,292,0,55412,296,56099,0
133,55,135546,0,133,55,292,0,55414,332,61716,0
133,63,697836,0,133,63,292,0,55418,361,65626,0
133,160,475040,0,133,160,292,0,55424,317,59398,0
133,175,426668,0,133,175,292,0,55428,415,71921,0
130,420,339194,0,130,420,376,0,55439,343,61422,0
129,420,477002,0,129,420,387,0,55440,343,61413,0
133,222,76840,0,133,222,292,0,55443,327,60660,0
133,231,63374,0,133,231,292,0,55451,358,65142,0
133,341,320136,0,133,341,292,0,55471,404,70666,0
133,342,415708,0,133,342,292,0,55472,395,69629,0
133,344,471746,0,133,344,292,0,55473,413,71670,0
133,420,1248446,0,133,420,292,0,55476,343,61445,0
221,44,324446,0,221,44,293,0,55495,405,70817,0
221,45,324446,0,221,45,293,0,55496,396,69780,0
221,69,129074,0,221,69,293,0,55516,421,72662,0
221,70,129074,0,221,70,293,0,55517,414,71821,0
221,85,720138,0,221,85,293,0,55524,362,65688,0
221,86,720138,0,221,86,293,0,55525,349,64095,0
221,98,596494,0,221,98,293,0,55535,334,62081,0
221,108,392426,0,221,108,293,0,55541,386,68653,0
221,109,392426,0,221,109,293,0,55542,375,67344,0
