48,28,509160,0,48,28,203,0,40648,205,41182,0
48,40,40832,0,48,40,203,0,40658,211,42296,0
48,41,40832,0,48,41,203,0,40659,210,42164,0
48,46,252564,0,48,46,203,0,40664,217,42869,0
48,47,252564,0,48,47,203,0,40665,216,42794,0
48,96,486432,0,48,96,203,0,40668,263,50769,0
48,106,198440,0,48,106,203,0,40675,267,51521,0
48,107,198440,0,48,107,203,0,40676,266,51379,0
48,110,658738,0,48,110,203,0,40679,271,49755,0
48,111,658738,0,48,111,203,0,40680,270,49748,0
48,131,18090,0,48,131,203,0,40696,290,52659,0
48,132,18090,0,48,132,203,0,40697,289,52651,0
48,150,591422,0,48,150,203,0,40710,305,55672,0
48,151,591422,0,48,151,203,0,40711,304,55662,0
48,154,87380,0,48,154,203,0,40714,309,57965,0
48,155,87380,0,48,155,203,0,40715,308,57897,0
48,191,67974,0,48,191,203,0,40729,340,60788,0
48,192,67974,0,48,192,203,0,40730,339,60778,0
48,193,53740,0,48,193,203,0,40731,407,71017,0
48,194,53740,0,48,194,203,0,40732,398,69980,0
48,195,275464,0,48,195,203,0,40733,423,72828,0
48,196,275464,0,48,196,203,0,40734,416,71987,0
48,240,121460,0,48,240,203,0,40777,294,55518,0
48,285,478508,0,48,285,203,0,40818,360,65430,0
48,286,478508,0,48,286,203,0,40819,347,63837,0
48,287,256784,0,48,287,203,0,40820,384,68291,0
48,288,256784,0,48,288,203,0,40821,373,66982,0
48,311,112166,0,48,311,203,0,40842,258,49590,0
48,330,472406,0,48,330,203,0,40859,278,53130,0
48,347,263182,0,48,347,203,0,40874,286,54836,0
48,351,120632,0,48,351,203,0,40878,364,66084,0
48,353,691086,0,48,353,203,0,40879,365,65235,0
48,354,635978,0,48,354,203,0,40880,368,65250,0
48,360,263182,0,48,360,203,0,40885,285,54717,0
48,364,120632,0,48,364,203,0,40889,351,64491,0
48,365,691086,0,48,365,203,0,40890,353,63642,0
48,368,635978,0,48,368,203,0,40892,354,63652,0
48,373,487140,0,48,373,203,0,40897,288,52641,0
48,384,487140,0,48,384,203,0,40908,287,52631,0
48,395,13634,0,48,395,203,0,40919,342,60806,0
48,400,425190,0,48,400,203,0,40924,410,71295,0
48,404,13634,0,48,404,203,0,40927,341,60798,0
48,410,425190,0,48,410,203,0,40932,400,70202,0
71,32,2014932,0,71,32,204,0,40949,331,60863,0
71,135,1398606,0,71,135,204,0,40964,228,43547,0
71,138,702080,0,71,138,204,0,40966,299,55973,0
71,150,1385548,0,71,150,204,0,40974,305,55817,0
71,151,1385548,0,71,151,204,0,40975,304,55806,0
71,176,95070,0,71,176,204,0,40980,209,41961,0
71,181,3126,0,71,181,204,0,40983,336,62499,0
71,191,40248,0,71,191,204,0,40990,340,61021,0
71,192,40248,0,71,192,204,0,40991,339,61011,0
71,199,53880,0,71,199,204,0,40996,274,52231,0
71,212,292504,0,71,212,204,0,41007,382,68004,0
71,213,292504,0,71,213,204,0,41008,371,66695,0
27,278,1243122,0,27,278,242,0,41032,330,60829,0
71,276,478282,0,71,276,204,0,41046,295,55725,0
71,278,1451012,0,71,278,204,0,41047,330,60877,0
30,75,925334,0,30,75,207,0,41060,297,46907,0
71,295,77228,0,71,295,204,0,41061,276,52697,0
71,306,245386,0,71,306,204,0,41072,403,70499,0
71,307,245386,0,71,307,204,0,41073,394,69462,0
71,330,585922,0,71,330,204,0,41093,278,53150,0
71,341,547232,0,71,341,204,0,41104,404,70629,0
