208,248,407804,0,208,248,156,0,32030,178,36096,0
104,26,112166,0,104,26,164,0,32039,223,43292,0
104,32,257436,0,104,32,164,0,32041,331,61131,0
104,42,651106,0,104,42,164,0,32048,385,68213,0
104,43,651106,0,104,43,164,0,32049,374,66904,0
208,276,306324,0,208,276,156,0,32056,295,55932,0
208,285,314180,0,208,285,156,0,32064,360,65512,0
208,286,314180,0,208,286,156,0,32065,347,63919,0
208,336,125290,0,208,336,156,0,32080,181,36803,0
208,337,144880,0,208,337,156,0,32081,190,37139,0
208,338,144880,0,208,338,156,0,32082,189,37138,0
208,341,85744,0,208,341,156,0,32085,404,70691,0
208,342,85744,0,208,342,156,0,32086,395,69654,0
208,345,658738,0,208,345,156,0,32089,232,44283,0
208,347,312768,0,208,347,156,0,32091,286,53492,0
208,351,670828,0,208,351,156,0,32094,364,41887,0
208,355,139136,0,208,355,156,0,32097,367,66447,0
208,357,1232394,0,208,357,156,0,32099,369,42420,0
208,358,658738,0,208,358,156,0,32100,231,44282,0
208,360,312768,0,208,360,156,0,32102,285,53491,0
208,364,670828,0,208,364,156,0,32105,351,41875,0
208,367,139136,0,208,367,156,0,32107,355,64922,0
208,369,1232394,0,208,369,156,0,32109,357,42294,0
208,371,424364,0,208,371,156,0,32111,213,42574,0
208,372,298300,0,208,372,156,0,32112,269,51804,0
208,378,160420,0,208,378,156,0,32117,390,69132,0
208,380,1156892,0,208,380,156,0,32119,392,68624,0
208,381,279218,0,208,381,156,0,32120,391,41891,0
208,382,424364,0,208,382,156,0,32121,212,42466,0
208,383,298300,0,208,383,156,0,32122,268,51703,0
208,390,160420,0,208,390,156,0,32128,378,67751,0
208,391,279218,0,208,391,156,0,32129,381,41880,0
208,392,1156892,0,208,392,156,0,32130,380,67311,0
208,399,148482,0,208,399,156,0,32136,408,71191,0
208,408,148482,0,208,408,156,0,32143,399,70154,0
208,412,141272,0,208,412,156,0,32146,325,58809,0
208,413,308576,0,208,413,156,0,32147,344,61667,0
208,417,364138,0,208,417,156,0,32150,424,42941,0
208,419,141272,0,208,419,156,0,32152,324,58803,0
208,420,308576,0,208,420,156,0,32153,343,61660,0
208,424,364138,0,208,424,156,0,32156,417,42866,0
264,49,24692,0,264,49,157,0,32158,224,44526,0
264,51,87620,0,264,51,157,0,32159,260,50268,0
264,52,203066,0,264,52,157,0,32160,280,53676,0
264,54,33596,0,264,54,157,0,32162,229,45532,0
264,62,654410,0,264,62,157,0,32165,183,37338,0
264,63,20640,0,264,63,157,0,32166,361,65702,0
264,64,20640,0,264,64,157,0,32167,348,64109,0
264,110,558506,0,264,110,157,0,32188,271,50504,0
264,111,558506,0,264,111,157,0,32189,270,50503,0
264,114,277524,0,264,114,157,0,32192,206,41232,0
264,115,291512,0,264,115,157,0,32193,227,44927,0
264,116,587514,0,264,116,157,0,32194,281,50661,0
264,119,671744,0,264,119,157,0,32196,335,62114,0
264,127,582896,0,264,127,157,0,32200,363,51598,0
264,128,582896,0,264,128,157,0,32201,350,51456,0
264,133,1015514,0,264,133,157,0,32206,292,50766,0
264,134,1015514,0,264,134,157,0,32207,291,50760,0
264,191,130188,0,264,191,157,0,32241,340,63138,0
264,192,130188,0,264,192,157,0,32242,339,63034,0
264,193,188706,0,264,193,157,0,32243,407,71091,0
264,194,188706,0,264,194,157,0,32244,398,70054,0
38,97,257056,0,38,97,161,0,32249,314,58151,0
38,98,376984,0,38,98,161,0,32250,334,60462,0
