179,384,673374,0,179,384,265,0,51343,287,53304,0
179,391,1636596,0,179,391,265,0,51349,381,67936,0
179,399,390940,0,179,399,265,0,51356,408,71171,0
179,400,381744,0,179,400,265,0,51357,410,71318,0
179,401,1279044,0,179,401,265,0,51358,409,71249,0
179,408,390940,0,179,408,265,0,51364,399,70134,0
179,409,1279044,0,179,409,265,0,51365,401,70268,0
179,410,381744,0,179,410,265,0,51366,400,70225,0
107,77,901040,0,107,77,266,0,51400,333,61164,0
107,222,150722,0,107,222,266,0,51425,327,60636,0
107,238,16874,0,107,238,266,0,51438,411,71394,0
86,259,348868,0,86,259,349,0,51440,329,60870,0
107,288,841114,0,107,288,266,0,51460,373,66871,0
107,352,994124,0,107,352,266,0,51471,366,66202,0
107,373,1008760,0,107,373,266,0,51477,288,54928,0
107,378,1551770,0,107,378,266,0,51482,390,66331,0
107,379,2239672,0,107,379,266,0,51483,389,66330,0
107,381,209028,0,107,381,266,0,51484,391,66332,0
107,388,98748,0,107,388,266,0,51489,377,66298,0
107,389,263386,0,107,389,266,0,51490,379,66258,0
107,390,664660,0,107,390,266,0,51491,378,66257,0
107,391,622232,0,107,391,266,0,51492,381,66259,0
107,404,278638,0,107,404,266,0,51503,341,61223,0
107,420,768854,0,107,420,266,0,51517,343,61225,0
106,77,901040,0,106,77,267,0,51542,333,61163,0
106,222,150722,0,106,222,267,0,51567,327,60635,0
106,237,16874,0,106,237,267,0,51579,418,72234,0
85,259,348868,0,85,259,362,0,51582,329,60869,0
106,287,841114,0,106,287,267,0,51601,384,68180,0
106,366,994124,0,106,366,267,0,51614,352,64600,0
106,377,98748,0,106,377,267,0,51623,388,64793,0
106,378,664660,0,106,378,267,0,51624,390,64753,0
106,379,263386,0,106,379,267,0,51625,389,64752,0
106,381,622232,0,106,381,267,0,51626,391,64754,0
106,384,1008760,0,106,384,267,0,51627,287,54802,0
106,389,2239672,0,106,389,267,0,51632,379,64650,0
106,390,1551770,0,106,390,267,0,51633,378,64649,0
106,391,209028,0,106,391,267,0,51634,381,64651,0
106,395,278638,0,106,395,267,0,51637,342,61212,0
106,413,768854,0,106,413,267,0,51653,344,61213,0
383,29,157274,0,383,29,268,0,51666,279,53548,0
383,32,132644,0,383,32,268,0,51668,331,61632,0
383,42,417166,0,383,42,268,0,51674,385,68599,0
383,44,64202,0,383,44,268,0,51675,405,70891,0
383,116,185018,0,383,116,268,0,51680,281,54043,0
110,373,72730,0,110,373,271,0,51692,288,55080,0
383,199,374594,0,383,199,268,0,51695,274,52401,0
383,212,365302,0,383,212,268,0,51705,382,68121,0
383,215,200896,0,383,215,268,0,51707,393,69433,0
383,373,353312,0,383,373,268,0,51736,288,55124,0
383,377,664710,0,383,377,268,0,51740,388,68995,0
112,377,1277480,0,112,377,273,0,51743,388,68933,0
111,150,1685632,0,111,150,270,0,51745,305,57630,0
111,381,832766,0,111,381,270,0,51750,391,68270,0
110,191,952672,0,110,191,271,0,51753,340,63104,0
110,379,89302,0,110,379,271,0,51756,389,68263,0
110,381,287180,0,110,381,271,0,51757,391,68264,0
372,29,157274,0,372,29,269,0,51767,279,53538,0
372,32,132644,0,372,32,269,0,51769,331,61622,0
372,43,417166,0,372,43,269,0,51775,374,67290,0
372,45,64202,0,372,45,269,0,51777,396,69848,0
372,116,185018,0,372,116,269,0,51781,281,54034,0
111,384,72730,0,111,384,270,0,51793,287,54981,0
372,199,374594,0,372,199,269,0,51796,274,52391,0
