43,411,101764,0,43,411,374,0,42805,238,43167,0
42,411,717136,0,42,411,385,0,42806,238,43157,0
44,411,609270,0,44,411,405,0,42807,238,43174,0
47,174,292722,0,47,174,216,0,42816,422,72750,0
47,177,270730,0,47,177,216,0,42818,230,45656,0
47,178,331224,0,47,178,216,0,42819,248,48516,0
47,193,1056872,0,47,193,216,0,42827,407,71016,0
44,192,1027856,0,44,192,405,0,42828,339,62987,0
47,222,189038,0,47,222,216,0,42833,327,60607,0
47,231,1268528,0,47,231,216,0,42841,358,65084,0
47,232,403388,0,47,232,216,0,42842,345,63491,0
47,237,54956,0,47,237,216,0,42843,418,72210,0
47,312,371598,0,47,312,216,0,42845,277,52920,0
47,327,329436,0,47,327,216,0,42851,222,43868,0
47,328,698256,0,47,328,216,0,42852,241,47115,0
47,341,276982,0,47,341,216,0,42859,404,70616,0
47,411,1870528,0,47,411,216,0,42862,238,43193,0
47,412,247426,0,47,412,216,0,42863,325,58258,0
47,413,1542204,0,47,413,216,0,42864,344,60588,0
46,49,10350,0,46,49,217,0,42870,224,44392,0
46,52,324200,0,46,52,217,0,42871,280,53600,0
46,53,157314,0,46,53,217,0,42872,296,43107,0
46,54,550100,0,46,54,217,0,42873,229,45481,0
46,55,628336,0,46,55,217,0,42874,332,61684,0
43,418,733766,0,43,418,374,0,42880,237,43166,0
42,418,85134,0,42,418,385,0,42881,237,43156,0
45,418,615742,0,45,418,396,0,42882,237,43181,0
46,175,292722,0,46,175,217,0,42891,415,71909,0
46,177,270730,0,46,177,217,0,42893,230,45655,0
46,178,331224,0,46,178,217,0,42894,248,48515,0
45,191,1033060,0,45,191,396,0,42902,340,63092,0
46,194,1062076,0,46,194,217,0,42903,398,69979,0
46,222,189038,0,46,222,217,0,42908,327,60606,0
46,231,403388,0,46,231,217,0,42916,358,65083,0
46,232,1268528,0,46,232,217,0,42917,345,63490,0
46,238,54956,0,46,238,217,0,42918,411,71369,0
46,312,371598,0,46,312,217,0,42920,277,52919,0
46,327,329436,0,46,327,217,0,42926,222,43867,0
46,328,698256,0,46,328,217,0,42927,241,47114,0
46,342,276982,0,46,342,217,0,42935,395,69579,0
46,418,1865324,0,46,418,217,0,42937,237,43187,0
46,419,247426,0,46,419,217,0,42938,324,58252,0
46,420,1542204,0,46,420,217,0,42939,343,60581,0
197,97,426098,0,197,97,218,0,42968,314,58684,0
197,108,46756,0,197,108,218,0,42976,386,68556,0
197,109,46756,0,197,109,218,0,42977,375,67247,0
197,133,38188,0,197,133,218,0,42999,292,53579,0
197,134,38188,0,197,134,218,0,43000,291,53572,0
197,137,304008,0,197,137,218,0,43002,282,53470,0
197,152,776062,0,197,152,218,0,43012,406,70856,0
197,153,776062,0,197,153,218,0,43013,397,69819,0
197,180,4766,0,197,180,218,0,43019,284,54545,0
197,193,92056,0,197,193,218,0,43029,407,71053,0
197,194,92056,0,197,194,218,0,43030,398,70016,0
197,195,434820,0,197,195,218,0,43031,423,72865,0
197,196,434820,0,197,196,218,0,43032,416,72024,0
51,32,341690,0,51,32,260,0,43035,331,60909,0
93,31,781162,0,93,31,226,0,43048,313,58289,0
93,32,801140,0,93,32,226,0,43049,331,61124,0
93,42,439470,0,93,42,226,0,43056,385,68207,0
93,43,439470,0,93,43,226,0,43057,374,66898,0
197,276,188944,0,197,276,218,0,43063,295,55925,0
197,277,222310,0,197,277,218,0,43064,312,58458,0
197,285,575884,0,197,285,218,0,43071,360,65505,0
