416,179,462352,0,416,179,196,0,39102,265,51371,0
416,194,501416,0,416,194,196,0,39111,398,70097,0
416,232,834112,0,416,232,196,0,39125,345,63664,0
416,325,235892,0,416,325,196,0,39133,412,71604,0
416,418,117194,0,416,418,196,0,39134,237,46564,0
416,419,757434,0,416,419,196,0,39135,324,60277,0
26,48,52800,0,26,48,223,0,39140,203,40457,0
26,50,77274,0,26,50,223,0,39142,225,44673,0
26,54,89060,0,26,54,223,0,39144,229,45466,0
26,65,252564,0,26,65,223,0,39154,234,46215,0
26,66,252564,0,26,66,223,0,39155,233,46096,0
26,67,40832,0,26,67,223,0,39156,236,46418,0
26,68,40832,0,26,68,223,0,39157,235,46334,0
218,49,41780,0,218,49,197,0,39161,224,44483,0
218,50,134790,0,218,50,197,0,39162,225,44504,0
218,65,578708,0,218,65,197,0,39177,234,44633,0
218,66,578708,0,218,66,197,0,39178,233,44622,0
218,85,397612,0,218,85,197,0,39192,362,65687,0
218,86,397612,0,218,86,197,0,39193,349,64094,0
218,87,532972,0,218,87,197,0,39194,252,44821,0
218,88,532972,0,218,88,197,0,39195,251,44811,0
218,89,1663916,0,218,89,197,0,39196,254,44839,0
218,90,1663916,0,218,90,197,0,39197,253,44831,0
115,197,283520,0,115,197,227,0,39200,218,41435,0
218,119,4766,0,218,119,197,0,39205,335,62311,0
218,127,92056,0,218,127,197,0,39212,363,65978,0
218,128,92056,0,218,128,197,0,39213,350,64385,0
218,129,434820,0,218,129,197,0,39214,387,68799,0
218,130,434820,0,218,130,197,0,39215,376,67490,0
218,158,801140,0,218,158,197,0,39222,283,53718,0
176,55,1392912,0,176,55,209,0,39223,332,45558,0
43,54,259296,0,43,54,374,0,39228,229,45478,0
42,54,259296,0,42,54,385,0,39229,229,45477,0
218,170,878674,0,218,170,197,0,39230,321,45605,0
218,171,878674,0,218,171,197,0,39231,320,45595,0
218,172,769612,0,218,172,197,0,39232,323,45622,0
218,173,769612,0,218,173,197,0,39233,322,45615,0
218,174,439470,0,218,174,197,0,39234,422,72703,0
218,175,439470,0,218,175,197,0,39235,415,71862,0
177,197,283520,0,177,197,230,0,39236,218,42026,0
218,191,38188,0,218,191,197,0,39248,340,61847,0
218,192,38188,0,218,192,197,0,39249,339,61837,0
71,53,357326,0,71,53,204,0,39255,296,55740,0
71,55,304008,0,71,55,204,0,39256,332,60928,0
71,63,776062,0,71,63,204,0,39262,361,65339,0
71,64,776062,0,71,64,204,0,39263,348,63746,0
27,54,144870,0,27,54,242,0,39271,229,45467,0
27,55,38174,0,27,55,242,0,39272,332,61140,0
218,274,551012,0,218,274,197,0,39284,199,39764,0
218,285,427200,0,218,285,197,0,39294,360,65517,0
218,286,427200,0,218,286,197,0,39295,347,63924,0
218,287,769964,0,218,287,197,0,39296,384,68380,0
218,288,769964,0,218,288,197,0,39297,373,67071,0
31,52,932830,0,31,52,313,0,39304,280,52765,0
31,67,187196,0,31,67,313,0,39314,236,46421,0
31,68,187196,0,31,68,313,0,39315,235,46337,0
156,51,265306,0,156,51,208,0,39319,260,49839,0
156,69,46756,0,156,69,208,0,39331,421,72412,0
156,70,46756,0,156,70,208,0,39332,414,71571,0
218,326,551012,0,218,326,197,0,39333,201,40184,0
218,329,273048,0,218,329,197,0,39336,259,50047,0
218,341,575884,0,218,341,197,0,39347,404,70695,0
218,342,575884,0,218,342,197,0,39348,395,69658,0
218,343,233120,0,218,343,197,0,39349,420,72538,0
