37,388,889518,0,37,388,141,0,29767,377,57569,0
37,389,422404,0,37,389,141,0,29768,379,67800,0
37,390,775986,0,37,390,141,0,29769,378,57734,0
37,391,52934,0,37,391,141,0,29770,381,57501,0
37,395,136296,0,37,395,141,0,29773,342,63273,0
37,398,295972,0,37,398,141,0,29775,194,38938,0
37,404,136296,0,37,404,141,0,29779,341,63194,0
37,407,295972,0,37,407,141,0,29781,193,38857,0
37,411,532972,0,37,411,141,0,29784,238,43093,0
37,412,542290,0,37,412,141,0,29785,325,35617,0
37,418,532972,0,37,418,141,0,29790,237,43092,0
37,419,542290,0,37,419,141,0,29791,324,35616,0
60,29,38174,0,60,29,142,0,29798,279,53357,0
60,30,632562,0,60,30,142,0,29799,207,41596,0
60,32,439756,0,60,32,142,0,29800,331,59400,0
60,42,67022,0,60,42,142,0,29807,385,39311,0
60,43,67022,0,60,43,142,0,29808,374,39310,0
60,94,334368,0,60,94,142,0,29813,261,50400,0
60,95,250228,0,60,95,142,0,29814,262,50615,0
60,96,555336,0,60,96,142,0,29815,263,50778,0
60,108,21926,0,60,108,142,0,29822,386,68633,0
60,109,21926,0,60,109,142,0,29823,375,67324,0
60,112,257192,0,60,112,142,0,29826,273,52127,0
60,113,257192,0,60,113,142,0,29827,272,52054,0
60,118,306324,0,60,118,142,0,29831,315,59021,0
60,129,884104,0,60,129,142,0,29838,387,68754,0
60,130,884104,0,60,130,142,0,29839,376,67445,0
60,133,417300,0,60,133,142,0,29842,292,55416,0
60,134,417300,0,60,134,142,0,29843,291,55344,0
60,137,161778,0,60,137,142,0,29845,282,54090,0
60,138,560374,0,60,138,142,0,29846,299,56706,0
60,150,1261700,0,60,150,142,0,29854,305,55635,0
60,151,1261700,0,60,151,142,0,29855,304,55634,0
60,152,108230,0,60,152,142,0,29856,406,70917,0
60,153,108230,0,60,153,142,0,29857,397,69880,0
60,176,461534,0,60,176,142,0,29860,209,41951,0
60,193,315572,0,60,193,142,0,29874,407,71024,0
60,194,315572,0,60,194,142,0,29875,398,69987,0
60,198,294112,0,60,198,142,0,29878,239,46661,0
60,200,561152,0,60,200,142,0,29880,310,35422,0
60,201,1134318,0,60,201,142,0,29881,326,31951,0
60,214,383540,0,60,214,142,0,29893,402,70341,0
60,215,383540,0,60,215,142,0,29894,393,69304,0
60,220,604132,0,60,220,142,0,29899,275,52465,0
60,230,1101202,0,60,230,142,0,29908,177,35720,0
60,239,104250,0,60,239,142,0,29917,198,39189,0
60,240,789612,0,60,240,142,0,29918,294,55522,0
60,249,720138,0,60,249,142,0,29924,359,65108,0
60,250,720138,0,60,250,142,0,29925,346,63515,0
60,259,141608,0,60,259,142,0,29933,329,61065,0
60,268,392426,0,60,268,142,0,29941,383,68155,0
60,269,392426,0,60,269,142,0,29942,372,66846,0
60,274,885432,0,60,274,142,0,29947,199,39662,0
60,278,189472,0,60,278,142,0,29950,330,61294,0
60,287,224356,0,60,287,142,0,29958,384,68298,0
60,288,224356,0,60,288,142,0,29959,373,66989,0
60,318,119132,0,60,318,142,0,29971,169,34712,0
60,319,119132,0,60,319,142,0,29972,168,34566,0
60,324,33966,0,60,324,142,0,29977,419,58016,0
60,325,33966,0,60,325,142,0,29978,412,57948,0
60,330,1243122,0,60,330,142,0,29982,278,53140,0
26,156,425052,0,26,156,223,0,29987,208,36710,0
60,337,17414,0,60,337,142,0,29988,190,38507,0
60,338,17414,0,60,338,142,0,29989,189,38374,0
