321,198,257192,0,321,198,170,0,34890,239,46797,0
321,199,289896,0,321,199,170,0,34891,274,52345,0
321,212,206506,0,321,212,170,0,34899,382,68105,0
321,214,1129530,0,321,214,170,0,34900,402,70447,0
321,276,568132,0,321,276,170,0,34916,295,55996,0
321,286,504122,0,321,286,170,0,34924,347,63965,0
321,287,366236,0,321,287,170,0,34925,384,68419,0
321,372,472890,0,321,372,170,0,34929,269,51131,0
321,373,309936,0,321,373,170,0,34930,288,54426,0
321,377,335334,0,321,377,170,0,34934,388,60015,0
321,378,693634,0,321,378,170,0,34935,390,60017,0
321,379,545784,0,321,379,170,0,34936,389,60016,0
307,170,402274,0,307,170,394,0,34939,321,57020,0
321,400,1820622,0,321,400,170,0,34944,410,69170,0
321,402,47362,0,321,402,170,0,34945,214,41910,0
321,408,708478,0,321,408,170,0,34950,399,60024,0
321,409,154838,0,321,409,170,0,34951,401,69099,0
321,417,391176,0,321,417,170,0,34956,424,69274,0
320,25,104710,0,320,25,171,0,34957,202,40552,0
320,27,262600,0,320,27,171,0,34959,242,47437,0
320,28,5234,0,320,28,171,0,34960,205,41265,0
320,44,1231906,0,320,44,171,0,34968,405,70870,0
320,45,610086,0,320,45,171,0,34969,396,41921,0
320,93,501218,0,320,93,171,0,34971,226,44962,0
320,94,53906,0,320,94,171,0,34972,261,50501,0
320,95,192100,0,320,95,171,0,34973,262,50680,0
320,98,132734,0,320,98,171,0,34975,334,62133,0
320,105,132734,0,320,105,171,0,34979,185,37776,0
320,109,316690,0,320,109,171,0,34980,375,67384,0
320,110,347662,0,320,110,171,0,34981,271,51123,0
320,111,749862,0,320,111,171,0,34982,270,51122,0
320,117,573540,0,320,117,171,0,34986,298,56607,0
320,127,456150,0,320,127,171,0,34993,363,54410,0
320,128,753532,0,320,128,171,0,34994,350,64434,0
320,130,230582,0,320,130,171,0,34995,376,67539,0
320,131,685846,0,320,131,171,0,34996,290,54418,0
320,134,714448,0,320,134,171,0,34997,291,55045,0
320,198,262600,0,320,198,171,0,34998,239,46796,0
320,199,289050,0,320,199,171,0,34999,274,52344,0
320,213,216726,0,320,213,171,0,35007,371,66796,0
320,215,1119310,0,320,215,171,0,35009,393,69410,0
320,276,573540,0,320,276,171,0,35024,295,55995,0
320,285,493902,0,320,285,171,0,35031,360,65558,0
320,288,376456,0,320,288,171,0,35033,373,67110,0
320,383,474836,0,320,383,171,0,35037,268,51121,0
320,384,324892,0,320,384,171,0,35038,287,54417,0
320,388,333504,0,320,388,171,0,35042,377,59909,0
320,389,545784,0,320,389,171,0,35043,379,59911,0
320,390,693634,0,320,390,171,0,35044,378,59910,0
320,393,32406,0,320,393,171,0,35046,215,41901,0
320,399,710308,0,320,399,171,0,35051,408,59925,0
320,401,154838,0,320,401,171,0,35052,409,67858,0
306,171,400328,0,306,171,403,0,35054,320,57010,0
320,410,1820622,0,320,410,171,0,35059,400,67785,0
320,424,389346,0,320,424,171,0,35064,417,67913,0
323,26,198440,0,323,26,172,0,35066,223,44287,0
194,31,393378,0,194,31,398,0,35069,313,41710,0
323,31,449202,0,323,31,172,0,35070,313,58725,0
215,139,1070950,0,215,139,393,0,35071,300,56936,0
307,158,348868,0,307,158,394,0,35082,283,54188,0
45,156,1100800,0,45,156,396,0,35087,208,38145,0
307,172,592152,0,307,172,394,0,35088,323,60178,0
307,175,2507920,0,307,175,394,0,35090,415,57888,0
323,179,582896,0,323,179,172,0,35092,265,51086,0
