152,104,1462068,0,152,104,406,0,23030,164,29252,0
164,407,210208,0,164,407,104,0,23031,193,33009,0
164,408,832640,0,164,408,104,0,23032,399,33885,0
164,411,82752,0,164,411,104,0,23035,238,33436,0
164,413,543122,0,164,413,104,0,23036,344,34446,0
164,416,543122,0,164,416,104,0,23039,196,33007,0
164,418,82752,0,164,418,104,0,23041,237,33437,0
164,420,543122,0,164,420,104,0,23042,343,34447,0
164,423,543122,0,164,423,104,0,23045,195,33008,0
185,27,306324,0,185,27,105,0,23049,242,47353,0
185,29,461534,0,185,29,105,0,23050,279,30507,0
185,36,177082,0,185,36,105,0,23053,120,25877,0
185,39,194218,0,185,39,105,0,23055,182,37036,0
185,42,97286,0,185,42,105,0,23058,385,68505,0
185,43,97286,0,185,43,105,0,23059,374,67196,0
185,59,83066,0,185,59,105,0,23071,121,26169,0
185,60,306324,0,185,60,105,0,23072,142,29867,0
185,63,1033610,0,185,63,105,0,23074,361,65646,0
185,64,1033610,0,185,64,105,0,23075,348,64053,0
185,67,181098,0,185,67,105,0,23078,236,46450,0
185,68,181098,0,185,68,105,0,23079,235,46366,0
185,71,250838,0,185,71,105,0,23082,204,40986,0
185,72,144996,0,185,72,105,0,23083,243,47572,0
185,73,201134,0,185,73,105,0,23084,244,47786,0
140,71,285018,0,140,71,301,0,23085,204,40967,0
185,81,257168,0,185,81,105,0,23089,122,26405,0
185,84,363280,0,185,84,105,0,23090,184,37489,0
185,85,392426,0,185,85,105,0,23091,362,65803,0
185,86,392426,0,185,86,105,0,23092,349,64210,0
185,89,342916,0,185,89,105,0,23095,254,49328,0
185,90,342916,0,185,90,105,0,23096,253,49233,0
185,94,560374,0,185,94,105,0,23100,261,50433,0
140,114,790636,0,140,114,301,0,23101,206,30310,0
185,106,1261700,0,185,106,105,0,23108,267,50086,0
185,107,1261700,0,185,107,105,0,23109,266,50085,0
185,108,108230,0,185,108,105,0,23110,386,68647,0
185,109,108230,0,185,109,105,0,23111,375,67338,0
185,115,585922,0,185,115,105,0,23117,227,43747,0
185,127,67022,0,185,127,105,0,23121,363,30504,0
185,128,67022,0,185,128,105,0,23122,350,30503,0
185,131,136680,0,185,131,105,0,23125,290,55276,0
185,132,136680,0,185,132,105,0,23126,289,55184,0
140,93,116084,0,140,93,301,0,23129,226,43023,0
140,108,80706,0,140,108,301,0,23140,386,31536,0
140,109,80706,0,140,109,301,0,23141,375,31412,0
140,110,475734,0,140,110,301,0,23142,271,51972,0
140,111,475734,0,140,111,301,0,23143,270,51881,0
185,220,365162,0,185,220,105,0,23148,275,52533,0
185,231,74850,0,185,231,105,0,23155,358,65161,0
185,232,74850,0,185,232,105,0,23156,345,63568,0
185,237,64074,0,185,237,105,0,23161,418,72277,0
185,238,64074,0,185,238,105,0,23162,411,71436,0
185,239,120824,0,185,239,105,0,23163,198,39505,0
185,248,157602,0,185,248,105,0,23167,178,36079,0
185,249,21926,0,185,249,105,0,23168,359,65322,0
185,250,21926,0,185,250,105,0,23169,346,63729,0
185,277,467392,0,185,277,105,0,23178,312,58447,0
185,287,463246,0,185,287,105,0,23186,384,68357,0
185,288,463246,0,185,288,105,0,23187,373,67048,0
185,327,164938,0,185,327,105,0,23193,222,43909,0
185,328,92816,0,185,328,105,0,23194,241,47172,0
185,339,404990,0,185,339,105,0,23203,192,36946,0
185,340,404990,0,185,340,105,0,23204,191,36936,0
185,350,230430,0,185,350,105,0,23214,128,25677,0
