387,125,462352,0,387,125,129,0,27576,165,34113,0
387,127,122718,0,387,127,129,0,27577,363,66064,0
292,373,61786,0,292,373,133,0,27580,288,55122,0
291,373,526886,0,291,373,134,0,27581,288,55121,0
387,212,858744,0,387,212,129,0,27593,382,68124,0
387,214,984278,0,387,214,129,0,27594,402,70471,0
387,372,548494,0,387,372,129,0,27608,269,51840,0
288,129,288668,0,288,129,373,0,27609,387,55128,0
387,376,84252,0,387,376,129,0,27612,130,27711,0
290,377,699502,0,290,377,131,0,27614,388,68991,0
292,377,536646,0,292,377,133,0,27615,388,68993,0
291,377,232300,0,291,377,134,0,27616,388,68992,0
290,371,726880,0,290,371,131,0,27617,213,42605,0
290,150,208028,0,290,150,131,0,27618,305,57683,0
290,339,310990,0,290,339,131,0,27621,192,38818,0
290,378,1873178,0,290,378,131,0,27622,390,68893,0
290,381,159620,0,290,381,131,0,27624,391,68894,0
285,63,1241334,0,285,63,360,0,27625,361,46297,0
288,70,1441046,0,288,70,373,0,27631,414,46296,0
291,191,729668,0,291,191,134,0,27633,340,63156,0
291,339,1993684,0,291,339,134,0,27635,192,38819,0
291,381,1972084,0,291,381,134,0,27636,391,68899,0
376,28,701940,0,376,28,130,0,27640,205,41312,0
376,29,272200,0,376,29,130,0,27641,279,53542,0
287,45,566252,0,287,45,384,0,27652,396,42499,0
376,94,178912,0,376,94,130,0,27655,261,50549,0
289,383,722102,0,289,383,132,0,27663,268,51732,0
376,115,93958,0,376,115,130,0,27666,227,45244,0
376,118,246464,0,376,118,130,0,27669,315,59151,0
376,125,462352,0,376,125,130,0,27675,165,34104,0
376,128,122718,0,376,128,130,0,27677,350,64465,0
292,384,526886,0,292,384,133,0,27679,287,55023,0
291,384,61786,0,291,384,134,0,27680,287,55022,0
376,213,848390,0,376,213,130,0,27692,371,66815,0
376,215,984278,0,376,215,130,0,27694,393,69428,0
376,383,548494,0,376,383,130,0,27707,268,51739,0
287,130,288668,0,287,130,384,0,27708,376,55029,0
289,388,699502,0,289,388,132,0,27713,377,67682,0
292,388,232300,0,292,388,133,0,27714,377,67684,0
291,388,536646,0,291,388,134,0,27715,377,67683,0
289,382,726880,0,289,382,132,0,27716,212,42497,0
289,151,208028,0,289,151,132,0,27717,304,57566,0
289,340,310990,0,289,340,132,0,27720,191,38709,0
289,390,1873178,0,289,390,132,0,27721,378,67584,0
289,391,159620,0,289,391,132,0,27722,381,67586,0
287,69,1437018,0,287,69,384,0,27724,421,46178,0
292,192,729668,0,292,192,133,0,27726,339,63053,0
292,340,1987880,0,292,340,133,0,27728,191,38711,0
292,391,1972084,0,292,391,133,0,27729,381,67594,0
286,64,1237306,0,286,64,347,0,27730,348,46177,0
291,321,7176,0,291,321,134,0,27733,170,34927,0
290,31,462054,0,290,31,131,0,27739,313,58711,0
290,32,193666,0,290,32,131,0,27740,331,61580,0
290,38,833192,0,290,38,131,0,27743,161,33273,0
290,39,390204,0,290,39,131,0,27744,182,37129,0
290,42,862240,0,290,42,131,0,27745,385,68577,0
287,41,665362,0,287,41,384,0,27746,210,42246,0
290,46,1505406,0,290,46,131,0,27748,217,41572,0
290,137,199048,0,290,137,131,0,27751,282,54158,0
290,140,198352,0,290,140,131,0,27753,301,57137,0
290,152,430702,0,290,152,131,0,27758,406,70966,0
290,195,451628,0,290,195,131,0,27773,423,72921,0
290,196,1220288,0,290,196,131,0,27774,416,72080,0
290,199,131340,0,290,199,131,0,27776,274,52331,0
