204,284,425660,0,204,284,71,0,6725,180,36522,0
204,287,268032,0,204,287,71,0,6728,384,49128,0
204,288,268032,0,204,288,71,0,6729,373,49010,0
204,289,32936,0,204,289,71,0,6730,132,27878,0
204,290,32936,0,204,290,71,0,6731,131,27781,0
204,291,80554,0,204,291,71,0,6732,134,25947,0
204,292,80554,0,204,292,71,0,6733,133,25946,0
101,25,332610,0,101,25,80,0,6734,202,21870,0
101,26,119600,0,101,26,80,0,6735,223,43290,0
94,71,1319686,0,94,71,261,0,6741,204,20495,0
101,37,3311820,0,101,37,80,0,6742,141,21053,0
101,40,859164,0,101,40,80,0,6745,211,21980,0
101,41,859164,0,101,41,80,0,6746,210,21968,0
101,44,873082,0,101,44,80,0,6749,405,23921,0
101,45,873082,0,101,45,80,0,6750,396,23825,0
242,137,77228,0,242,137,27,0,6755,282,54131,0
207,246,925334,0,207,246,30,0,6761,136,18739,0
99,75,657600,0,99,75,35,0,6762,297,22754,0
242,145,77228,0,242,145,27,0,6763,124,26731,0
161,75,252442,0,161,75,38,0,6764,297,34195,0
242,148,134340,0,242,148,27,0,6766,303,57417,0
242,149,134340,0,242,149,27,0,6767,302,57283,0
242,150,128878,0,242,150,27,0,6768,305,56463,0
242,151,128878,0,242,151,27,0,6769,304,56452,0
242,152,245386,0,242,152,27,0,6770,406,70948,0
242,153,245386,0,242,153,27,0,6771,397,69911,0
242,158,532112,0,242,158,27,0,6776,283,45545,0
242,159,82532,0,242,159,27,0,6777,316,48400,0
242,160,1492128,0,242,160,27,0,6778,317,13730,0
242,161,925036,0,242,161,27,0,6779,38,8865,0
104,178,1379092,0,104,178,164,0,6781,248,22385,0
120,162,513698,0,120,162,36,0,6782,61,14496,0
143,277,472686,0,143,277,82,0,6783,312,30143,0
182,50,861102,0,182,50,39,0,6784,225,37578,0
242,168,168032,0,242,168,27,0,6785,319,59743,0
242,169,168032,0,242,169,27,0,6786,318,59602,0
242,172,18962,0,242,172,27,0,6789,323,48481,0
242,173,18962,0,242,173,27,0,6790,322,48472,0
242,174,901040,0,242,174,27,0,6791,422,49509,0
242,175,901040,0,242,175,27,0,6792,415,49436,0
242,176,506716,0,242,176,27,0,6793,209,42044,0
242,179,487264,0,242,179,27,0,6796,265,51246,0
242,181,52244,0,242,181,27,0,6798,336,62584,0
242,182,294574,0,242,182,27,0,6799,39,9977,0
56,160,305566,0,56,160,33,0,6801,317,12940,0
242,186,165110,0,242,186,27,0,6803,126,27161,0
56,178,1115782,0,56,178,33,0,6805,248,34424,0
242,191,590534,0,242,191,27,0,6808,340,62028,0
242,192,590534,0,242,192,27,0,6809,339,62018,0
242,193,341758,0,242,193,27,0,6810,407,71077,0
242,194,341758,0,242,194,27,0,6811,398,70040,0
122,98,536992,0,122,98,81,0,6816,334,60442,0
116,219,1135826,0,116,219,281,0,6818,257,11088,0
122,103,487314,0,122,103,81,0,6820,144,7346,0
122,105,201748,0,122,105,81,0,6822,185,35540,0
122,106,1100800,0,122,106,81,0,6823,267,10317,0
122,107,1100800,0,122,107,81,0,6824,266,10179,0
122,108,1702874,0,122,108,81,0,6825,386,15339,0
122,109,1702874,0,122,109,81,0,6826,375,15214,0
56,73,129472,0,56,73,33,0,6832,244,13636,0
56,77,901256,0,56,77,33,0,6835,333,60681,0
56,79,134790,0,56,79,33,0,6837,57,11447,0
56,80,305566,0,56,80,33,0,6838,101,11960,0
56,82,104250,0,56,82,33,0,6840,143,28210,0
