144,179,564776,0,144,179,103,0,20468,265,30343,0
261,179,560374,0,261,179,94,0,20471,265,51262,0
261,189,762378,0,261,189,94,0,20481,338,62103,0
261,190,762378,0,261,190,94,0,20482,337,62102,0
261,193,242906,0,261,193,94,0,20485,407,71089,0
261,194,242906,0,261,194,94,0,20486,398,70052,0
29,115,1392912,0,29,115,279,0,20489,227,43051,0
29,118,380692,0,29,118,279,0,20491,315,58150,0
29,119,971770,0,29,119,279,0,20492,335,60461,0
29,125,328420,0,29,125,279,0,20497,165,32043,0
29,126,5717336,0,29,126,279,0,20498,186,25964,0
29,129,495242,0,29,129,279,0,20501,387,68080,0
29,130,495242,0,29,130,279,0,20502,376,66771,0
29,131,1729392,0,29,131,279,0,20503,290,50571,0
29,132,1729392,0,29,132,279,0,20504,289,50563,0
52,36,1840036,0,52,36,280,0,20507,120,25803,0
261,219,181112,0,261,219,94,0,20508,257,49628,0
261,221,334368,0,261,221,94,0,20509,293,55597,0
261,228,144996,0,261,228,94,0,20515,135,28226,0
261,230,77084,0,261,230,94,0,20517,177,35854,0
261,237,28586,0,261,237,94,0,20524,418,72284,0
261,238,28586,0,261,238,94,0,20525,411,71443,0
80,96,700996,0,80,96,101,0,20526,263,50477,0
80,98,1772924,0,80,98,101,0,20527,334,60946,0
80,103,905356,0,80,103,101,0,20530,144,28491,0
80,105,1772924,0,80,105,101,0,20532,185,36109,0
80,106,387210,0,80,106,101,0,20533,267,50535,0
80,107,387210,0,80,107,101,0,20534,266,50524,0
138,94,606718,0,138,94,299,0,20546,261,28989,0
144,104,242328,0,144,104,103,0,20547,164,29245,0
144,106,1664548,0,144,106,103,0,20548,267,30300,0
144,107,1664548,0,144,107,103,0,20549,266,30299,0
144,110,968932,0,144,110,103,0,20552,271,50572,0
144,111,968932,0,144,111,103,0,20553,270,50564,0
58,104,702080,0,58,104,100,0,20558,164,33750,0
261,316,956580,0,261,316,94,0,20561,159,32756,0
261,320,20038,0,261,320,94,0,20565,171,35014,0
261,321,20430,0,261,321,94,0,20566,170,34906,0
261,322,977982,0,261,322,94,0,20567,173,33786,0
261,323,977982,0,261,323,94,0,20568,172,33785,0
261,329,560374,0,261,329,94,0,20574,259,50083,0
261,337,762378,0,261,337,94,0,20579,190,37732,0
261,338,762378,0,261,338,94,0,20580,189,37731,0
261,341,242906,0,261,341,94,0,20583,404,70720,0
261,342,242906,0,261,342,94,0,20584,395,69683,0
41,114,375862,0,41,114,210,0,20589,206,41361,0
261,351,776922,0,261,351,94,0,20592,364,50538,0
261,354,32704,0,261,354,94,0,20595,368,50542,0
261,357,814730,0,261,357,94,0,20598,369,50543,0
40,114,375862,0,40,114,211,0,20601,206,41360,0
261,364,776922,0,261,364,94,0,20604,351,50527,0
261,368,32704,0,261,368,94,0,20608,354,50530,0
261,369,814730,0,261,369,94,0,20609,357,50533,0
261,371,213064,0,261,371,94,0,20611,213,42584,0
261,372,1037932,0,261,372,94,0,20612,269,51813,0
261,373,178912,0,261,373,94,0,20613,288,55101,0
261,376,178912,0,261,376,94,0,20615,130,27700,0
261,378,321402,0,261,378,94,0,20617,390,68673,0
261,382,213064,0,261,382,94,0,20620,212,42476,0
261,383,1037932,0,261,383,94,0,20621,268,51712,0
261,384,178912,0,261,384,94,0,20622,287,55002,0
261,387,178912,0,261,387,94,0,20624,129,27601,0
261,390,321402,0,261,390,94,0,20627,378,67363,0
215,94,1309250,0,215,94,393,0,20629,261,25976,0
