4,157,665596,0,4,157,12,0,3863,264,3959,0
4,180,283838,0,4,180,12,0,3880,284,4243,0
4,191,1866616,0,4,191,12,0,3888,340,4972,0
4,192,1869746,0,4,192,12,0,3889,339,4962,0
4,193,473098,0,4,193,12,0,3890,407,5752,0
4,194,473098,0,4,194,12,0,3891,398,5651,0
4,195,1238578,0,4,195,12,0,3892,423,5928,0
4,196,1238578,0,4,196,12,0,3893,416,5847,0
4,220,530628,0,4,220,12,0,3894,275,4087,0
4,231,1076646,0,4,231,12,0,3903,358,5169,0
4,232,1076646,0,4,232,12,0,3904,345,5012,0
4,237,3066314,0,4,237,12,0,3909,418,5866,0
4,238,3068742,0,4,238,12,0,3910,411,5785,0
4,259,710060,0,4,259,12,0,3913,329,4806,0
4,268,478218,0,4,268,12,0,3921,383,5470,0
4,269,478218,0,4,269,12,0,3922,372,5341,0
4,287,891226,0,4,287,12,0,3936,384,5471,0
4,288,891226,0,4,288,12,0,3937,373,5342,0
4,312,1247692,0,4,312,12,0,3960,277,4121,0
4,341,823044,0,4,341,12,0,3987,404,5713,0
4,342,823044,0,4,342,12,0,3988,395,5612,0
4,343,562030,0,4,343,12,0,3989,420,5892,0
4,344,564110,0,4,344,12,0,3990,413,5811,0
4,352,3643614,0,4,352,12,0,3998,366,5285,0
4,366,3640486,0,4,366,12,0,4012,352,5118,0
4,373,3114956,0,4,373,12,0,4018,288,4291,0
4,377,1238952,0,4,377,12,0,4022,388,5543,0
4,378,758310,0,4,378,12,0,4023,390,5480,0
4,384,3114956,0,4,384,12,0,4027,287,4282,0
4,388,1230300,0,4,388,12,0,4031,377,5414,0
4,390,755882,0,4,390,12,0,4033,378,5350,0
5,32,644822,0,5,32,13,0,4072,331,4839,0
5,44,2475826,0,5,44,13,0,4081,405,5725,0
5,45,2475826,0,5,45,13,0,4082,396,5624,0
5,150,387822,0,5,150,13,0,4114,305,4511,0
5,151,387822,0,5,151,13,0,4115,304,4500,0
5,152,54112,0,5,152,13,0,4116,406,5740,0
5,153,54112,0,5,153,13,0,4117,397,5639,0
5,159,710060,0,5,159,13,0,4122,316,4647,0
5,181,1453028,0,5,181,13,0,4141,336,4922,0
5,193,1608772,0,5,193,13,0,4150,407,4832,0
5,194,1608772,0,5,194,13,0,4151,398,4831,0
5,195,1520218,0,5,195,13,0,4152,423,4830,0
5,196,1520218,0,5,196,13,0,4153,416,4829,0
5,222,644822,0,5,222,13,0,4174,327,4772,0
5,278,1453028,0,5,278,13,0,4194,330,4824,0
5,341,1088562,0,5,341,13,0,4255,404,5714,0
5,342,1088562,0,5,342,13,0,4256,395,5613,0
5,377,1525872,0,5,377,13,0,4286,388,5544,0
5,381,246722,0,5,381,13,0,4289,391,5497,0
5,388,1534970,0,5,388,13,0,4295,377,5415,0
5,391,236214,0,5,391,13,0,4297,381,5369,0
5,412,1241144,0,5,412,13,0,4318,325,4596,0
5,419,1241144,0,5,419,13,0,4325,324,4595,0
6,55,1478898,0,6,55,14,0,4336,332,4857,0
6,63,2564060,0,6,63,14,0,4341,361,5218,0
6,64,2564060,0,6,64,14,0,4342,348,5061,0
6,69,337860,0,6,69,14,0,4347,421,5905,0
6,70,336828,0,6,70,14,0,4348,414,5824,0
6,118,1988648,0,6,118,14,0,4364,315,4631,0
6,127,3988392,0,6,127,14,0,4371,363,5248,0
6,128,3988392,0,6,128,14,0,4372,350,5091,0
6,231,2385434,0,6,231,14,0,4389,358,5171,0
6,232,2385434,0,6,232,14,0,4390,345,5014,0
