222,357,336774,0,222,357,327,0,60766,369,66583,0
222,364,139766,0,222,364,327,0,60772,351,64544,0
222,367,1489186,0,222,367,327,0,60774,355,64178,0
222,369,336774,0,222,369,327,0,60776,357,65046,0
192,69,1175616,0,192,69,339,0,60786,421,69247,0
191,70,1175616,0,191,70,340,0,60797,414,67886,0
222,417,169952,0,222,417,327,0,60819,424,72994,0
222,424,169952,0,222,424,327,0,60825,417,72153,0
241,32,105428,0,241,32,328,0,60832,331,61552,0
241,44,436954,0,241,44,328,0,60839,405,70832,0
241,45,436954,0,241,45,328,0,60840,396,69795,0
241,127,53888,0,241,127,328,0,60884,363,65837,0
241,128,53888,0,241,128,328,0,60885,350,64244,0
241,212,598750,0,241,212,328,0,60922,382,68066,0
241,213,598750,0,241,213,328,0,60923,371,66757,0
191,85,452692,0,191,85,340,0,60996,362,65806,0
241,357,1368356,0,241,357,328,0,60999,369,65904,0
192,86,452692,0,192,86,339,0,61006,349,64213,0
241,369,1368356,0,241,369,328,0,61009,357,64316,0
259,55,203350,0,259,55,329,0,61064,332,61767,0
259,69,150226,0,259,69,329,0,61073,421,72673,0
259,70,150226,0,259,70,329,0,61074,414,71832,0
259,129,390480,0,259,129,329,0,61101,387,68678,0
259,130,390480,0,259,130,329,0,61102,376,67369,0
259,174,245386,0,259,174,329,0,61122,422,72776,0
259,175,245386,0,259,175,329,0,61123,415,71935,0
259,231,638580,0,259,231,329,0,61150,358,65178,0
259,232,638580,0,259,232,329,0,61151,345,63585,0
259,237,67546,0,259,237,329,0,61156,418,72283,0
259,238,67546,0,259,238,329,0,61157,411,71442,0
259,341,136694,0,259,341,329,0,61198,404,70718,0
259,342,136694,0,259,342,329,0,61199,395,69681,0
190,109,200360,0,190,109,337,0,61210,375,66276,0
189,108,200360,0,189,108,338,0,61221,386,64771,0
259,377,177500,0,259,377,329,0,61231,388,68968,0
259,379,996140,0,259,379,329,0,61233,389,68716,0
259,388,177500,0,259,388,329,0,61240,377,67659,0
259,389,996140,0,259,389,329,0,61241,379,67413,0
278,42,731188,0,278,42,330,0,61282,385,68568,0
278,43,731188,0,278,43,330,0,61283,374,67259,0
278,44,1073952,0,278,44,330,0,61284,405,70845,0
278,45,1073952,0,278,45,330,0,61285,396,69808,0
278,69,271896,0,278,69,330,0,61302,421,72685,0
278,70,271896,0,278,70,330,0,61303,414,71844,0
278,214,130832,0,278,214,330,0,61338,402,70423,0
278,215,130832,0,278,215,330,0,61339,393,69386,0
77,127,432338,0,77,127,333,0,61364,363,65351,0
77,128,432338,0,77,128,333,0,61365,350,63758,0
98,129,783194,0,98,129,334,0,61378,387,68230,0
98,130,783194,0,98,130,334,0,61379,376,66921,0
32,55,246044,0,32,55,331,0,61457,332,61674,0
32,77,442548,0,32,77,331,0,61473,333,61888,0
32,85,143742,0,32,85,331,0,61477,362,65786,0
32,86,143742,0,32,86,331,0,61478,349,64193,0
32,119,25038,0,32,119,331,0,61488,335,62231,0
32,129,352516,0,32,129,331,0,61495,387,68738,0
32,130,352516,0,32,130,331,0,61496,376,67429,0
32,214,179918,0,32,214,331,0,61529,402,70320,0
32,215,179918,0,32,215,331,0,61530,393,69283,0
32,285,106378,0,32,285,331,0,61575,360,65421,0
32,286,106378,0,32,286,331,0,61576,347,63828,0
32,355,642112,0,32,355,331,0,61609,367,66417,0
32,367,642112,0,32,367,331,0,61619,355,64892,0
32,377,270298,0,32,377,331,0,61627,388,68910,0
