1,173,1410512,0,1,173,9,0,3071,322,4721,0
1,177,644822,0,1,177,9,0,3074,230,3514,0
1,180,3283218,0,1,180,9,0,3076,284,4240,0
1,181,2439320,0,1,181,9,0,3077,336,4918,0
1,191,2408614,0,1,191,9,0,3087,340,4971,0
1,192,2402688,0,1,192,9,0,3088,339,4961,0
1,195,1489102,0,1,195,9,0,3091,423,5925,0
1,196,1489102,0,1,196,9,0,3092,416,5844,0
1,197,1453028,0,1,197,9,0,3093,218,3305,0
1,199,904628,0,1,199,9,0,3095,274,4067,0
1,201,728134,0,1,201,9,0,3097,326,4751,0
1,220,3240612,0,1,220,9,0,3116,275,4085,0
1,222,5130106,0,1,222,9,0,3118,327,4769,0
1,275,644822,0,1,275,9,0,3169,220,3341,0
1,285,141298,0,1,285,9,0,3178,360,5199,0
1,286,141298,0,1,286,9,0,3179,347,5042,0
1,287,72560,0,1,287,9,0,3180,384,5482,0
1,288,72560,0,1,288,9,0,3181,373,5353,0
1,306,1457938,0,1,306,9,0,3198,403,5686,0
1,307,1457938,0,1,307,9,0,3199,394,5585,0
1,324,927430,0,1,324,9,0,3214,419,5879,0
1,325,917858,0,1,325,9,0,3215,412,5798,0
1,329,2539498,0,1,329,9,0,3218,259,3877,0
1,330,14746,0,1,330,9,0,3219,278,4136,0
1,343,960558,0,1,343,9,0,3231,420,5889,0
1,344,969154,0,1,344,9,0,3232,413,5808,0
1,346,1641786,0,1,346,9,0,3234,250,3615,0
1,347,2589982,0,1,347,9,0,3235,286,4078,0
1,359,1634830,0,1,359,9,0,3246,249,3614,0
1,360,2589982,0,1,360,9,0,3247,285,4077,0
1,372,839646,0,1,372,9,0,3257,269,4026,0
1,377,1050028,0,1,377,9,0,3262,388,5542,0
1,380,1337128,0,1,380,9,0,3265,392,5468,0
1,383,839646,0,1,383,9,0,3267,268,4017,0
1,388,1054920,0,1,388,9,0,3272,377,5413,0
1,392,1365274,0,1,392,9,0,3276,380,5338,0
1,394,3113950,0,1,394,9,0,3277,307,4528,0
1,395,190206,0,1,395,9,0,3278,342,4989,0
1,399,2082618,0,1,399,9,0,3282,408,5762,0
1,400,2323326,0,1,400,9,0,3283,410,5697,0
1,403,3113950,0,1,403,9,0,3284,306,4520,0
1,404,190148,0,1,404,9,0,3285,341,4981,0
1,408,2082618,0,1,408,9,0,3289,399,5661,0
1,410,2323326,0,1,410,9,0,3290,400,5596,0
2,106,701058,0,2,106,10,0,3333,267,4004,0
2,107,701058,0,2,107,10,0,3334,266,3991,0
2,116,2439320,0,2,116,10,0,3342,281,4191,0
2,118,1158252,0,2,118,10,0,3344,315,4630,0
2,119,3283218,0,2,119,10,0,3345,335,4901,0
2,129,259612,0,2,129,10,0,3352,387,5527,0
2,130,259612,0,2,130,10,0,3353,376,5398,0
2,133,522368,0,2,133,10,0,3356,292,4324,0
2,134,522368,0,2,134,10,0,3357,291,4317,0
2,136,1247692,0,2,136,10,0,3358,246,3719,0
2,138,710060,0,2,138,10,0,3360,299,4429,0
2,180,1393724,0,2,180,10,0,3376,284,4241,0
2,181,2262826,0,2,181,10,0,3377,336,4919,0
2,198,671176,0,2,198,10,0,3393,239,3604,0
2,199,5130106,0,2,199,10,0,3394,274,4068,0
2,201,3240612,0,2,201,10,0,3396,326,4752,0
2,212,733372,0,2,212,10,0,3407,382,5453,0
2,213,733372,0,2,213,10,0,3408,371,5324,0
2,214,574186,0,2,214,10,0,3409,402,5683,0
2,215,580926,0,2,215,10,0,3410,393,5582,0
