159,63,1729392,0,159,63,316,0,14564,361,32834,0
159,64,1729392,0,159,64,316,0,14565,348,32821,0
159,65,63328,0,159,65,316,0,14566,234,32733,0
159,66,58970,0,159,66,316,0,14567,233,32732,0
159,69,495242,0,159,69,316,0,14570,421,72388,0
159,70,495242,0,159,70,316,0,14571,414,71547,0
162,334,203046,0,162,334,61,0,14576,98,21294,0
162,335,6280,0,162,335,61,0,14577,119,25302,0
162,337,314480,0,162,337,61,0,14579,190,33056,0
162,338,314480,0,162,338,61,0,14580,189,33044,0
162,339,547488,0,162,339,61,0,14581,192,32976,0
162,340,548334,0,162,340,61,0,14582,191,32975,0
162,343,475540,0,162,343,61,0,14585,420,72396,0
162,344,475540,0,162,344,61,0,14586,413,71555,0
162,346,454260,0,162,346,61,0,14588,250,33690,0
162,350,372834,0,162,350,61,0,14591,128,25443,0
162,352,1135530,0,162,352,61,0,14593,366,34759,0
162,355,111180,0,162,355,61,0,14595,367,34760,0
162,359,454260,0,162,359,61,0,14599,249,33679,0
162,363,372834,0,162,363,61,0,14602,127,25430,0
162,366,1150486,0,162,366,61,0,14604,352,34613,0
162,367,111180,0,162,367,61,0,14605,355,34615,0
162,372,961036,0,162,372,61,0,14610,269,49849,0
88,125,252952,0,88,125,251,0,14611,165,17291,0
162,376,708866,0,162,376,61,0,14614,130,25345,0
162,378,2010024,0,162,378,61,0,14616,390,33527,0
162,379,987206,0,162,379,61,0,14617,389,33526,0
162,381,604188,0,162,381,61,0,14618,391,69189,0
162,383,961036,0,162,383,61,0,14620,268,49848,0
87,125,252952,0,87,125,252,0,14621,165,17290,0
162,387,708866,0,162,387,61,0,14624,129,25344,0
162,389,977634,0,162,389,61,0,14626,379,33518,0
162,390,2000452,0,162,390,61,0,14627,378,33517,0
162,391,604188,0,162,391,61,0,14628,381,67932,0
162,393,524690,0,162,393,61,0,14629,215,39966,0
162,394,859164,0,162,394,61,0,14630,307,34190,0
90,178,2045980,0,90,178,253,0,14631,248,34420,0
153,62,1419094,0,153,62,397,0,14633,183,29225,0
162,401,478356,0,162,401,61,0,14636,409,71242,0
162,402,524690,0,162,402,61,0,14637,214,39965,0
162,403,859164,0,162,403,61,0,14638,306,34189,0
89,178,2045980,0,89,178,254,0,14639,248,34419,0
152,62,1419094,0,152,62,406,0,14641,183,29224,0
162,409,478356,0,162,409,61,0,14644,401,70261,0
162,416,1046892,0,162,416,61,0,14648,196,39096,0
162,417,329328,0,162,417,61,0,14649,424,72973,0
162,423,1046892,0,162,423,61,0,14653,195,39031,0
162,424,329328,0,162,424,61,0,14654,417,72132,0
183,29,275558,0,183,29,62,0,14658,279,53389,0
183,40,394550,0,183,40,62,0,14664,211,40291,0
183,41,394550,0,183,41,62,0,14665,210,40280,0
183,42,338860,0,183,42,62,0,14666,385,68503,0
183,43,338860,0,183,43,62,0,14667,374,67194,0
183,46,74192,0,183,46,62,0,14670,217,42898,0
183,47,74192,0,183,47,62,0,14671,216,42823,0
183,65,687976,0,183,65,62,0,14684,234,43951,0
183,66,687976,0,183,66,62,0,14685,233,43950,0
163,329,1766180,0,163,329,83,0,14692,259,47784,0
163,336,74138,0,163,336,83,0,14699,181,32935,0
163,337,542290,0,163,337,83,0,14700,190,33057,0
163,338,542290,0,163,338,83,0,14701,189,33045,0
163,339,246528,0,163,339,83,0,14702,192,32992,0
163,340,241120,0,163,340,83,0,14703,191,32991,0
163,343,1070950,0,163,343,83,0,14706,420,49490,0
