164,127,553792,0,164,127,104,0,22902,363,33848,0
164,128,553792,0,164,128,104,0,22903,350,33835,0
65,104,490004,0,65,104,234,0,22908,164,33756,0
66,104,490004,0,66,104,233,0,22909,164,33757,0
164,198,144854,0,164,198,104,0,22910,239,33618,0
55,104,1398606,0,55,104,332,0,22911,164,33749,0
164,206,401154,0,164,206,104,0,22916,114,24190,0
164,208,702080,0,164,208,104,0,22917,156,32012,0
164,209,374946,0,164,209,104,0,22918,176,32999,0
164,214,1385548,0,164,214,104,0,22923,402,33890,0
164,215,1385548,0,164,215,104,0,22924,393,33881,0
164,257,788752,0,164,257,104,0,22927,219,33432,0
164,259,925334,0,164,259,104,0,22928,329,34442,0
164,265,925334,0,164,265,104,0,22932,179,33004,0
164,310,127120,0,164,310,104,0,22941,200,39925,0
164,311,374978,0,164,311,104,0,22942,258,49812,0
164,318,977982,0,164,318,104,0,22948,169,32761,0
164,319,977982,0,164,319,104,0,22949,168,32760,0
164,321,1504,0,164,321,104,0,22951,170,32848,0
164,329,789612,0,164,329,104,0,22956,259,49829,0
164,330,488716,0,164,330,104,0,22957,278,52960,0
164,337,1420950,0,164,337,104,0,22963,190,33006,0
164,338,1420950,0,164,338,104,0,22964,189,33005,0
164,339,796328,0,164,339,104,0,22965,192,33078,0
164,340,801736,0,164,340,104,0,22966,191,33069,0
164,343,720138,0,164,343,104,0,22969,420,72397,0
164,344,720138,0,164,344,104,0,22970,413,71556,0
164,345,1186184,0,164,345,104,0,22971,232,33435,0
164,346,378910,0,164,346,104,0,22972,250,33623,0
64,104,1385548,0,64,104,348,0,22973,164,33755,0
164,350,1385548,0,164,350,104,0,22976,128,25371,0
164,351,1270578,0,164,351,104,0,22977,364,33854,0
164,352,2191288,0,164,352,104,0,22978,366,34817,0
164,353,618374,0,164,353,104,0,22979,365,34808,0
164,354,451786,0,164,354,104,0,22980,368,33858,0
164,355,1038138,0,164,355,104,0,22981,367,33857,0
164,356,135662,0,164,356,104,0,22982,370,33855,0
164,358,1186184,0,164,358,104,0,22984,231,33434,0
164,359,378910,0,164,359,104,0,22985,249,33622,0
63,104,1385548,0,63,104,361,0,22986,164,33754,0
164,363,1385548,0,164,363,104,0,22989,127,25370,0
164,364,1270578,0,164,364,104,0,22990,351,33841,0
164,365,633640,0,164,365,104,0,22991,353,34671,0
164,366,2176022,0,164,366,104,0,22992,352,34662,0
164,367,1038138,0,164,367,104,0,22993,355,33845,0
164,368,451786,0,164,368,104,0,22994,354,33844,0
164,370,135662,0,164,370,104,0,22996,356,33843,0
164,371,210002,0,164,371,104,0,22997,213,40058,0
164,373,780408,0,164,373,104,0,22999,288,53075,0
164,376,780408,0,164,376,104,0,23002,130,25466,0
164,377,1143556,0,164,377,104,0,23003,388,35040,0
164,382,210002,0,164,382,104,0,23007,212,40048,0
164,384,780408,0,164,384,104,0,23009,287,53066,0
164,387,780408,0,164,387,104,0,23012,129,25457,0
164,388,1141610,0,164,388,104,0,23013,377,34932,0
164,393,553792,0,164,393,104,0,23017,215,33832,0
164,394,193876,0,164,394,104,0,23018,307,33815,0
164,395,210208,0,164,395,104,0,23019,342,34449,0
153,104,1462068,0,153,104,397,0,23021,164,29253,0
164,398,210208,0,164,398,104,0,23022,194,33010,0
164,399,832640,0,164,399,104,0,23023,408,33894,0
164,402,553792,0,164,402,104,0,23026,214,33831,0
164,403,193876,0,164,403,104,0,23027,306,33814,0
164,404,210208,0,164,404,104,0,23028,341,34448,0
