145,390,451318,0,145,390,124,0,26830,378,67737,0
145,391,668358,0,145,391,124,0,26831,381,31436,0
145,392,822534,0,145,392,124,0,26832,380,31435,0
145,393,305150,0,145,393,124,0,26833,215,42726,0
145,397,826750,0,145,397,124,0,26836,153,31707,0
145,400,112852,0,145,400,124,0,26839,410,30600,0
145,401,936442,0,145,401,124,0,26840,409,70575,0
145,402,305150,0,145,402,124,0,26841,214,42651,0
145,406,826750,0,145,406,124,0,26844,152,31620,0
145,409,936442,0,145,409,124,0,26847,401,69538,0
145,410,112852,0,145,410,124,0,26848,400,30610,0
145,411,99296,0,145,411,124,0,26849,238,43760,0
145,412,139102,0,145,412,124,0,26850,325,30735,0
145,413,35226,0,145,413,124,0,26851,344,30986,0
145,415,764126,0,145,415,124,0,26853,175,29272,0
145,416,125062,0,145,416,124,0,26854,196,29497,0
145,418,99296,0,145,418,124,0,26856,237,43759,0
145,419,139102,0,145,419,124,0,26857,324,30734,0
145,420,35226,0,145,420,124,0,26858,343,30985,0
145,422,764126,0,145,422,124,0,26860,174,29271,0
145,423,125062,0,145,423,124,0,26861,195,29496,0
165,29,536258,0,165,29,125,0,26867,279,53374,0
165,40,319688,0,165,40,125,0,26873,211,40037,0
165,41,319688,0,165,41,125,0,26874,210,40025,0
165,42,67546,0,165,42,125,0,26875,385,68493,0
165,43,67546,0,165,43,125,0,26876,374,67184,0
165,44,638580,0,165,44,125,0,26877,405,70781,0
165,45,638580,0,165,45,125,0,26878,396,69744,0
165,94,702080,0,165,94,125,0,26881,261,50263,0
165,95,374946,0,165,95,125,0,26882,262,50629,0
165,106,1385548,0,165,106,125,0,26883,267,49902,0
165,107,1385548,0,165,107,125,0,26884,266,49889,0
165,108,490004,0,165,108,125,0,26885,386,44873,0
165,109,490004,0,165,109,125,0,26886,375,44872,0
165,127,136694,0,165,127,125,0,26900,363,65957,0
165,128,136694,0,165,128,125,0,26901,350,64364,0
165,198,141608,0,165,198,125,0,26908,239,46695,0
165,199,281344,0,165,199,125,0,26909,274,52272,0
165,212,150226,0,165,212,125,0,26918,382,68049,0
165,213,150226,0,165,213,125,0,26919,371,66740,0
165,257,77228,0,165,257,125,0,26924,219,43255,0
165,268,245386,0,165,268,125,0,26932,383,68191,0
165,269,245386,0,165,269,125,0,26933,372,66882,0
165,322,762378,0,165,322,125,0,26949,173,32783,0
165,323,762378,0,165,323,125,0,26950,172,32782,0
165,337,496212,0,165,337,125,0,26960,190,33058,0
165,338,496212,0,165,338,125,0,26961,189,33046,0
165,339,1198292,0,165,339,125,0,26962,192,33079,0
165,340,1198292,0,165,340,125,0,26963,191,33070,0
165,341,1052952,0,165,341,125,0,26964,404,33021,0
165,342,1052952,0,165,342,125,0,26965,395,33022,0
165,343,390480,0,165,343,125,0,26966,420,72398,0
165,344,390480,0,165,344,125,0,26967,413,71557,0
165,345,1293574,0,165,345,125,0,26968,232,33504,0
165,346,372,0,165,346,125,0,26969,250,33692,0
165,351,190014,0,165,351,125,0,26974,364,34797,0
165,352,1138846,0,165,352,125,0,26975,366,34818,0
165,353,1027814,0,165,353,125,0,26976,365,34809,0
165,355,1060284,0,165,355,125,0,26978,367,34789,0
165,356,1438038,0,165,356,125,0,26979,370,66619,0
165,357,298932,0,165,357,125,0,26980,369,35032,0
165,358,1293574,0,165,358,125,0,26981,231,33493,0
165,359,372,0,165,359,125,0,26982,249,33681,0
165,364,190014,0,165,364,125,0,26987,351,34651,0
