140,54,2400208,0,140,54,301,0,12831,229,29970,0
222,189,1309250,0,222,189,327,0,12832,338,59317,0
222,190,1309250,0,222,190,327,0,12833,337,59305,0
192,55,58970,0,192,55,339,0,12834,332,45568,0
191,55,63328,0,191,55,340,0,12835,332,45567,0
222,195,436460,0,222,195,327,0,12838,423,72708,0
222,196,436460,0,222,196,327,0,12839,416,71867,0
229,179,277524,0,229,179,54,0,12840,265,51077,0
229,180,618668,0,229,180,54,0,12841,284,54373,0
229,183,2710942,0,229,183,54,0,12844,62,14575,0
79,183,798002,0,79,183,57,0,12845,62,14696,0
229,185,51374,0,229,185,54,0,12846,105,22959,0
140,55,1319686,0,140,55,301,0,12848,332,30754,0
229,191,548334,0,229,191,54,0,12851,340,59426,0
229,192,547488,0,229,192,54,0,12852,339,59425,0
229,193,465130,0,229,193,54,0,12853,407,60184,0
229,194,465130,0,229,194,54,0,12854,398,60098,0
229,199,527516,0,229,199,54,0,12859,274,52307,0
229,201,283908,0,229,201,54,0,12861,326,60431,0
229,206,134820,0,229,206,54,0,12866,114,24230,0
72,54,669944,0,72,54,243,0,12879,229,16145,0
77,185,408442,0,77,185,333,0,12880,105,16429,0
77,189,1838418,0,77,189,333,0,12882,338,59704,0
77,190,1838418,0,77,190,333,0,12883,337,59563,0
77,195,1236344,0,77,195,333,0,12888,423,20092,0
77,196,1236344,0,77,196,333,0,12889,416,20012,0
121,164,161996,0,121,164,59,0,12890,104,22898,0
100,164,1114692,0,100,164,58,0,12891,104,22587,0
104,50,1690042,0,104,50,164,0,12893,225,20800,0
140,58,453630,0,140,58,301,0,12894,100,21075,0
229,266,1186184,0,229,266,54,0,12896,107,22987,0
229,267,1186184,0,229,267,54,0,12897,106,22974,0
229,268,82752,0,229,268,54,0,12898,383,23037,0
229,269,82752,0,229,269,54,0,12899,372,23043,0
229,270,532974,0,229,270,54,0,12900,111,22195,0
229,271,532974,0,229,271,54,0,12901,110,22194,0
122,156,1333454,0,122,156,81,0,12904,208,39774,0
79,277,1755238,0,79,277,57,0,12905,312,18907,0
122,139,734542,0,122,139,81,0,12906,300,55950,0
122,159,1664718,0,122,159,81,0,12907,316,48399,0
118,183,2403188,0,118,183,315,0,12908,62,13729,0
122,166,890904,0,122,166,81,0,12912,146,28737,0
122,170,906712,0,122,170,81,0,12916,321,48461,0
122,171,906712,0,122,171,81,0,12917,320,48451,0
140,50,1690042,0,140,50,301,0,12922,225,37473,0
140,57,657600,0,140,57,301,0,12924,79,16981,0
140,59,1739090,0,140,59,301,0,12925,121,25064,0
140,60,1848892,0,140,60,301,0,12926,142,28961,0
140,62,1940844,0,140,62,301,0,12927,183,28441,0
140,63,591520,0,140,63,301,0,12928,361,30781,0
140,64,591520,0,140,64,301,0,12929,348,30769,0
140,69,378486,0,140,69,301,0,12934,421,31889,0
140,70,378486,0,140,70,301,0,12935,414,31815,0
160,63,808932,0,160,63,317,0,12945,361,31267,0
160,64,808932,0,160,64,317,0,12946,348,31129,0
160,65,1436266,0,160,65,317,0,12947,234,17560,0
160,66,1436266,0,160,66,317,0,12948,233,17559,0
160,69,1109132,0,160,69,317,0,12951,421,20077,0
160,70,1109132,0,160,70,317,0,12952,414,19997,0
229,347,1293574,0,229,347,54,0,12955,286,54401,0
229,349,454260,0,229,349,54,0,12956,86,18977,0
229,351,613960,0,229,351,54,0,12958,364,59772,0
229,352,1903682,0,229,352,54,0,12959,366,59738,0
229,355,821626,0,229,355,54,0,12961,367,59739,0
