134,140,1061392,0,134,140,291,0,52892,301,57076,0
134,154,237250,0,134,154,291,0,52896,309,56068,0
133,139,764126,0,133,139,292,0,52898,300,56921,0
133,140,1061392,0,133,140,292,0,52899,301,57075,0
133,155,237250,0,133,155,292,0,52903,308,56062,0
312,29,2974,0,312,29,277,0,52908,279,53486,0
312,42,355700,0,312,42,277,0,52915,385,68579,0
312,43,355700,0,312,43,277,0,52916,374,67270,0
312,44,529410,0,312,44,277,0,52917,405,70865,0
312,45,529410,0,312,45,277,0,52918,396,69828,0
312,108,245386,0,312,108,277,0,52932,386,68687,0
312,109,245386,0,312,109,277,0,52933,375,67378,0
132,159,762378,0,132,159,289,0,52951,316,59237,0
131,159,762378,0,131,159,290,0,52952,316,59236,0
312,189,464900,0,312,189,277,0,52963,338,59492,0
312,190,464900,0,312,190,277,0,52964,337,59481,0
312,191,2198072,0,312,191,277,0,52965,340,59511,0
312,192,2198072,0,312,192,277,0,52966,339,59503,0
312,195,783194,0,312,195,277,0,52969,423,72802,0
312,196,783194,0,312,196,277,0,52970,416,71961,0
137,172,901040,0,137,172,282,0,53016,323,60140,0
137,173,901040,0,137,173,282,0,53017,322,60054,0
312,352,1113278,0,312,352,277,0,53043,366,59792,0
128,175,971778,0,128,175,350,0,53044,415,59784,0
132,168,311820,0,132,168,289,0,53045,319,59727,0
128,170,17768,0,128,170,350,0,53047,321,59969,0
312,357,1514378,0,312,357,277,0,53048,369,66593,0
127,174,971778,0,127,174,363,0,53056,422,59652,0
312,366,1113278,0,312,366,277,0,53057,352,59642,0
131,169,311820,0,131,169,290,0,53059,318,59585,0
312,369,1514378,0,312,369,277,0,53060,357,65056,0
127,171,17768,0,127,171,363,0,53061,320,59862,0
77,404,1110688,0,77,404,333,0,53064,341,54422,0
131,170,653294,0,131,170,290,0,53069,321,59971,0
77,395,1110688,0,77,395,333,0,53073,342,54413,0
132,171,653294,0,132,171,289,0,53078,320,59865,0
132,139,539988,0,132,139,289,0,53081,300,56920,0
132,160,793486,0,132,160,289,0,53082,317,59397,0
130,412,1071026,0,130,412,376,0,53087,325,58571,0
131,139,539988,0,131,139,290,0,53090,300,56919,0
131,160,793486,0,131,160,290,0,53091,317,59396,0
129,419,1071026,0,129,419,387,0,53097,324,58561,0
312,417,177500,0,312,417,277,0,53103,424,73006,0
312,424,177500,0,312,424,277,0,53109,417,72165,0
32,278,551012,0,32,278,331,0,53114,330,53502,0
330,31,105368,0,330,31,278,0,53115,313,58730,0
330,42,271896,0,330,42,278,0,53124,385,68590,0
330,43,271896,0,330,43,278,0,53125,374,67281,0
55,278,551012,0,55,278,332,0,53134,330,53735,0
330,63,1073952,0,330,63,278,0,53142,361,65735,0
330,64,1073952,0,330,64,278,0,53143,348,64142,0
330,69,731188,0,330,69,278,0,53148,421,72714,0
330,70,731188,0,330,70,278,0,53149,414,71873,0
118,189,136680,0,118,189,315,0,53156,338,62880,0
118,190,136680,0,118,190,315,0,53157,337,62752,0
117,160,49994,0,117,160,298,0,53166,317,58909,0
117,191,207830,0,117,191,298,0,53171,340,63109,0
117,192,207830,0,117,192,298,0,53172,339,63005,0
119,180,52800,0,119,180,335,0,53179,284,53996,0
119,140,234846,0,119,140,335,0,53180,301,56615,0
119,189,252564,0,119,189,335,0,53187,338,62881,0
119,190,252564,0,119,190,335,0,53188,337,62753,0
119,191,40832,0,119,191,335,0,53189,340,63110,0
119,192,40832,0,119,192,335,0,53190,339,63006,0
