58,327,20506,0,58,327,100,0,21281,222,38289,0
267,159,558506,0,267,159,106,0,21282,316,59265,0
266,159,558506,0,266,159,107,0,21283,316,59264,0
314,181,582702,0,314,181,97,0,21292,336,59469,0
38,264,353812,0,38,264,161,0,21296,157,22960,0
314,186,148128,0,314,186,97,0,21297,126,26957,0
314,191,1015514,0,314,191,97,0,21301,340,59513,0
314,192,1015514,0,314,192,97,0,21302,339,59505,0
314,193,582896,0,314,193,97,0,21303,407,60185,0
314,194,582896,0,314,194,97,0,21304,398,60099,0
314,200,87620,0,314,200,97,0,21310,310,58180,0
314,201,203066,0,314,201,97,0,21311,326,60490,0
314,206,654410,0,314,206,97,0,21316,114,24276,0
314,214,20640,0,314,214,97,0,21322,402,70443,0
314,215,20640,0,314,215,97,0,21323,393,69406,0
58,156,426098,0,58,156,100,0,21326,208,39321,0
58,157,257056,0,58,157,100,0,21327,264,49674,0
58,165,334050,0,58,165,100,0,21331,125,24523,0
58,168,160488,0,58,168,100,0,21334,319,59690,0
58,169,160488,0,58,169,100,0,21335,318,59549,0
80,156,673524,0,80,156,101,0,21342,208,39555,0
80,166,1702902,0,80,166,101,0,21348,146,28522,0
80,168,216512,0,80,168,101,0,21350,319,58938,0
80,169,216512,0,80,169,101,0,21351,318,58925,0
104,320,1876864,0,104,320,164,0,21365,171,22939,0
104,321,1879520,0,104,321,164,0,21366,170,22940,0
314,285,188706,0,314,285,97,0,21381,360,65555,0
314,286,188706,0,314,286,97,0,21382,347,63962,0
314,291,130188,0,314,291,97,0,21387,134,28060,0
314,292,130188,0,314,292,97,0,21388,133,27983,0
138,97,1150512,0,138,97,299,0,21394,314,29022,0
144,170,1533120,0,144,170,103,0,21397,321,30804,0
144,171,1533120,0,144,171,103,0,21398,320,30794,0
144,172,113666,0,144,172,103,0,21399,323,58978,0
144,173,113666,0,144,173,103,0,21400,322,58969,0
144,174,1247394,0,144,174,103,0,21401,422,31896,0
144,175,1247394,0,144,175,103,0,21402,415,31822,0
185,156,248578,0,185,156,105,0,21403,208,40266,0
185,54,203046,0,185,54,105,0,21404,229,44020,0
185,158,148128,0,185,158,105,0,21406,283,53268,0
104,38,353812,0,104,38,164,0,21410,161,21712,0
185,167,582702,0,185,167,105,0,21412,188,36897,0
185,170,1015514,0,185,170,105,0,21415,321,38333,0
185,171,1015514,0,185,171,105,0,21416,320,38325,0
185,172,582896,0,185,172,105,0,21417,323,60155,0
185,173,582896,0,185,173,105,0,21418,322,60069,0
267,158,128878,0,267,158,106,0,21423,283,54332,0
267,165,128878,0,267,165,106,0,21426,125,26931,0
267,168,359058,0,267,168,106,0,21427,319,58943,0
267,170,7400,0,267,170,106,0,21428,321,59794,0
267,171,348716,0,267,171,106,0,21429,320,59785,0
267,175,91874,0,267,175,106,0,21433,415,66594,0
266,158,128878,0,266,158,107,0,21436,283,54331,0
266,165,128878,0,266,165,107,0,21439,125,26930,0
266,169,359058,0,266,169,107,0,21440,318,58930,0
266,170,348716,0,266,170,107,0,21441,321,59653,0
266,171,7400,0,266,171,107,0,21442,320,59644,0
266,174,91874,0,266,174,107,0,21445,422,65057,0
314,371,1472734,0,314,371,97,0,21447,213,41907,0
314,372,307972,0,314,372,97,0,21448,269,51129,0
314,373,556466,0,314,373,97,0,21449,288,54424,0
104,415,974524,0,104,415,164,0,21451,175,23011,0
314,376,556466,0,314,376,97,0,21452,130,27007,0
269,174,902704,0,269,174,372,0,21453,422,60013,0
