250,371,1551520,0,250,371,346,0,19877,213,41126,0
253,43,422854,0,253,43,90,0,19878,374,67244,0
253,45,348008,0,253,45,90,0,19879,396,69805,0
253,135,134340,0,253,135,90,0,19881,228,45347,0
253,137,502824,0,253,137,90,0,19883,282,54141,0
253,138,54298,0,253,138,90,0,19884,299,56775,0
253,140,876,0,253,140,90,0,19885,301,57118,0
253,145,502824,0,253,145,90,0,19888,124,26740,0
253,147,876,0,253,147,90,0,19889,187,38101,0
253,153,662050,0,253,153,90,0,19890,397,69916,0
253,154,204934,0,253,154,90,0,19891,309,56478,0
253,155,862058,0,253,155,90,0,19892,308,56477,0
253,179,342916,0,253,179,90,0,19896,265,51256,0
253,181,104710,0,253,181,90,0,19898,336,62594,0
253,185,257192,0,253,185,90,0,19902,105,23172,0
253,194,443112,0,253,194,90,0,19904,398,70047,0
250,413,2990248,0,250,413,346,0,19905,344,62014,0
253,196,328826,0,253,196,90,0,19906,416,72055,0
253,200,296196,0,253,200,90,0,19909,310,58143,0
253,208,568132,0,253,208,90,0,19916,156,32035,0
253,212,865818,0,253,212,90,0,19918,382,68073,0
253,299,20430,0,253,299,90,0,19927,138,28982,0
253,309,172568,0,253,309,90,0,19931,154,30223,0
253,326,289896,0,253,326,90,0,19932,201,40215,0
253,329,342916,0,253,329,90,0,19935,259,50075,0
253,334,257192,0,253,334,90,0,19938,98,21661,0
253,336,104710,0,253,336,90,0,19940,181,36843,0
253,343,1364634,0,253,343,90,0,19942,420,72558,0
250,423,1112878,0,250,423,346,0,19943,195,37609,0
250,153,681814,0,250,153,346,0,19945,397,56476,0
253,406,1174960,0,253,406,90,0,19948,152,30222,0
253,407,882518,0,253,407,90,0,19949,193,37636,0
253,409,1659396,0,253,409,90,0,19951,401,49281,0
253,410,183050,0,253,410,90,0,19952,400,49280,0
253,412,310918,0,253,412,90,0,19953,325,48477,0
250,343,148612,0,250,343,346,0,19957,420,37638,0
253,417,1190790,0,253,417,90,0,19958,424,49293,0
250,196,635296,0,250,196,346,0,19961,416,62041,0
174,90,866346,0,174,90,422,0,19962,253,33723,0
253,423,69642,0,253,423,90,0,19963,195,37637,0
238,50,1607800,0,238,50,411,0,19966,225,44519,0
238,75,582896,0,238,75,411,0,19969,297,56153,0
238,76,594554,0,238,76,411,0,19970,247,44776,0
238,77,536528,0,238,77,411,0,19971,333,48426,0
102,411,799784,0,102,411,123,0,19972,238,22149,0
238,81,234488,0,238,81,411,0,19973,122,26236,0
175,50,1236344,0,175,50,415,0,19975,225,25393,0
238,84,772820,0,238,84,411,0,19976,184,37331,0
238,85,698268,0,238,85,411,0,19977,362,65696,0
256,156,901040,0,256,156,91,0,19979,208,41090,0
256,157,259754,0,256,157,91,0,19980,264,47841,0
256,159,311870,0,256,159,91,0,19982,316,48411,0
175,178,1070950,0,175,178,415,0,19990,248,33676,0
256,178,449202,0,256,178,91,0,19991,248,48593,0
256,180,198440,0,256,180,91,0,19993,284,54593,0
70,178,542884,0,70,178,414,0,19999,248,34437,0
70,74,234488,0,70,74,414,0,20004,245,47958,0
70,75,582896,0,70,75,414,0,20005,297,55594,0
70,77,772820,0,70,77,414,0,20006,333,60692,0
70,84,536528,0,70,84,414,0,20013,184,35850,0
70,85,936578,0,70,85,414,0,20014,362,48957,0
70,86,142548,0,70,86,414,0,20015,349,63583,0
175,71,348868,0,175,71,415,0,20017,204,39983,0
175,84,542884,0,175,84,415,0,20023,184,32996,0
