245,397,961036,0,245,397,74,0,16815,153,30138,0
245,398,413050,0,245,398,74,0,16816,194,37557,0
245,399,45504,0,245,399,74,0,16817,408,48088,0
245,400,3655782,0,245,400,74,0,16818,410,48090,0
245,402,842686,0,245,402,74,0,16820,214,41055,0
245,406,961036,0,245,406,74,0,16824,152,30137,0
245,407,413050,0,245,407,74,0,16825,193,37556,0
245,408,45504,0,245,408,74,0,16826,399,48080,0
245,410,3655782,0,245,410,74,0,16828,400,48081,0
70,158,1050696,0,70,158,414,0,16830,283,48396,0
245,413,561450,0,245,413,74,0,16831,344,61960,0
175,115,1419094,0,175,115,415,0,16833,227,33644,0
245,416,732852,0,245,416,74,0,16834,196,37559,0
245,417,207294,0,245,417,74,0,16835,424,48102,0
69,158,1050696,0,69,158,421,0,16837,283,48395,0
245,420,561450,0,245,420,74,0,16838,343,61959,0
174,115,1419094,0,174,115,422,0,16840,227,33643,0
245,423,732852,0,245,423,74,0,16841,195,37558,0
245,424,207294,0,245,424,74,0,16842,417,48096,0
82,293,925334,0,82,293,143,0,16850,221,18158,0
297,62,188140,0,297,62,75,0,16853,183,37368,0
297,67,130188,0,297,67,75,0,16858,236,46472,0
297,68,130188,0,297,68,75,0,16859,235,46388,0
297,69,188706,0,297,69,75,0,16860,421,72697,0
297,70,188706,0,297,70,75,0,16861,414,71856,0
297,74,33596,0,297,74,75,0,16864,245,48008,0
101,136,384096,0,101,136,80,0,16870,246,22370,0
297,81,33596,0,297,81,75,0,16871,122,26436,0
163,136,1010964,0,163,136,83,0,16872,246,33648,0
297,114,203066,0,297,114,75,0,16882,206,41472,0
297,116,24692,0,297,116,75,0,16884,281,53964,0
297,117,87620,0,297,117,75,0,16885,298,56585,0
82,295,788752,0,82,295,143,0,16889,276,18557,0
297,129,20640,0,297,129,75,0,16893,387,68830,0
297,130,20640,0,297,130,75,0,16894,376,67521,0
247,138,550580,0,247,138,76,0,16903,299,56769,0
101,138,104002,0,101,138,80,0,16907,299,22771,0
34,326,160618,0,34,326,78,0,16910,201,38123,0
256,138,558506,0,256,138,91,0,16917,299,56778,0
255,138,558506,0,255,138,92,0,16918,299,56777,0
184,31,2098822,0,184,31,84,0,16919,313,41657,0
247,96,1702902,0,247,96,76,0,16920,263,50822,0
247,137,673524,0,247,137,76,0,16921,282,54135,0
247,139,1150512,0,247,139,76,0,16922,300,56400,0
247,145,673524,0,247,145,76,0,16927,124,26734,0
247,148,675946,0,247,148,76,0,16929,303,56996,0
247,149,675946,0,247,149,76,0,16930,302,56985,0
247,154,216512,0,247,154,76,0,16935,309,56498,0
247,155,216512,0,247,155,76,0,16936,308,56491,0
297,178,257056,0,297,178,75,0,16937,248,48235,0
297,180,207804,0,297,180,75,0,16938,284,54195,0
297,181,491672,0,297,181,75,0,16939,336,57145,0
60,246,353812,0,60,246,142,0,16942,136,18786,0
297,186,237424,0,297,186,75,0,16944,126,26778,0
297,195,160488,0,297,195,75,0,16952,423,58020,0
297,196,160488,0,297,196,75,0,16953,416,57952,0
34,145,309790,0,34,145,78,0,16960,124,24259,0
34,147,296178,0,34,147,78,0,16962,187,35592,0
34,150,582896,0,34,150,78,0,16965,305,57610,0
34,151,582896,0,34,151,78,0,16966,304,57493,0
297,222,188140,0,297,222,75,0,16975,327,60727,0
297,237,188706,0,297,237,75,0,16989,418,72305,0
297,238,188706,0,297,238,75,0,16990,411,71464,0
82,300,2656282,0,82,300,143,0,16995,139,17299,0
