236,44,127006,0,236,44,67,0,15413,405,70831,0
236,135,122404,0,236,135,67,0,15414,228,45332,0
236,136,130188,0,236,136,67,0,15415,246,48166,0
236,137,144060,0,236,137,67,0,15416,282,54126,0
236,152,464228,0,236,152,67,0,15423,406,70944,0
236,155,618338,0,236,155,67,0,15424,308,57887,0
236,177,76476,0,236,177,67,0,15426,230,45735,0
236,185,286470,0,236,185,67,0,15434,105,23160,0
236,195,1926954,0,236,195,67,0,15437,423,62905,0
236,199,254152,0,236,199,67,0,15440,274,52314,0
236,201,504704,0,236,201,67,0,15442,326,60437,0
236,209,360678,0,236,209,67,0,15449,176,35534,0
236,297,130188,0,236,297,67,0,15457,75,16988,0
236,298,79898,0,236,298,67,0,15458,117,25071,0
236,306,136364,0,236,306,67,0,15461,403,70562,0
236,329,552236,0,236,329,67,0,15466,259,50062,0
236,334,181098,0,236,334,67,0,15470,98,21645,0
236,343,191514,0,236,343,67,0,15474,420,38425,0
236,344,965660,0,236,344,67,0,15475,413,71708,0
236,394,426210,0,236,394,67,0,15477,307,56284,0
236,395,683182,0,236,395,67,0,15478,342,61871,0
236,397,454714,0,236,397,67,0,15480,153,30052,0
236,401,1358692,0,236,401,67,0,15483,409,71231,0
236,420,281112,0,236,420,67,0,15485,343,63335,0
235,30,123292,0,235,30,68,0,15493,207,41647,0
235,32,65406,0,235,32,68,0,15495,331,61547,0
235,43,1226116,0,235,43,68,0,15502,374,67231,0
235,45,127006,0,235,45,68,0,15503,396,69794,0
235,135,122404,0,235,135,68,0,15504,228,45331,0
235,136,130188,0,235,136,68,0,15505,246,48165,0
235,137,144060,0,235,137,68,0,15506,282,54125,0
235,153,464228,0,235,153,68,0,15513,397,69907,0
235,154,641794,0,235,154,68,0,15514,309,57806,0
235,177,76476,0,235,177,68,0,15516,230,45734,0
235,185,286470,0,235,185,68,0,15524,105,23159,0
235,196,1926954,0,235,196,68,0,15528,416,62776,0
235,199,254152,0,235,199,68,0,15530,274,52313,0
235,201,504704,0,235,201,68,0,15532,326,60436,0
235,209,360678,0,235,209,68,0,15539,176,35533,0
235,297,130188,0,235,297,68,0,15547,75,16987,0
235,298,79898,0,235,298,68,0,15548,117,25070,0
235,307,136364,0,235,307,68,0,15551,394,69525,0
235,329,552236,0,235,329,68,0,15556,259,50061,0
235,334,181098,0,235,334,68,0,15560,98,21644,0
235,343,965660,0,235,343,68,0,15564,420,72549,0
235,344,191514,0,235,344,68,0,15565,413,38557,0
235,403,426210,0,235,403,68,0,15567,306,56277,0
235,404,683182,0,235,404,68,0,15568,341,61863,0
235,406,454714,0,235,406,68,0,15570,152,30045,0
235,409,1324026,0,235,409,68,0,15573,401,70199,0
235,413,292692,0,235,413,68,0,15575,344,63260,0
421,51,424364,0,421,51,69,0,15581,260,50389,0
421,52,433008,0,421,52,69,0,15582,280,53815,0
421,58,208476,0,421,58,69,0,15586,100,22283,0
421,59,210606,0,421,59,69,0,15587,121,26380,0
421,69,441264,0,421,69,69,0,15593,421,72735,0
421,158,190982,0,421,158,69,0,15596,283,54455,0
421,159,213064,0,421,159,69,0,15597,316,59369,0
421,160,743684,0,421,160,69,0,15598,317,59540,0
421,174,293350,0,421,174,69,0,15602,422,72812,0
421,188,33536,0,421,188,69,0,15613,167,34554,0
238,191,1018948,0,238,191,411,0,15614,340,61856,0
421,194,911178,0,421,194,69,0,15615,398,70100,0
421,195,356644,0,421,195,69,0,15616,423,72948,0
