68,128,1036258,0,68,128,235,0,43596,350,54733,0
67,128,250102,0,67,128,236,0,43597,350,64345,0
275,372,53524,0,275,372,220,0,43600,269,51821,0
275,373,316360,0,275,373,220,0,43601,288,55109,0
275,377,139766,0,275,377,220,0,43604,388,68979,0
68,129,419342,0,68,129,235,0,43605,387,68758,0
275,383,53524,0,275,383,220,0,43609,268,51720,0
275,384,316360,0,275,384,220,0,43610,287,55010,0
275,388,139766,0,275,388,220,0,43613,377,67670,0
67,130,419342,0,67,130,236,0,43614,376,67449,0
68,119,368202,0,68,119,235,0,43619,335,62259,0
68,131,873556,0,68,131,235,0,43623,290,52665,0
68,133,1792826,0,68,133,235,0,43624,292,55331,0
67,119,368202,0,67,119,236,0,43627,335,62258,0
67,132,873556,0,67,132,236,0,43631,289,52657,0
67,134,1771414,0,67,134,236,0,43632,291,55233,0
275,417,338330,0,275,417,220,0,43639,424,55474,0
275,424,348354,0,275,424,220,0,43646,417,55402,0
293,74,236356,0,293,74,221,0,43649,245,48005,0
293,77,77228,0,293,77,221,0,43651,333,61961,0
293,85,245386,0,293,85,221,0,43657,362,65845,0
293,86,245386,0,293,86,221,0,43658,349,64252,0
293,89,134340,0,293,89,221,0,43661,254,49347,0
293,90,134340,0,293,90,221,0,43662,253,49252,0
293,91,128878,0,293,91,221,0,43663,256,48315,0
293,92,128878,0,293,92,221,0,43664,255,48308,0
293,115,95070,0,293,115,221,0,43666,227,45170,0
293,116,3126,0,293,116,221,0,43667,281,53961,0
293,118,250838,0,293,118,221,0,43669,315,59079,0
293,133,40248,0,293,133,221,0,43678,292,54273,0
293,134,40248,0,293,134,221,0,43679,291,54266,0
66,138,762378,0,66,138,233,0,43691,299,56710,0
65,138,762378,0,65,138,234,0,43692,299,56709,0
26,136,483070,0,26,136,223,0,43697,246,46772,0
293,222,53880,0,293,222,221,0,43716,327,60725,0
293,237,292504,0,293,237,221,0,43727,418,72303,0
293,238,292504,0,293,238,221,0,43728,411,71462,0
93,139,461042,0,93,139,226,0,43729,300,55988,0
93,150,348868,0,93,150,226,0,43737,305,57619,0
93,151,348868,0,93,151,226,0,43738,304,57502,0
293,285,547232,0,293,285,221,0,43753,360,65541,0
293,286,547232,0,293,286,221,0,43754,347,63948,0
293,287,291410,0,293,287,221,0,43755,384,68401,0
293,288,291410,0,293,288,221,0,43756,373,67092,0
177,135,1342630,0,177,135,230,0,43762,228,44002,0
177,136,315772,0,177,136,230,0,43763,246,47230,0
177,137,1451012,0,177,137,230,0,43764,282,53250,0
177,154,118810,0,177,154,230,0,43777,309,57988,0
177,155,118810,0,177,155,230,0,43778,308,57920,0
293,346,556466,0,293,346,221,0,43779,250,48258,0
293,347,350906,0,293,347,221,0,43780,286,54217,0
70,152,2564120,0,70,152,414,0,43787,406,57483,0
293,359,556466,0,293,359,221,0,43789,249,48246,0
293,360,350906,0,293,360,221,0,43790,285,54206,0
69,153,2560234,0,69,153,421,0,43798,397,57343,0
66,137,801066,0,66,137,233,0,43801,282,54094,0
66,150,312082,0,66,150,233,0,43805,305,55677,0
64,394,206860,0,64,394,348,0,43806,307,55659,0
66,154,17546,0,66,154,233,0,43808,309,57717,0
66,155,175130,0,66,155,233,0,43809,308,57711,0
65,137,801066,0,65,137,234,0,43812,282,54093,0
65,151,312082,0,65,151,234,0,43816,304,55667,0
63,403,206860,0,63,403,361,0,43818,306,55647,0
65,154,172790,0,65,154,234,0,43819,309,57600,0
