187,31,222628,0,187,31,147,0,28916,313,41690,0
264,138,905356,0,264,138,157,0,28917,299,50854,0
299,159,606718,0,299,159,138,0,28919,316,56816,0
299,170,1664548,0,299,170,138,0,28928,321,56820,0
299,171,1664940,0,299,171,138,0,28929,320,56819,0
299,174,968932,0,299,174,138,0,28932,422,56893,0
299,175,968932,0,299,175,138,0,28933,415,56888,0
37,135,283508,0,37,135,141,0,28934,228,43083,0
37,139,505126,0,37,139,141,0,28936,300,35595,0
37,150,803416,0,37,150,141,0,28945,305,38750,0
37,151,803416,0,37,151,141,0,28946,304,38641,0
37,152,498742,0,37,152,141,0,28947,406,70436,0
37,153,498742,0,37,153,141,0,28948,397,69399,0
60,31,1840036,0,60,31,142,0,28951,313,39307,0
299,219,65782,0,299,219,138,0,28952,257,49660,0
299,221,560374,0,299,221,138,0,28954,293,55631,0
60,139,564776,0,60,139,142,0,28962,300,35890,0
299,237,242906,0,299,237,138,0,28969,418,72307,0
299,238,242906,0,299,238,138,0,28970,411,71466,0
103,135,225882,0,103,135,144,0,28986,228,43323,0
103,146,1150512,0,103,146,144,0,28991,166,32316,0
299,276,181112,0,299,276,138,0,29003,295,55977,0
299,277,144996,0,299,277,138,0,29004,312,58508,0
299,283,334368,0,299,283,138,0,29009,158,32553,0
299,285,28586,0,299,285,138,0,29011,360,65545,0
299,286,28586,0,299,286,138,0,29012,347,63952,0
166,96,700996,0,166,96,146,0,29019,263,49859,0
166,137,82532,0,166,137,146,0,29020,282,53010,0
166,152,311870,0,166,152,146,0,29030,406,35213,0
166,153,311870,0,166,153,146,0,29031,397,35121,0
176,26,696784,0,176,26,209,0,29035,223,44007,0
176,27,146190,0,176,27,209,0,29036,242,47235,0
176,29,1298494,0,176,29,209,0,29037,279,53255,0
32,326,1351464,0,32,326,331,0,29042,201,36884,0
41,326,58970,0,41,326,210,0,29043,201,38128,0
40,326,58970,0,40,326,211,0,29044,201,38127,0
176,44,668942,0,176,44,209,0,29047,405,70730,0
176,45,668942,0,176,45,209,0,29048,396,69693,0
176,46,1736804,0,176,46,209,0,29049,217,42892,0
176,47,1736804,0,176,47,209,0,29050,216,42817,0
299,351,1536778,0,299,351,138,0,29057,364,56843,0
299,356,405404,0,299,356,138,0,29061,370,56848,0
299,357,1867844,0,299,357,138,0,29062,369,56847,0
299,364,1536778,0,299,364,138,0,29069,351,56831,0
299,369,1867844,0,299,369,138,0,29073,357,56836,0
299,370,405404,0,299,370,138,0,29074,356,56835,0
192,32,368450,0,192,32,339,0,29075,331,41694,0
269,138,387210,0,269,138,372,0,29076,299,50858,0
191,32,368450,0,191,32,340,0,29086,331,41693,0
268,138,387210,0,268,138,383,0,29087,299,50857,0
299,393,178912,0,299,393,138,0,29097,215,42763,0
299,394,1037932,0,299,394,138,0,29098,307,57859,0
299,395,213064,0,299,395,138,0,29099,342,63310,0
299,398,213064,0,299,398,138,0,29101,194,38989,0
299,400,580230,0,299,400,138,0,29103,410,70976,0
299,402,178912,0,299,402,138,0,29105,214,42688,0
299,403,1037932,0,299,403,138,0,29106,306,57772,0
299,404,213064,0,299,404,138,0,29107,341,63231,0
299,407,213064,0,299,407,138,0,29109,193,38908,0
299,410,580230,0,299,410,138,0,29112,400,69938,0
299,412,968932,0,299,412,138,0,29114,325,56824,0
47,326,1301838,0,47,326,216,0,29117,201,38134,0
299,417,168458,0,299,417,138,0,29118,424,56894,0
299,419,968932,0,299,419,138,0,29120,324,56823,0
