38,50,197460,0,38,50,161,0,33111,225,44678,0
38,52,341690,0,38,52,161,0,33112,280,53592,0
38,55,874880,0,38,55,161,0,33113,332,57092,0
38,63,773934,0,38,63,161,0,33116,361,43104,0
38,64,773934,0,38,64,161,0,33117,348,43103,0
38,67,64294,0,38,67,161,0,33120,236,46426,0
38,68,64294,0,38,68,161,0,33121,235,46342,0
38,72,65782,0,38,72,161,0,33124,243,47539,0
38,76,294316,0,38,76,161,0,33127,247,48331,0
38,85,345448,0,38,85,161,0,33131,362,65790,0
38,86,345448,0,38,86,161,0,33132,349,64197,0
38,89,296196,0,38,89,161,0,33135,254,49303,0
38,90,296196,0,38,90,161,0,33136,253,49208,0
38,117,306324,0,38,117,161,0,33141,298,56507,0
38,127,314180,0,38,127,161,0,33147,363,65920,0
38,128,314180,0,38,128,161,0,33148,350,64327,0
38,131,196288,0,38,131,161,0,33151,290,55252,0
38,132,196288,0,38,132,161,0,33152,289,55160,0
38,157,87620,0,38,157,161,0,33155,264,50973,0
38,159,181112,0,38,159,161,0,33157,316,59202,0
38,168,548392,0,38,168,161,0,33162,319,58184,0
38,169,548392,0,38,169,161,0,33163,318,58183,0
38,172,449202,0,38,172,161,0,33166,323,60133,0
38,173,449202,0,38,173,161,0,33167,322,60047,0
38,177,901682,0,38,177,161,0,33170,230,45647,0
38,181,125290,0,38,181,161,0,33173,336,62471,0
38,189,144880,0,38,189,161,0,33180,338,60495,0
38,190,144880,0,38,190,161,0,33181,337,60494,0
38,193,85744,0,38,193,161,0,33184,407,71012,0
38,194,85744,0,38,194,161,0,33185,398,69975,0
38,199,85230,0,38,199,161,0,33190,274,52201,0
38,209,1023706,0,38,209,161,0,33199,176,35398,0
38,214,680920,0,38,214,161,0,33204,402,70325,0
38,215,680920,0,38,215,161,0,33205,393,69288,0
38,218,509160,0,38,218,161,0,33208,197,39150,0
38,219,144242,0,38,219,161,0,33209,257,49545,0
38,220,360154,0,38,220,161,0,33210,275,52447,0
38,221,725236,0,38,221,161,0,33211,293,35701,0
38,241,407804,0,38,241,161,0,33230,328,60833,0
38,257,265306,0,38,257,161,0,33245,219,42972,0
38,265,257436,0,38,265,161,0,33250,179,35458,0
38,268,651106,0,38,268,161,0,33253,383,68022,0
38,269,651106,0,38,269,161,0,33254,372,66713,0
38,275,430356,0,38,275,161,0,33260,220,43426,0
38,285,69836,0,38,285,161,0,33268,360,65425,0
38,286,69836,0,38,286,161,0,33269,347,63832,0
38,287,437746,0,38,287,161,0,33270,384,68285,0
38,288,437746,0,38,288,161,0,33271,373,66976,0
38,306,774528,0,38,306,161,0,33287,403,60181,0
38,307,774528,0,38,307,161,0,33288,394,60095,0
38,353,552206,0,38,353,161,0,33298,365,66245,0
38,365,552390,0,38,365,161,0,33310,353,64740,0
38,372,298300,0,38,372,161,0,33315,269,51773,0
38,379,160420,0,38,379,161,0,33322,389,69038,0
38,380,818250,0,38,380,161,0,33323,392,68146,0
38,383,298300,0,38,383,161,0,33325,268,51672,0
38,389,160420,0,38,389,161,0,33331,379,67801,0
38,392,818250,0,38,392,161,0,33334,380,66833,0
38,399,148482,0,38,399,161,0,33340,408,71150,0
38,408,148482,0,38,408,161,0,33347,399,70113,0
38,411,825864,0,38,411,161,0,33349,238,43191,0
38,412,141272,0,38,412,161,0,33350,325,58256,0
38,416,308576,0,38,416,161,0,33353,196,35685,0
38,418,825864,0,38,418,161,0,33355,237,43185,0
