9,246,1247692,0,9,246,1,0,623,136,2140,0
4,26,2709700,0,4,26,12,0,634,223,3329,0
3,27,7900220,0,3,27,11,0,639,242,1538,0
4,38,2012906,0,4,38,12,0,641,161,2443,0
9,274,2069420,0,9,274,1,0,651,199,3046,0
9,275,898870,0,9,275,1,0,652,220,3346,0
9,281,2262826,0,9,281,1,0,658,116,1848,0
6,102,648430,0,6,102,14,0,659,123,1872,0
9,284,1393724,0,9,284,1,0,661,180,2783,0
6,26,3049910,0,6,26,14,0,670,223,3361,0
6,38,1709030,0,6,38,14,0,677,161,2195,0
6,44,396140,0,6,44,14,0,683,405,5703,0
6,45,396140,0,6,45,14,0,684,396,5602,0
9,310,624,0,9,310,1,0,687,200,3061,0
9,322,865344,0,9,322,1,0,699,173,2684,0
9,323,865344,0,9,323,1,0,700,172,2675,0
9,326,3235048,0,9,326,1,0,703,201,3078,0
9,327,898870,0,9,327,1,0,704,222,3378,0
6,105,2103412,0,6,105,14,0,706,185,2215,0
9,332,644822,0,9,332,1,0,709,55,946,0
9,334,1158252,0,9,334,1,0,711,98,1598,0
9,335,3283218,0,9,335,1,0,712,119,1910,0
9,336,2439320,0,9,336,1,0,713,181,2803,0
9,339,2066912,0,9,339,1,0,716,192,2969,0
9,340,2068784,0,9,340,1,0,717,191,2959,0
9,343,1321652,0,9,343,1,0,720,420,5895,0
9,344,1330534,0,9,344,1,0,721,413,5814,0
9,346,2521794,0,9,346,1,0,723,250,3665,0
9,349,1541170,0,9,349,1,0,726,86,1311,0
9,350,1341668,0,9,350,1,0,727,128,1939,0
9,351,928364,0,9,351,1,0,728,364,3251,0
9,356,1511448,0,9,356,1,0,732,370,3256,0
9,359,2525062,0,9,359,1,0,735,249,3664,0
9,362,1541236,0,9,362,1,0,738,85,1310,0
9,363,1352022,0,9,363,1,0,739,127,1938,0
9,364,929976,0,9,364,1,0,740,351,3239,0
9,370,1511448,0,9,370,1,0,745,356,3243,0
9,376,381136,0,9,376,1,0,750,130,2077,0
9,377,1759656,0,9,377,1,0,751,388,5545,0
9,380,2030236,0,9,380,1,0,754,392,5514,0
9,387,357174,0,9,387,1,0,760,129,2068,0
9,388,1755842,0,9,388,1,0,761,377,5416,0
9,392,2034234,0,9,392,1,0,765,380,5384,0
9,394,3115122,0,9,394,1,0,767,307,4530,0
9,397,4002172,0,9,397,1,0,769,153,2401,0
9,399,3048526,0,9,399,1,0,771,408,5765,0
9,401,1649012,0,9,401,1,0,772,409,5738,0
9,403,3115122,0,9,403,1,0,774,306,4522,0
9,406,4002172,0,9,406,1,0,776,152,2393,0
9,408,3048526,0,9,408,1,0,778,399,5664,0
9,409,1649012,0,9,409,1,0,779,401,5637,0
9,413,4776052,0,9,413,1,0,782,344,4853,0
9,416,162256,0,9,416,1,0,785,196,2835,0
9,417,3376862,0,9,417,1,0,786,424,3304,0
9,420,4776052,0,9,420,1,0,789,343,4852,0
9,423,162256,0,9,423,1,0,792,195,2834,0
9,424,3376862,0,9,424,1,0,793,417,3297,0
10,26,3894244,0,10,26,2,0,795,223,3398,0
10,27,671176,0,10,27,2,0,796,242,3659,0
10,28,2709700,0,10,28,2,0,797,205,3155,0
10,29,2606800,0,10,29,2,0,798,279,4158,0
10,30,3049910,0,10,30,2,0,799,207,3189,0
10,32,2070142,0,10,32,2,0,801,331,4842,0
10,35,2692944,0,10,35,2,0,803,99,1618,0
