217,326,138752,0,217,326,46,0,10819,201,40183,0
217,327,74192,0,217,327,46,0,10820,222,43937,0
217,328,331224,0,217,328,46,0,10821,241,47200,0
144,416,222474,0,144,416,103,0,10822,196,29483,0
217,332,270730,0,217,332,46,0,10824,55,13153,0
215,340,424392,0,215,340,393,0,10829,191,38685,0
217,342,1003630,0,217,342,46,0,10830,395,69657,0
217,343,82844,0,217,343,46,0,10831,420,72537,0
217,412,454410,0,217,412,46,0,10833,325,58811,0
217,414,1857282,0,217,414,46,0,10835,70,13578,0
217,416,570314,0,217,416,46,0,10837,196,37215,0
216,61,151588,0,216,61,47,0,10849,162,33408,0
216,62,189038,0,216,62,47,0,10850,183,37298,0
216,63,652856,0,216,63,47,0,10851,361,65668,0
216,64,1019060,0,216,64,47,0,10852,348,64075,0
216,70,629420,0,216,70,47,0,10853,414,71817,0
216,162,550100,0,216,162,47,0,10860,61,14524,0
216,177,132898,0,216,177,47,0,10865,230,45719,0
216,178,698256,0,216,178,47,0,10866,248,48560,0
216,183,329436,0,216,183,47,0,10871,62,14755,0
216,184,1069394,0,216,184,47,0,10872,84,19128,0
216,193,648054,0,216,193,47,0,10875,407,71064,0
214,192,1185954,0,214,192,402,0,10876,339,63026,0
216,220,134610,0,216,220,47,0,10879,275,52557,0
216,221,157314,0,216,221,47,0,10880,293,13493,0
216,224,10350,0,216,224,47,0,10883,49,11442,0
216,227,324200,0,216,227,47,0,10885,115,24486,0
216,229,19840,0,216,229,47,0,10887,54,12874,0
216,230,628336,0,216,230,47,0,10888,177,35833,0
212,421,1140814,0,212,421,382,0,10889,69,13541,0
214,421,320316,0,214,421,402,0,10891,69,13559,0
216,315,371598,0,216,315,47,0,10896,118,25332,0
216,325,279918,0,216,325,47,0,10899,412,71570,0
216,326,138752,0,216,326,47,0,10900,201,40182,0
216,327,74192,0,216,327,47,0,10901,222,43936,0
216,328,331224,0,216,328,47,0,10902,241,47199,0
144,423,222474,0,144,423,103,0,10903,195,29482,0
216,332,270730,0,216,332,47,0,10905,55,13152,0
216,341,1003630,0,216,341,47,0,10910,404,70694,0
214,339,424392,0,214,339,402,0,10911,192,38793,0
216,344,82844,0,216,344,47,0,10912,413,71696,0
216,419,454410,0,216,419,47,0,10914,324,58805,0
216,421,1852856,0,216,421,47,0,10916,69,13572,0
216,423,536902,0,216,423,47,0,10918,195,37208,0
203,76,486432,0,203,76,48,0,10970,247,48354,0
100,27,666444,0,100,27,58,0,10973,242,22323,0
203,87,87380,0,203,87,48,0,10980,252,49126,0
203,88,87380,0,203,88,48,0,10981,251,49008,0
203,91,51802,0,203,91,48,0,10984,256,47526,0
203,92,51802,0,203,92,48,0,10985,255,47520,0
203,94,1170698,0,203,94,48,0,10987,261,25966,0
203,97,19130,0,203,97,48,0,10990,314,58685,0
79,114,119600,0,79,114,57,0,10992,206,17844,0
203,102,128836,0,203,102,48,0,10993,123,25950,0
203,104,112166,0,203,104,48,0,10995,164,33247,0
203,106,493378,0,203,106,48,0,10997,267,41300,0
203,107,493378,0,203,107,48,0,10998,266,41289,0
100,137,171086,0,100,137,58,0,11008,282,22572,0
203,126,472406,0,203,126,48,0,11017,186,37930,0
203,133,18316,0,203,133,48,0,11024,292,53582,0
203,134,18316,0,203,134,48,0,11025,291,53575,0
203,136,483070,0,203,136,48,0,11027,246,47418,0
203,137,133626,0,203,137,48,0,11028,282,53473,0
203,140,685398,0,203,140,48,0,11031,301,57081,0
