176,220,275558,0,176,220,209,0,42028,275,52525,0
176,237,110852,0,176,237,209,0,42041,418,72269,0
176,238,110852,0,176,238,209,0,42042,411,71428,0
176,276,151424,0,176,276,209,0,42059,295,55908,0
176,285,110078,0,176,285,209,0,42067,360,65488,0
176,286,110078,0,176,286,209,0,42068,347,63895,0
176,287,293722,0,176,287,209,0,42069,384,68348,0
176,288,293722,0,176,288,209,0,42070,373,67039,0
176,328,320300,0,176,328,209,0,42077,241,47165,0
176,343,67678,0,176,343,209,0,42092,420,72512,0
176,344,67678,0,176,344,209,0,42093,413,71671,0
41,327,129460,0,41,327,210,0,42094,222,43862,0
41,330,179344,0,41,330,210,0,42096,278,53123,0
41,341,1187324,0,41,341,210,0,42102,404,66490,0
40,327,129460,0,40,327,211,0,42105,222,43861,0
40,330,179344,0,40,330,211,0,42107,278,53122,0
40,342,1187324,0,40,342,211,0,42114,395,64829,0
176,373,158972,0,176,373,209,0,42118,288,53313,0
176,379,529546,0,176,379,209,0,42123,389,69052,0
176,380,1399862,0,176,380,209,0,42124,392,69235,0
176,384,158972,0,176,384,209,0,42128,287,53303,0
176,389,529546,0,176,389,209,0,42133,379,67815,0
176,392,1399862,0,176,392,209,0,42135,380,67874,0
176,394,157274,0,176,394,209,0,42137,307,57825,0
176,399,169952,0,176,399,209,0,42141,408,71168,0
176,400,463706,0,176,400,209,0,42142,410,71315,0
176,403,157274,0,176,403,209,0,42145,306,57738,0
176,408,169952,0,176,408,209,0,42149,399,70131,0
176,410,463706,0,176,410,209,0,42151,400,70222,0
176,412,53524,0,176,412,209,0,42153,325,60293,0
176,417,139766,0,176,417,209,0,42157,424,72977,0
176,419,53524,0,176,419,209,0,42159,324,60224,0
176,424,139766,0,176,424,209,0,42163,417,72136,0
41,50,521804,0,41,50,210,0,42166,225,44681,0
41,51,64294,0,41,51,210,0,42167,260,43041,0
41,52,360678,0,41,52,210,0,42168,280,53595,0
41,68,1860878,0,41,68,210,0,42178,235,46072,0
41,69,549492,0,41,69,210,0,42179,421,43144,0
41,70,256680,0,41,70,210,0,42180,414,43145,0
41,75,130188,0,41,75,210,0,42183,297,56308,0
41,77,79898,0,41,77,210,0,42184,333,61896,0
41,88,8092,0,41,88,210,0,42190,251,48925,0
41,90,1501496,0,41,90,210,0,42191,253,48943,0
41,92,545422,0,41,92,210,0,42193,255,46842,0
41,115,196314,0,41,115,210,0,42194,227,45065,0
41,118,181098,0,41,118,210,0,42197,315,59008,0
41,129,654478,0,41,129,210,0,42203,387,55255,0
41,130,834930,0,41,130,210,0,42204,376,67434,0
41,131,1469744,0,41,131,210,0,42205,290,54942,0
41,132,1698592,0,41,132,210,0,42206,289,54935,0
41,134,1731686,0,41,134,210,0,42207,291,52389,0
41,231,145350,0,41,231,210,0,42219,358,65080,0
41,238,1222370,0,41,238,210,0,42223,411,71366,0
41,249,575100,0,41,249,210,0,42231,359,65272,0
41,275,16072,0,41,275,210,0,42237,220,43429,0
41,277,286470,0,41,277,210,0,42238,312,58401,0
41,285,130032,0,41,285,210,0,42245,360,65426,0
41,288,401766,0,41,288,210,0,42247,373,66978,0
41,345,1591856,0,41,345,210,0,42251,232,43142,0
41,346,599338,0,41,346,210,0,42252,250,46838,0
41,354,1464354,0,41,354,210,0,42259,368,66218,0
41,383,531990,0,41,383,210,0,42263,268,51619,0
41,384,1216884,0,41,384,210,0,42264,287,54921,0
41,390,1063176,0,41,390,210,0,42269,378,66307,0
