331,192,323190,0,331,192,32,0,8246,339,62676,0
331,195,67678,0,331,195,32,0,8249,423,72928,0
331,196,67678,0,331,196,32,0,8250,416,72087,0
33,326,5717336,0,33,326,56,0,8251,201,34183,0
299,178,146190,0,299,178,138,0,8252,248,46806,0
299,180,492270,0,299,180,138,0,8253,284,52354,0
209,182,1351464,0,209,182,176,0,8254,39,9950,0
299,183,696784,0,299,183,138,0,8256,62,11175,0
299,184,173682,0,299,184,138,0,8257,84,15893,0
299,186,1298494,0,299,186,138,0,8259,126,24292,0
211,182,58970,0,211,182,40,0,8261,39,9952,0
210,182,58970,0,210,182,41,0,8262,39,9951,0
299,193,668942,0,299,193,138,0,8265,407,70454,0
299,194,668942,0,299,194,138,0,8266,398,69417,0
299,195,1736804,0,299,195,138,0,8267,423,10904,0
299,196,1736804,0,299,196,138,0,8268,416,10823,0
331,220,275558,0,331,220,32,0,8271,275,52595,0
331,226,125796,0,331,226,32,0,8276,93,20288,0
200,183,461534,0,200,183,310,0,8278,62,14743,0
212,183,865512,0,212,183,382,0,8279,62,14751,0
213,183,865512,0,213,183,371,0,8280,62,14752,0
331,235,196314,0,331,235,32,0,8283,68,15557,0
331,236,196314,0,331,236,32,0,8284,67,15467,0
331,239,506716,0,331,239,32,0,8287,198,39570,0
78,142,1398606,0,78,142,34,0,8288,60,14150,0
331,241,5308,0,331,241,32,0,8289,328,60977,0
103,184,1407660,0,103,184,144,0,8292,84,16474,0
331,246,654410,0,331,246,32,0,8294,136,28537,0
331,251,126228,0,331,251,32,0,8298,88,19230,0
331,252,126228,0,331,252,32,0,8299,87,19220,0
103,183,403230,0,103,183,144,0,8307,62,12114,0
94,182,564776,0,94,182,261,0,8308,39,9911,0
103,189,582522,0,103,189,144,0,8311,338,23139,0
103,190,582522,0,103,190,144,0,8312,337,23138,0
103,191,1419094,0,103,191,144,0,8313,340,57186,0
103,192,1419094,0,103,192,144,0,8314,339,57177,0
103,193,307742,0,103,193,144,0,8315,407,23943,0
103,194,307742,0,103,194,144,0,8316,398,23847,0
94,186,1675952,0,94,186,261,0,8319,126,27097,0
331,275,213596,0,331,275,32,0,8320,220,43565,0
99,186,328472,0,99,186,35,0,8321,126,27100,0
78,186,585922,0,78,186,34,0,8322,126,27083,0
331,280,880198,0,331,280,32,0,8325,52,12415,0
331,287,304200,0,331,287,32,0,8329,384,27270,0
331,288,304200,0,331,288,32,0,8330,373,27278,0
331,289,367894,0,331,289,32,0,8331,132,27900,0
331,290,367894,0,331,290,32,0,8332,131,27803,0
331,291,15076,0,331,291,32,0,8333,134,28068,0
331,292,15076,0,331,292,32,0,8334,133,27991,0
107,179,1437112,0,107,179,266,0,8340,265,30916,0
106,179,1437112,0,106,179,267,0,8341,265,30915,0
141,191,595788,0,141,191,37,0,8342,340,31041,0
141,192,595788,0,141,192,37,0,8343,339,31031,0
141,193,1109132,0,141,193,37,0,8344,407,52016,0
141,194,1109132,0,141,194,37,0,8345,398,51925,0
141,195,116776,0,141,195,37,0,8346,423,31904,0
141,196,116776,0,141,196,37,0,8347,416,31830,0
161,179,2395748,0,161,179,38,0,8349,265,41200,0
56,177,3152220,0,56,177,33,0,8353,230,32805,0
161,189,504138,0,161,189,38,0,8354,338,34400,0
161,190,504138,0,161,190,38,0,8355,337,34399,0
161,191,800630,0,161,191,38,0,8356,340,34525,0
161,192,799784,0,161,192,38,0,8357,339,34516,0
161,193,189358,0,161,193,38,0,8358,407,35221,0
