41,173,163842,0,41,173,210,0,40029,322,59800,0
41,174,1174392,0,41,174,210,0,40030,422,58232,0
41,175,88538,0,41,175,210,0,40031,415,66592,0
40,54,371808,0,40,54,211,0,40032,229,45475,0
40,76,139102,0,40,76,211,0,40033,247,48332,0
40,169,319982,0,40,169,211,0,40038,318,58196,0
40,172,163842,0,40,172,211,0,40040,323,59667,0
40,173,1327050,0,40,173,211,0,40041,322,59659,0
40,174,88538,0,40,174,211,0,40042,422,65055,0
40,175,1174392,0,40,175,211,0,40043,415,58221,0
293,358,1110688,0,293,358,221,0,40044,231,41903,0
310,372,1472734,0,310,372,200,0,40045,269,51125,0
310,373,350906,0,310,373,200,0,40046,288,54420,0
45,174,150720,0,45,174,396,0,40051,422,60026,0
310,380,451476,0,310,380,200,0,40053,392,69255,0
293,345,1110688,0,293,345,221,0,40054,232,41893,0
310,383,1472734,0,310,383,200,0,40055,268,51115,0
310,384,350906,0,310,384,200,0,40056,287,54411,0
44,175,150720,0,44,175,405,0,40062,415,59913,0
310,392,451476,0,310,392,200,0,40063,380,67894,0
310,399,273154,0,310,399,200,0,40070,408,60191,0
310,400,1150428,0,310,400,200,0,40071,410,71327,0
310,408,273154,0,310,408,200,0,40079,399,60105,0
310,410,1150428,0,310,410,200,0,40081,400,70234,0
310,412,826750,0,310,412,200,0,40083,325,60321,0
310,413,244424,0,310,413,200,0,40084,344,63446,0
310,419,826750,0,310,419,200,0,40089,324,60252,0
310,420,244424,0,310,420,200,0,40090,343,63381,0
326,50,435836,0,326,50,201,0,40096,225,44777,0
326,51,430356,0,326,51,201,0,40097,260,50306,0
326,52,275558,0,326,52,201,0,40098,280,53732,0
43,177,1330476,0,43,177,374,0,40106,230,45652,0
42,177,1330476,0,42,177,385,0,40107,230,45651,0
326,67,16072,0,326,67,201,0,40110,236,46477,0
326,68,16072,0,326,68,201,0,40111,235,46393,0
326,69,59314,0,326,69,201,0,40112,421,72711,0
326,70,59314,0,326,70,201,0,40113,414,71870,0
326,71,228346,0,326,71,201,0,40114,204,41091,0
326,75,654410,0,326,75,201,0,40117,297,56410,0
326,87,291018,0,326,87,201,0,40124,252,48675,0
326,88,291018,0,326,88,201,0,40125,251,48665,0
326,129,265508,0,326,129,201,0,40142,387,68851,0
326,130,265508,0,326,130,201,0,40143,376,67542,0
326,191,429836,0,326,191,201,0,40160,340,62683,0
326,192,429836,0,326,192,201,0,40161,339,62673,0
326,193,446552,0,326,193,201,0,40162,407,71111,0
326,194,446552,0,326,194,201,0,40163,398,70074,0
326,249,115950,0,326,249,201,0,40211,359,65361,0
326,250,115950,0,326,250,201,0,40212,346,63768,0
326,268,134604,0,326,268,201,0,40229,383,68240,0
326,269,134604,0,326,269,201,0,40230,372,66931,0
30,177,172790,0,30,177,207,0,40248,230,43761,0
30,178,27806,0,30,178,207,0,40249,248,47002,0
30,180,195566,0,30,180,207,0,40250,284,52814,0
30,193,168200,0,30,193,207,0,40259,407,70576,0
30,194,168200,0,30,194,207,0,40260,398,69539,0
156,180,544850,0,156,180,208,0,40265,284,53020,0
41,180,368202,0,41,180,210,0,40279,284,54470,0
41,189,851360,0,41,189,210,0,40283,338,60536,0
41,192,135210,0,41,192,210,0,40284,339,62944,0
41,193,1766396,0,41,193,210,0,40285,407,63277,0
41,194,126504,0,41,194,210,0,40286,398,66452,0
40,180,368202,0,40,180,211,0,40290,284,54469,0
40,190,851360,0,40,190,211,0,40294,337,60525,0
