296,132,135018,0,296,132,53,0,12551,289,55203,0
296,133,99296,0,296,133,53,0,12552,292,54276,0
296,134,99296,0,296,134,53,0,12553,291,54269,0
100,138,225882,0,100,138,58,0,12561,299,22770,0
162,138,1214340,0,162,138,61,0,12563,299,34226,0
234,138,762378,0,234,138,65,0,12566,299,56758,0
233,138,762378,0,233,138,66,0,12567,299,56757,0
228,186,1243122,0,228,186,135,0,12579,126,26719,0
228,189,17414,0,228,189,135,0,12580,338,56995,0
228,190,17414,0,228,190,135,0,12581,337,56984,0
228,191,346320,0,228,191,135,0,12582,340,56209,0
228,192,351728,0,228,192,135,0,12583,339,56208,0
228,195,625240,0,228,195,135,0,12586,423,58004,0
228,196,625240,0,228,196,135,0,12587,416,57936,0
296,178,315772,0,296,178,53,0,12588,248,48234,0
296,180,214574,0,296,180,53,0,12589,284,54194,0
296,181,227026,0,296,181,53,0,12590,336,57144,0
296,183,1342630,0,296,183,53,0,12592,62,14380,0
296,184,478282,0,296,184,53,0,12593,84,18785,0
296,186,1451012,0,296,186,53,0,12595,126,26777,0
162,140,264126,0,162,140,61,0,12596,301,34241,0
296,189,842686,0,296,189,53,0,12597,338,57169,0
296,190,842686,0,296,190,53,0,12598,337,57159,0
296,195,118810,0,296,195,53,0,12603,423,58019,0
296,196,118810,0,296,196,53,0,12604,416,57951,0
33,143,357326,0,33,143,56,0,12609,82,15859,0
33,145,304008,0,33,145,56,0,12610,124,24258,0
33,152,776062,0,33,152,56,0,12617,406,70433,0
33,153,776062,0,33,153,56,0,12618,397,69396,0
82,176,401154,0,82,176,143,0,12621,209,18707,0
79,143,1114692,0,79,143,57,0,12622,82,18692,0
82,184,702080,0,82,184,143,0,12623,84,16173,0
82,185,144854,0,82,185,143,0,12624,105,16442,0
82,186,285018,0,82,186,143,0,12625,126,16728,0
82,188,1690042,0,82,188,143,0,12626,167,17298,0
82,189,490004,0,82,189,143,0,12627,338,18733,0
82,190,490004,0,82,190,143,0,12628,337,18734,0
82,195,1385548,0,82,195,143,0,12633,423,18869,0
82,196,1385548,0,82,196,143,0,12634,416,18862,0
100,139,461042,0,100,139,58,0,12636,300,56599,0
33,276,163912,0,33,276,56,0,12638,295,20826,0
100,146,673524,0,100,146,58,0,12639,166,32314,0
33,334,116084,0,33,334,56,0,12640,98,21504,0
100,150,348868,0,100,150,58,0,12643,305,57625,0
100,151,348868,0,100,151,58,0,12644,304,57508,0
100,152,987372,0,100,152,58,0,12645,406,23931,0
100,153,987372,0,100,153,58,0,12646,397,23835,0
296,277,250838,0,296,277,53,0,12652,312,58506,0
121,185,457348,0,121,185,59,0,12653,105,23119,0
296,281,3126,0,296,281,53,0,12656,116,24807,0
296,291,40248,0,296,291,53,0,12665,134,26859,0
296,292,40248,0,296,292,53,0,12666,133,26852,0
162,96,832526,0,162,96,61,0,12667,263,49856,0
162,137,126476,0,162,137,61,0,12668,282,53007,0
162,144,861730,0,162,144,61,0,12670,103,21391,0
162,145,1252310,0,162,145,61,0,12671,124,25396,0
159,53,1319686,0,159,53,316,0,12672,296,32788,0
159,135,2400208,0,159,135,316,0,12673,228,32728,0
162,148,1148310,0,162,148,61,0,12674,303,34268,0
162,149,1148310,0,162,149,61,0,12675,302,34256,0
166,48,666444,0,166,48,146,0,12682,203,39959,0
82,61,3157184,0,82,61,143,0,12687,162,17257,0
166,63,119132,0,166,63,146,0,12691,361,34756,0
166,64,119132,0,166,64,146,0,12692,348,34610,0
