45,95,336978,0,45,95,396,0,23820,262,50605,0
45,97,160488,0,45,97,396,0,23821,314,58157,0
45,104,99936,0,45,104,396,0,23827,164,32051,0
45,105,271966,0,45,105,396,0,23828,185,35567,0
45,109,642508,0,45,109,396,0,23830,375,66774,0
153,93,987372,0,153,93,397,0,23833,226,43740,0
153,105,417538,0,153,105,397,0,23839,185,29481,0
153,110,82484,0,153,110,397,0,23840,271,51976,0
153,112,452304,0,153,112,397,0,23841,273,30409,0
271,326,43580,0,271,326,110,0,23843,201,40232,0
271,327,146000,0,271,327,110,0,23844,222,43986,0
271,328,190876,0,271,328,110,0,23845,241,47227,0
271,335,87380,0,271,335,110,0,23851,119,25681,0
271,341,152686,0,271,341,110,0,23853,404,70723,0
271,393,45232,0,271,393,110,0,23856,215,41337,0
271,397,1386276,0,271,397,110,0,23860,153,30407,0
271,399,1168382,0,271,399,110,0,23862,408,52032,0
271,400,5732,0,271,400,110,0,23863,410,52034,0
271,401,975352,0,271,401,110,0,23864,409,52033,0
271,411,288332,0,271,411,110,0,23865,238,45042,0
271,412,236884,0,271,412,110,0,23866,325,58985,0
268,193,1627392,0,268,193,383,0,23867,407,62213,0
271,415,1328242,0,271,415,110,0,23868,175,33896,0
271,416,51678,0,271,416,110,0,23869,196,37839,0
271,417,856470,0,271,417,110,0,23870,424,52046,0
271,419,119232,0,271,419,110,0,23871,324,58984,0
271,420,643242,0,271,420,110,0,23872,343,62212,0
271,422,1466154,0,271,422,110,0,23874,174,33895,0
269,341,2389822,0,269,341,372,0,23875,404,37838,0
271,424,627092,0,271,424,110,0,23876,417,52040,0
214,28,858202,0,214,28,402,0,23877,205,40507,0
214,93,67646,0,214,93,402,0,23878,226,44239,0
214,96,33154,0,214,96,402,0,23879,263,41253,0
214,97,160488,0,214,97,402,0,23880,314,58693,0
214,98,271966,0,214,98,402,0,23881,334,50888,0
214,102,336978,0,214,102,402,0,23883,123,25958,0
152,28,1838418,0,152,28,406,0,23884,205,25114,0
214,104,99936,0,214,104,402,0,23885,164,33255,0
214,109,1144522,0,214,109,402,0,23887,375,67254,0
214,113,1555984,0,214,113,402,0,23889,272,41331,0
270,135,168032,0,270,135,111,0,23890,228,44948,0
270,136,1247394,0,270,136,111,0,23891,246,47823,0
270,138,365440,0,270,138,111,0,23893,299,50859,0
270,153,1298270,0,270,153,111,0,23899,397,51919,0
270,155,1225018,0,270,155,111,0,23901,308,50940,0
152,179,307742,0,152,179,406,0,23902,265,30350,0
270,178,190876,0,270,178,111,0,23904,248,48604,0
270,180,87380,0,270,180,111,0,23906,284,54604,0
44,179,417538,0,44,179,405,0,23912,265,30965,0
44,95,336978,0,44,95,405,0,23916,262,50604,0
44,97,160488,0,44,97,405,0,23917,314,58156,0
44,104,99936,0,44,104,405,0,23923,164,32050,0
44,105,271966,0,44,105,405,0,23924,185,35566,0
44,108,642740,0,44,108,405,0,23925,386,68083,0
152,93,987372,0,152,93,406,0,23929,226,43739,0
152,105,417538,0,152,105,406,0,23935,185,29480,0
152,111,82484,0,152,111,406,0,23936,270,51885,0
152,113,452304,0,152,113,406,0,23938,272,30400,0
270,326,43580,0,270,326,111,0,23939,201,40231,0
270,327,146000,0,270,327,111,0,23940,222,43985,0
270,328,190876,0,270,328,111,0,23941,241,47226,0
270,335,87380,0,270,335,111,0,23947,119,25680,0
270,342,152686,0,270,342,111,0,23949,395,69686,0
270,402,45232,0,270,402,111,0,23952,214,41330,0
