10,274,898870,0,10,274,2,0,1015,199,3047,0
10,275,3235048,0,10,275,2,0,1016,220,3347,0
10,277,1158252,0,10,277,2,0,1018,312,4585,0
10,281,2439320,0,10,281,2,0,1022,116,1849,0
7,81,2103412,0,7,81,15,0,1024,122,1891,0
10,284,3283218,0,10,284,2,0,1025,180,2784,0
10,291,1963942,0,10,291,2,0,1032,134,2111,0
10,292,1963942,0,10,292,2,0,1033,133,2104,0
10,293,818960,0,10,293,2,0,1034,221,3362,0
10,297,1247692,0,10,297,2,0,1037,75,1243,0
10,299,710060,0,10,299,2,0,1039,138,2177,0
6,62,3164012,0,6,62,14,0,1040,183,2196,0
7,48,2692944,0,7,48,15,0,1050,203,3062,0
7,58,2012906,0,7,58,15,0,1054,100,1578,0
10,326,898870,0,10,326,2,0,1066,201,3079,0
10,327,2069420,0,10,327,2,0,1067,222,3379,0
7,84,648430,0,7,84,15,0,1068,184,2498,0
10,335,1393724,0,10,335,2,0,1075,119,1911,0
10,336,2262826,0,10,336,2,0,1076,181,2804,0
10,345,95464,0,10,345,2,0,1085,232,3544,0
10,346,999600,0,10,346,2,0,1086,250,3781,0
10,349,4191336,0,10,349,2,0,1088,86,1432,0
10,350,40010,0,10,350,2,0,1089,128,2057,0
10,351,259666,0,10,351,2,0,1090,364,5265,0
10,352,424662,0,10,352,2,0,1091,366,5228,0
10,354,418440,0,10,354,2,0,1092,368,5230,0
10,358,95464,0,10,358,2,0,1096,231,3533,0
10,359,1000930,0,10,359,2,0,1097,249,3770,0
10,362,4191336,0,10,362,2,0,1099,85,1421,0
10,363,39986,0,10,363,2,0,1100,127,2046,0
10,364,259666,0,10,364,2,0,1101,351,5108,0
10,366,424936,0,10,366,2,0,1102,352,5071,0
10,368,418440,0,10,368,2,0,1104,354,5072,0
10,373,4033736,0,10,373,2,0,1109,288,4185,0
10,377,3552262,0,10,377,2,0,1113,388,3570,0
10,381,3671778,0,10,381,2,0,1117,391,5572,0
10,384,4033736,0,10,384,2,0,1120,287,4184,0
10,388,3563816,0,10,388,2,0,1124,377,3559,0
10,391,3674444,0,10,391,2,0,1127,381,5449,0
10,394,715802,0,10,394,2,0,1130,307,4394,0
10,397,2122602,0,10,397,2,0,1133,153,2260,0
10,398,2807820,0,10,398,2,0,1134,194,2851,0
10,399,945516,0,10,399,2,0,1135,408,3589,0
10,401,1642248,0,10,401,2,0,1136,409,5773,0
10,403,715802,0,10,403,2,0,1138,306,4393,0
10,406,2122602,0,10,406,2,0,1141,152,2259,0
10,407,2815974,0,10,407,2,0,1142,193,2850,0
10,408,945516,0,10,408,2,0,1143,399,3581,0
10,409,1662596,0,10,409,2,0,1144,401,5678,0
10,411,66228,0,10,411,2,0,1145,238,3599,0
10,412,233138,0,10,412,2,0,1146,325,4747,0
10,418,66228,0,10,418,2,0,1151,237,3593,0
10,419,222918,0,10,419,2,0,1152,324,4741,0
11,28,2424058,0,11,28,3,0,1160,205,3140,0
11,29,1478898,0,11,29,3,0,1161,279,4159,0
11,31,1988648,0,11,31,3,0,1163,313,4601,0
11,40,994720,0,11,40,3,0,1168,211,3249,0
11,41,994720,0,11,41,3,0,1169,210,3237,0
11,42,223502,0,11,42,3,0,1170,385,5505,0
11,43,223502,0,11,43,3,0,1171,374,5376,0
11,44,2028518,0,11,44,3,0,1172,405,5730,0
11,45,2028518,0,11,45,3,0,1173,396,5629,0
11,71,710060,0,11,71,3,0,1176,204,3139,0
4,72,2072328,0,4,72,12,0,1185,243,1653,0
