247,41,139102,0,247,41,76,0,17157,210,41873,0
247,94,104002,0,247,94,76,0,17165,261,47801,0
247,97,384096,0,247,97,76,0,17167,314,48372,0
247,98,252442,0,247,98,76,0,17168,334,61937,0
247,105,252442,0,247,105,76,0,17172,185,37537,0
227,158,228506,0,227,158,115,0,17183,283,47995,0
61,158,5717336,0,61,158,162,0,17185,283,45563,0
227,160,288590,0,227,160,115,0,17186,317,59422,0
104,74,3090974,0,104,74,164,0,17188,245,22188,0
227,168,271966,0,227,168,115,0,17190,319,59736,0
227,169,271966,0,227,169,115,0,17191,318,59595,0
227,170,252952,0,227,170,115,0,17192,321,45610,0
227,171,252952,0,227,171,115,0,17193,320,45600,0
227,174,379478,0,227,174,115,0,17196,422,48100,0
227,175,379478,0,227,175,115,0,17197,415,48094,0
247,156,82532,0,247,156,76,0,17198,208,41081,0
247,158,1398514,0,247,158,76,0,17200,283,45548,0
143,159,700996,0,143,159,82,0,17206,316,30146,0
57,327,583796,0,57,327,79,0,17207,222,37580,0
247,174,311870,0,247,174,76,0,17214,422,49512,0
247,175,311870,0,247,175,76,0,17215,415,49439,0
62,74,46322,0,62,74,183,0,17217,245,47950,0
62,77,587634,0,62,77,183,0,17218,333,59468,0
62,82,2329538,0,62,82,183,0,17223,143,28214,0
62,85,1688814,0,62,85,183,0,17224,362,59494,0
62,86,1688814,0,62,86,183,0,17225,349,59483,0
62,91,427358,0,62,91,183,0,17230,256,49471,0
62,92,427358,0,62,92,183,0,17231,255,49398,0
34,53,724446,0,34,53,78,0,17232,296,43038,0
247,198,555336,0,247,198,76,0,17233,239,46731,0
38,73,46838,0,38,73,161,0,17234,244,46746,0
247,200,294316,0,247,200,76,0,17235,310,58138,0
247,201,444140,0,247,201,76,0,17236,326,60447,0
247,206,931266,0,247,206,76,0,17241,114,24245,0
57,167,1664318,0,57,167,79,0,17258,188,35842,0
57,168,33154,0,57,168,79,0,17259,319,59689,0
57,169,33154,0,57,169,79,0,17260,318,59548,0
57,174,594554,0,57,174,79,0,17265,422,49470,0
57,175,594554,0,57,175,79,0,17266,415,49397,0
101,164,4883816,0,101,164,80,0,17267,104,22384,0
104,80,473444,0,104,80,164,0,17268,101,20531,0
52,164,3090974,0,52,164,280,0,17269,104,20270,0
34,164,472686,0,34,164,78,0,17271,104,22870,0
104,87,1646336,0,104,87,164,0,17274,252,22395,0
104,88,1646336,0,104,88,164,0,17275,251,22396,0
104,91,2214998,0,104,91,164,0,17278,256,22483,0
104,92,2214998,0,104,92,164,0,17279,255,22476,0
52,165,228506,0,52,165,280,0,17285,125,24521,0
52,167,288590,0,52,167,280,0,17287,188,35902,0
52,168,271966,0,52,168,280,0,17288,319,59688,0
52,169,271966,0,52,169,280,0,17289,318,59547,0
52,174,379478,0,52,174,280,0,17294,422,26522,0
52,175,379478,0,52,175,280,0,17295,415,26516,0
143,76,4883816,0,143,76,82,0,17296,247,30087,0
38,82,1379092,0,38,82,161,0,17297,143,30074,0
143,165,1379092,0,143,165,82,0,17300,125,25078,0
143,167,2329538,0,143,167,82,0,17302,188,29460,0
143,168,191838,0,143,168,82,0,17303,319,30782,0
143,169,191838,0,143,169,82,0,17304,318,30770,0
143,172,1646336,0,143,172,82,0,17307,323,30148,0
143,173,1646336,0,143,173,82,0,17308,322,30149,0
143,174,193876,0,143,174,82,0,17309,422,30244,0
143,175,193876,0,143,175,82,0,17310,415,30237,0
184,156,236808,0,184,156,84,0,17311,208,40210,0
