142,67,122404,0,142,67,60,0,14283,236,46437,0
142,68,122404,0,142,68,60,0,14284,235,46353,0
142,72,702080,0,142,72,60,0,14287,243,47202,0
142,81,535232,0,142,81,60,0,14289,122,25652,0
142,85,490004,0,142,85,60,0,14291,362,37479,0
142,86,490004,0,142,86,60,0,14292,349,37478,0
142,91,1385548,0,142,91,60,0,14297,256,47091,0
142,92,1385548,0,142,92,60,0,14298,255,47084,0
142,115,506716,0,142,115,60,0,14299,227,45091,0
142,116,52244,0,142,116,60,0,14300,281,53860,0
142,125,487264,0,142,125,60,0,14307,165,33949,0
142,127,341758,0,142,127,60,0,14308,363,65944,0
142,128,341758,0,142,128,60,0,14309,350,64351,0
142,133,590534,0,142,133,60,0,14314,292,52900,0
142,134,590534,0,142,134,60,0,14315,291,52893,0
142,241,77228,0,142,241,60,0,14317,328,60897,0
142,248,77228,0,142,248,60,0,14323,178,36060,0
142,249,245386,0,142,249,60,0,14324,359,65307,0
142,250,245386,0,142,250,60,0,14325,346,63714,0
142,253,134340,0,142,253,60,0,14328,90,19887,0
142,254,134340,0,142,254,60,0,14329,89,19787,0
142,255,128878,0,142,255,60,0,14330,92,17142,0
142,256,128878,0,142,256,60,0,14331,91,17135,0
142,274,260854,0,142,274,60,0,14332,199,39698,0
142,275,445034,0,142,275,60,0,14333,220,43461,0
142,277,120824,0,142,277,60,0,14334,312,58431,0
142,287,876580,0,142,287,60,0,14342,384,68328,0
142,288,876580,0,142,288,60,0,14343,373,67019,0
142,289,199180,0,142,289,60,0,14344,132,27852,0
142,290,199180,0,142,290,60,0,14345,131,27755,0
142,304,762378,0,142,304,60,0,14357,151,28966,0
142,305,762378,0,142,305,60,0,14358,150,28965,0
142,312,291252,0,142,312,60,0,14364,277,52738,0
142,315,425660,0,142,315,60,0,14367,118,25007,0
142,318,32936,0,142,318,60,0,14369,169,29304,0
142,319,32936,0,142,319,60,0,14370,168,29292,0
142,320,82160,0,142,320,60,0,14371,171,29223,0
142,321,80554,0,142,321,60,0,14372,170,29222,0
142,324,268032,0,142,324,60,0,14375,419,31865,0
142,325,268032,0,142,325,60,0,14376,412,31791,0
142,328,323646,0,142,328,60,0,14377,241,46946,0
142,330,853764,0,142,330,60,0,14378,278,52753,0
142,333,395262,0,142,333,60,0,14381,77,16941,0
142,335,311562,0,142,335,60,0,14382,119,25024,0
142,337,88736,0,142,337,60,0,14384,190,29526,0
142,338,88736,0,142,338,60,0,14385,189,29515,0
142,343,227980,0,142,343,60,0,14390,420,31874,0
142,344,227980,0,142,344,60,0,14391,413,31800,0
142,346,780408,0,142,346,60,0,14393,250,47034,0
142,347,350906,0,142,347,60,0,14394,286,52844,0
142,349,556466,0,142,349,60,0,14395,86,17085,0
142,352,116188,0,142,352,60,0,14398,366,31270,0
142,356,1257090,0,142,356,60,0,14400,370,31346,0
142,357,1168298,0,142,357,60,0,14401,369,31341,0
142,359,780408,0,142,359,60,0,14403,249,47022,0
142,360,350906,0,142,360,60,0,14404,285,52833,0
142,362,556466,0,142,362,60,0,14405,85,17073,0
142,366,120144,0,142,366,60,0,14408,352,31132,0
142,369,1171286,0,142,369,60,0,14410,357,31209,0
142,370,1260078,0,142,370,60,0,14411,356,31202,0
142,371,456904,0,142,371,60,0,14412,213,29663,0
142,372,539988,0,142,372,60,0,14413,269,30288,0
142,373,250780,0,142,373,60,0,14414,288,52777,0
142,376,309828,0,142,376,60,0,14417,130,25069,0
