166,370,616592,0,166,370,146,0,30789,356,57344,0
166,371,688116,0,166,371,146,0,30790,213,34402,0
166,372,2214998,0,166,372,146,0,30791,269,49864,0
166,373,18962,0,166,373,146,0,30792,288,53015,0
166,377,1775138,0,166,377,146,0,30796,388,34293,0
166,379,1452332,0,166,379,146,0,30798,389,35050,0
166,382,688116,0,166,382,146,0,30800,212,34401,0
166,383,2214998,0,166,383,146,0,30801,268,49863,0
166,384,18962,0,166,384,146,0,30802,287,53014,0
166,388,1766806,0,166,388,146,0,30806,377,34283,0
166,389,1453956,0,166,389,146,0,30807,379,34949,0
166,393,484668,0,166,393,146,0,30810,215,40077,0
166,394,738556,0,166,394,146,0,30811,307,34308,0
166,399,1400720,0,166,399,146,0,30815,408,35234,0
166,402,484668,0,166,402,146,0,30818,214,40068,0
166,403,738556,0,166,403,146,0,30819,306,34300,0
166,408,1400720,0,166,408,146,0,30823,399,35142,0
166,411,493726,0,166,411,146,0,30826,238,45459,0
166,415,29748,0,166,415,146,0,30829,175,34320,0
166,417,821118,0,166,417,146,0,30831,424,58027,0
166,418,493726,0,166,418,146,0,30832,237,45453,0
166,422,29748,0,166,422,146,0,30835,174,34314,0
166,424,821118,0,166,424,146,0,30837,417,57959,0
187,27,184392,0,187,27,147,0,30840,242,47355,0
160,326,1085838,0,160,326,317,0,30846,201,33179,0
187,40,548334,0,187,40,147,0,30848,211,40256,0
187,41,548334,0,187,41,147,0,30849,210,40255,0
187,42,234488,0,187,42,147,0,30850,385,57650,0
187,43,234488,0,187,43,147,0,30851,374,57533,0
187,44,160348,0,187,44,147,0,30852,405,70795,0
187,45,160348,0,187,45,147,0,30853,396,69758,0
187,69,465004,0,187,69,147,0,30872,421,72637,0
187,70,465004,0,187,70,147,0,30873,414,71796,0
187,71,236356,0,187,71,147,0,30874,204,40987,0
187,72,565538,0,187,72,147,0,30875,243,47573,0
179,71,434114,0,179,71,265,0,30876,204,34044,0
187,75,33596,0,187,75,147,0,30877,297,56323,0
187,84,265936,0,187,84,147,0,30882,184,37490,0
187,89,876,0,187,89,147,0,30887,254,49329,0
187,90,876,0,187,90,147,0,30888,253,49234,0
187,114,845924,0,187,114,147,0,30891,206,41407,0
187,115,435148,0,187,115,147,0,30892,227,45109,0
187,116,45434,0,187,116,147,0,30893,281,53896,0
187,127,80634,0,187,127,147,0,30898,363,53264,0
187,128,80634,0,187,128,147,0,30899,350,53263,0
187,131,596864,0,187,131,147,0,30902,290,55277,0
187,132,596864,0,187,132,147,0,30903,289,55185,0
187,133,125062,0,187,133,147,0,30904,292,54275,0
187,134,125062,0,187,134,147,0,30905,291,54268,0
30,341,1109132,0,30,341,207,0,30919,404,51982,0
30,342,1109132,0,30,342,207,0,30920,395,51891,0
53,32,2403188,0,53,32,296,0,30923,331,34391,0
54,96,832526,0,54,96,229,0,30924,263,49616,0
54,137,1252310,0,54,137,229,0,30925,282,52535,0
54,138,1214340,0,54,138,229,0,30926,299,34223,0
53,138,264126,0,53,138,296,0,30931,299,33027,0
54,148,1148310,0,54,148,229,0,30932,303,34265,0
54,149,1148310,0,54,149,229,0,30933,302,34253,0
187,277,257168,0,187,277,147,0,30972,312,58448,0
187,284,10612,0,187,284,147,0,30978,180,36505,0
187,285,492768,0,187,285,147,0,30979,360,65498,0
187,286,492768,0,187,286,147,0,30980,347,63905,0
187,287,155944,0,187,287,147,0,30981,384,68358,0
187,288,155944,0,187,288,147,0,30982,373,67049,0
