316,109,400540,0,316,109,159,0,32662,375,67382,0
316,112,54298,0,316,112,159,0,32665,273,52172,0
316,113,54298,0,316,113,159,0,32666,272,52099,0
316,118,560374,0,316,118,159,0,32671,315,59099,0
316,127,242906,0,316,127,159,0,32676,363,66024,0
316,128,242906,0,316,128,159,0,32677,350,64431,0
316,131,762378,0,316,131,159,0,32680,290,54367,0
316,132,762378,0,316,132,159,0,32681,289,54366,0
316,156,53130,0,316,156,159,0,32684,208,41860,0
61,327,2710942,0,61,327,162,0,32694,222,38291,0
316,168,899744,0,316,168,159,0,32695,319,59296,0
316,169,899744,0,316,169,159,0,32696,318,59295,0
316,170,559108,0,316,170,159,0,32697,321,59298,0
316,171,558716,0,316,171,159,0,32698,320,59297,0
38,53,1675952,0,38,53,161,0,32703,296,43099,0
316,198,334368,0,316,198,159,0,32704,239,46792,0
316,199,77084,0,316,199,159,0,32705,274,52340,0
316,200,181112,0,316,200,159,0,32706,310,58182,0
316,212,28586,0,316,212,159,0,32716,382,68103,0
316,213,28586,0,316,213,159,0,32717,371,66794,0
61,156,620066,0,61,156,162,0,32722,208,39323,0
61,168,1309250,0,61,168,162,0,32730,319,38508,0
61,169,1309250,0,61,169,162,0,32731,318,38375,0
61,174,436460,0,61,174,162,0,32736,422,72317,0
61,175,436460,0,61,175,162,0,32737,415,71476,0
83,168,968932,0,83,168,163,0,32746,319,59315,0
83,169,968932,0,83,169,163,0,32747,318,59303,0
316,277,560374,0,316,277,159,0,32771,312,58523,0
316,285,242906,0,316,285,159,0,32778,360,65556,0
316,286,242906,0,316,286,159,0,32779,347,63963,0
146,76,700996,0,146,76,166,0,32786,247,46992,0
146,158,1772924,0,146,158,166,0,32787,283,52804,0
146,172,387210,0,146,172,166,0,32797,323,59355,0
146,173,387210,0,146,173,166,0,32798,322,59348,0
177,48,1078440,0,177,48,230,0,32801,203,40268,0
55,327,2299566,0,55,327,332,0,32809,222,36899,0
64,327,481978,0,64,327,348,0,32810,222,38293,0
63,327,481978,0,63,327,361,0,32811,222,38292,0
66,327,392862,0,66,327,233,0,32812,222,38295,0
65,327,397220,0,65,327,234,0,32813,222,38294,0
177,67,375862,0,177,67,230,0,32814,236,46443,0
177,68,375862,0,177,68,230,0,32815,235,46359,0
177,69,266260,0,177,69,230,0,32816,421,72574,0
177,70,266260,0,177,70,230,0,32817,414,71733,0
190,55,1729392,0,190,55,337,0,32818,332,45566,0
316,351,926456,0,316,351,159,0,32824,364,59320,0
316,352,1147924,0,316,352,159,0,32825,366,59322,0
316,353,1140590,0,316,353,159,0,32826,365,59321,0
316,354,32704,0,316,354,159,0,32827,368,59324,0
316,357,845140,0,316,357,159,0,32830,369,66595,0
189,55,1729392,0,189,55,338,0,32831,332,45565,0
316,364,926456,0,316,364,159,0,32837,351,59308,0
316,365,1125324,0,316,365,159,0,32838,353,59310,0
316,366,1163190,0,316,366,159,0,32839,352,59309,0
316,368,32704,0,316,368,159,0,32841,354,59311,0
316,369,845140,0,316,369,159,0,32842,357,65058,0
316,377,1634814,0,316,377,159,0,32850,388,59343,0
316,388,1621010,0,316,388,159,0,32860,377,59333,0
68,327,796004,0,68,327,235,0,32868,222,38297,0
316,399,1012636,0,316,399,159,0,32869,408,59358,0
67,327,796004,0,67,327,236,0,32876,222,38296,0
316,408,1012636,0,316,408,159,0,32877,399,59351,0
316,411,213064,0,316,411,159,0,32880,238,46609,0
316,412,1037932,0,316,412,159,0,32881,325,60326,0
