141,100,536992,0,141,100,37,0,7168,58,12263,0
138,28,669944,0,138,28,299,0,7170,205,25103,0
141,104,1251664,0,141,104,37,0,7171,164,29203,0
141,108,1766674,0,141,108,37,0,7174,386,31526,0
141,109,1766674,0,141,109,37,0,7175,375,31402,0
141,110,1037000,0,141,110,37,0,7176,271,27853,0
141,111,1037000,0,141,111,37,0,7177,270,27756,0
205,310,746006,0,205,310,28,0,7180,200,33821,0
161,104,1114692,0,161,104,38,0,7181,164,32998,0
205,314,788752,0,205,314,28,0,7184,97,21315,0
205,318,532974,0,205,318,28,0,7187,169,33252,0
205,319,532974,0,205,319,28,0,7188,168,33251,0
205,322,1186184,0,205,322,28,0,7191,173,33891,0
205,323,1186184,0,205,323,28,0,7192,172,33882,0
205,324,82752,0,205,324,28,0,7193,419,33863,0
205,325,82752,0,205,325,28,0,7194,412,33872,0
205,326,295512,0,205,326,28,0,7195,201,40173,0
182,124,1304214,0,182,124,39,0,7199,145,30494,0
205,333,142234,0,205,333,28,0,7202,77,17521,0
205,336,17772,0,205,336,28,0,7204,181,36801,0
205,341,27340,0,205,341,28,0,7209,404,70689,0
205,342,27340,0,205,342,28,0,7210,395,69652,0
205,345,524690,0,205,345,28,0,7213,232,44236,0
205,346,1419094,0,205,346,28,0,7214,250,25941,0
107,114,2045980,0,107,114,266,0,7215,206,17835,0
205,348,769612,0,205,348,28,0,7216,64,13443,0
86,114,859164,0,86,114,349,0,7217,206,17850,0
205,352,558360,0,205,352,28,0,7220,366,66354,0
205,355,515002,0,205,355,28,0,7222,367,51638,0
205,356,1918978,0,205,356,28,0,7223,370,41308,0
205,357,1841062,0,205,357,28,0,7224,369,41307,0
205,358,524690,0,205,358,28,0,7225,231,44235,0
205,359,1419094,0,205,359,28,0,7226,249,25940,0
106,114,2045980,0,106,114,267,0,7227,206,17834,0
205,361,769612,0,205,361,28,0,7228,63,13442,0
85,114,859164,0,85,114,362,0,7229,206,17849,0
205,366,558360,0,205,366,28,0,7232,352,64673,0
205,367,515002,0,205,367,28,0,7233,355,51504,0
205,369,1841062,0,205,369,28,0,7235,357,41297,0
205,370,1918978,0,205,370,28,0,7236,356,41296,0
205,376,1046892,0,205,376,28,0,7240,130,27688,0
205,377,329328,0,205,377,28,0,7241,388,68958,0
205,387,1046892,0,205,387,28,0,7248,129,27589,0
205,388,329328,0,205,388,28,0,7249,377,67649,0
205,397,454260,0,205,397,28,0,7256,153,30405,0
205,398,372834,0,205,398,28,0,7257,194,37835,0
205,399,975246,0,205,399,28,0,7258,408,52029,0
205,401,926482,0,205,401,28,0,7259,409,52003,0
205,406,454260,0,205,406,28,0,7263,152,30397,0
205,407,372834,0,205,407,28,0,7264,193,37827,0
205,408,975246,0,205,408,28,0,7265,399,51938,0
205,409,926482,0,205,409,28,0,7266,401,51912,0
205,413,252952,0,205,413,28,0,7269,344,50891,0
205,414,878674,0,205,414,28,0,7270,70,13449,0
205,415,961036,0,205,415,28,0,7271,175,33258,0
205,416,708866,0,205,416,28,0,7272,196,37114,0
205,420,252952,0,205,420,28,0,7276,343,50890,0
205,421,878674,0,205,421,28,0,7277,69,13448,0
205,422,961036,0,205,422,28,0,7278,174,33257,0
205,423,708866,0,205,423,28,0,7279,195,37113,0
279,38,410672,0,279,38,29,0,7289,161,33263,0
279,40,76476,0,279,40,29,0,7291,211,42371,0
279,41,76476,0,279,41,29,0,7292,210,42239,0
279,44,425284,0,279,44,29,0,7295,405,70846,0
