196,136,160488,0,196,136,416,0,31829,246,47243,0
196,152,640032,0,196,152,416,0,31836,406,70732,0
309,411,143746,0,309,411,154,0,31839,238,45464,0
309,412,1374658,0,309,412,154,0,31840,325,57049,0
309,413,462784,0,309,413,154,0,31841,344,57220,0
309,417,210396,0,309,417,154,0,31845,424,58032,0
308,48,87380,0,308,48,155,0,31846,203,40839,0
195,53,268032,0,195,53,423,0,31851,296,45393,0
237,139,307742,0,237,139,418,0,31852,300,56212,0
174,135,378486,0,174,135,422,0,31855,228,33471,0
308,62,43580,0,308,62,155,0,31856,183,37377,0
308,158,987372,0,308,158,155,0,31862,283,54189,0
46,156,1702874,0,46,156,217,0,31867,208,38146,0
308,175,1233240,0,308,175,155,0,31868,415,57947,0
308,178,160488,0,308,178,155,0,31870,248,48244,0
174,140,33154,0,174,140,422,0,31877,301,34251,0
308,193,1343554,0,308,193,155,0,31878,407,70985,0
308,220,146000,0,308,220,155,0,31882,275,52589,0
308,222,43580,0,308,222,155,0,31884,327,60737,0
69,139,307742,0,69,139,421,0,31890,300,35898,0
174,137,168032,0,174,137,422,0,31894,282,53018,0
174,146,365440,0,174,146,422,0,31898,166,32799,0
174,147,33154,0,174,147,422,0,31899,187,33039,0
195,135,227980,0,195,135,423,0,31902,228,44015,0
195,136,160488,0,195,136,423,0,31903,246,47242,0
195,153,640032,0,195,153,423,0,31911,397,69695,0
308,418,142694,0,308,418,155,0,31913,237,45458,0
308,419,1374658,0,308,419,155,0,31914,324,57043,0
308,420,462784,0,308,420,155,0,31915,343,57214,0
308,424,210396,0,308,424,155,0,31919,417,57964,0
208,28,309214,0,208,28,156,0,31923,205,40501,0
201,31,1023706,0,201,31,326,0,31926,313,58635,0
208,44,680920,0,208,44,156,0,31936,405,70810,0
208,45,680920,0,208,45,156,0,31937,396,69773,0
208,46,621864,0,208,46,156,0,31938,217,40644,0
208,47,621864,0,208,47,156,0,31939,216,40637,0
208,49,202270,0,208,49,156,0,31941,224,44473,0
208,51,144242,0,208,51,156,0,31943,260,50235,0
201,55,725236,0,201,55,326,0,31945,332,56110,0
208,72,65782,0,208,72,156,0,31961,243,47589,0
208,76,294316,0,208,76,156,0,31963,247,48358,0
208,85,345448,0,208,85,156,0,31966,362,65816,0
208,86,345448,0,208,86,156,0,31967,349,64223,0
208,89,296196,0,208,89,156,0,31970,254,49341,0
208,90,296196,0,208,90,156,0,31971,253,49246,0
208,93,844934,0,208,93,156,0,31974,226,44233,0
208,97,257056,0,208,97,156,0,31976,314,58687,0
208,105,376984,0,208,105,156,0,31979,185,37105,0
208,110,160488,0,208,110,156,0,31984,271,51999,0
208,111,160488,0,208,111,156,0,31985,270,51908,0
208,114,410672,0,208,114,156,0,31988,206,41425,0
208,127,69836,0,208,127,156,0,31999,363,65972,0
208,128,69836,0,208,128,156,0,32000,350,64379,0
208,129,437746,0,208,129,156,0,32001,387,68793,0
208,130,437746,0,208,130,156,0,32002,376,67484,0
208,131,833192,0,208,131,156,0,32003,290,55288,0
208,132,833192,0,208,132,156,0,32004,289,55196,0
208,157,87620,0,208,157,156,0,32008,264,51018,0
208,159,181112,0,208,159,156,0,32010,316,59247,0
208,168,548392,0,208,168,156,0,32015,319,58721,0
208,169,548392,0,208,169,156,0,32016,318,58720,0
208,172,449202,0,208,172,156,0,32019,323,60166,0
208,173,449202,0,208,173,156,0,32020,322,60080,0
83,137,461042,0,83,137,163,0,32024,282,54102,0
