26,134,67974,0,26,134,223,0,44134,291,52424,0
26,168,476374,0,26,168,223,0,44143,319,58202,0
26,169,476374,0,26,169,223,0,44144,318,58191,0
26,172,198440,0,26,172,223,0,44147,323,60125,0
26,173,198440,0,26,173,223,0,44148,322,60039,0
26,189,18090,0,26,189,223,0,44162,338,60530,0
26,190,18090,0,26,190,223,0,44163,337,60519,0
26,278,472406,0,26,278,223,0,44246,330,61273,0
26,294,374536,0,26,294,223,0,44261,240,46672,0
26,295,36638,0,26,295,223,0,44262,276,52248,0
26,311,466872,0,26,311,223,0,44276,258,49775,0
26,341,478508,0,26,341,223,0,44303,404,70604,0
26,342,478508,0,26,342,223,0,44304,395,69567,0
26,343,256784,0,26,343,223,0,44305,420,72448,0
26,344,256784,0,26,344,223,0,44306,413,71607,0
26,347,13634,0,26,347,223,0,44308,286,52379,0
26,355,42256,0,26,355,223,0,44315,367,66412,0
26,360,13634,0,26,360,223,0,44319,285,52368,0
26,367,42256,0,26,367,223,0,44325,355,64887,0
26,395,263182,0,26,395,223,0,44350,342,63265,0
26,399,120632,0,26,399,223,0,44354,408,71141,0
26,400,810460,0,26,400,223,0,44355,410,70481,0
26,404,263182,0,26,404,223,0,44357,341,63186,0
26,408,120632,0,26,408,223,0,44361,399,70104,0
26,410,816232,0,26,410,223,0,44362,400,69444,0
26,413,487140,0,26,413,223,0,44364,344,60582,0
26,420,487140,0,26,420,223,0,44370,343,60575,0
49,97,24692,0,49,97,224,0,44397,314,58813,0
49,112,104710,0,49,112,224,0,44409,273,52121,0
49,113,104710,0,49,113,224,0,44410,272,52048,0
49,129,129630,0,49,129,224,0,44422,387,68748,0
49,130,129630,0,49,130,224,0,44423,376,67439,0
49,193,293708,0,49,193,224,0,44459,407,71018,0
49,194,293708,0,49,194,224,0,44460,398,69981,0
49,195,113798,0,49,195,224,0,44461,423,72829,0
49,196,113798,0,49,196,224,0,44462,416,71988,0
49,200,66710,0,49,200,224,0,44465,310,58053,0
49,259,54092,0,49,259,224,0,44521,329,61060,0
49,285,8324,0,49,285,224,0,44545,360,65431,0
49,286,8324,0,49,286,224,0,44546,347,63838,0
49,287,188234,0,49,287,224,0,44547,384,68292,0
49,288,188234,0,49,288,224,0,44548,373,66983,0
49,311,40030,0,49,311,224,0,44569,258,49559,0
49,328,31348,0,49,328,224,0,44584,241,47117,0
49,346,185018,0,49,346,224,0,44600,250,48839,0
49,351,3746,0,49,351,224,0,44605,364,66085,0
49,353,568504,0,49,353,224,0,44606,365,65098,0
49,354,21514,0,49,354,224,0,44607,368,65100,0
49,355,431958,0,49,355,224,0,44608,367,65099,0
49,356,293654,0,49,356,224,0,44609,370,66604,0
49,359,185018,0,49,359,224,0,44611,249,48714,0
49,364,3746,0,49,364,224,0,44616,351,64492,0
49,365,568504,0,49,365,224,0,44617,353,63505,0
49,367,431958,0,49,367,224,0,44618,355,63507,0
49,368,21514,0,49,368,224,0,44619,354,63506,0
49,370,293654,0,49,370,224,0,44621,356,64955,0
49,372,621864,0,49,372,224,0,44623,269,49570,0
49,373,193532,0,49,373,224,0,44624,288,52470,0
49,380,203118,0,49,380,224,0,44631,392,69226,0
49,383,621864,0,49,383,224,0,44634,268,49569,0
49,384,193532,0,49,384,224,0,44635,287,52469,0
49,392,203118,0,49,392,224,0,44643,380,67865,0
49,394,295456,0,49,394,224,0,44645,307,55515,0
49,395,412050,0,49,395,224,0,44646,342,60622,0
