46,326,1301838,0,46,326,217,0,29123,201,38133,0
299,424,168458,0,299,424,138,0,29124,417,56889,0
201,54,25542,0,201,54,326,0,29126,229,44267,0
190,31,477322,0,190,31,337,0,29135,313,41706,0
189,31,477322,0,189,31,338,0,29136,313,41705,0
201,172,1070950,0,201,172,326,0,29139,323,60160,0
201,173,1070950,0,201,173,326,0,29140,322,60074,0
201,174,542290,0,201,174,326,0,29141,422,41777,0
201,175,542290,0,201,175,326,0,29142,415,41771,0
264,137,742190,0,264,137,157,0,29145,282,41673,0
264,139,1010964,0,264,139,157,0,29146,300,56943,0
188,28,657600,0,188,28,167,0,29152,205,37758,0
264,150,259754,0,264,150,157,0,29155,305,57665,0
264,151,259754,0,264,151,157,0,29156,304,57548,0
264,152,17292,0,264,152,157,0,29157,406,51148,0
264,153,17292,0,264,153,157,0,29158,397,51139,0
300,116,135086,0,300,116,139,0,29163,281,53967,0
300,118,201134,0,300,118,139,0,29165,315,59084,0
300,131,539988,0,300,131,139,0,29173,290,54442,0
300,132,539988,0,300,132,139,0,29174,289,54433,0
300,133,764126,0,300,133,139,0,29175,292,54277,0
300,134,764126,0,300,134,139,0,29176,291,54270,0
300,157,104002,0,300,157,139,0,29178,264,50868,0
300,158,225882,0,300,158,139,0,29179,283,54182,0
38,156,669944,0,38,156,161,0,29186,208,38139,0
37,53,129472,0,37,53,141,0,29195,296,43084,0
38,152,1070950,0,38,152,161,0,29209,406,60134,0
38,153,1070950,0,38,153,161,0,29210,397,60048,0
60,156,207526,0,60,156,142,0,29213,208,39308,0
60,157,46838,0,60,157,142,0,29214,264,49661,0
60,174,307742,0,60,174,142,0,29226,422,57975,0
60,175,307742,0,60,175,142,0,29227,415,57907,0
300,277,201134,0,300,277,139,0,29259,312,58509,0
181,31,504788,0,181,31,336,0,29273,313,40254,0
187,158,2014932,0,187,158,147,0,29276,283,53256,0
187,172,1902218,0,187,172,147,0,29285,323,46469,0
187,173,1902218,0,187,173,147,0,29286,322,46385,0
187,174,1172544,0,187,174,147,0,29287,422,42919,0
187,175,1172544,0,187,175,147,0,29288,415,42844,0
190,53,32936,0,190,53,337,0,29289,296,45388,0
300,346,675946,0,300,346,139,0,29290,250,48224,0
300,352,3652338,0,300,352,139,0,29296,366,57000,0
300,353,1731280,0,300,353,139,0,29297,365,56999,0
189,53,32936,0,189,53,338,0,29301,296,45387,0
300,359,675946,0,300,359,139,0,29302,249,48223,0
300,365,1720990,0,300,365,139,0,29308,353,56989,0
300,366,3669656,0,300,366,139,0,29309,352,56988,0
300,378,487640,0,300,378,139,0,29320,390,60029,0
300,380,675386,0,300,380,139,0,29322,392,57720,0
300,390,480282,0,300,390,139,0,29331,378,59916,0
300,392,660056,0,300,392,139,0,29332,380,57597,0
300,394,1283056,0,300,394,139,0,29334,307,57033,0
300,395,360192,0,300,395,139,0,29335,342,59529,0
300,398,360192,0,300,398,139,0,29337,194,38350,0
300,403,1283056,0,300,403,139,0,29342,306,57025,0
300,404,360192,0,300,404,139,0,29343,341,59521,0
300,407,360192,0,300,407,139,0,29345,193,38342,0
300,411,372,0,300,411,139,0,29349,238,45462,0
300,413,454260,0,300,413,139,0,29351,344,57218,0
300,416,454260,0,300,416,139,0,29353,196,38210,0
300,418,372,0,300,418,139,0,29355,237,45456,0
300,420,454260,0,300,420,139,0,29357,343,57212,0
300,423,454260,0,300,423,139,0,29359,195,38204,0
301,72,565538,0,301,72,140,0,29362,243,47639,0
