248,96,673524,0,248,96,178,0,36023,263,50823,0
248,97,252442,0,248,97,178,0,36024,314,48373,0
248,106,348868,0,248,106,178,0,36028,267,51586,0
248,107,348868,0,248,107,178,0,36029,266,51444,0
248,108,987372,0,248,108,178,0,36030,386,49142,0
248,109,987372,0,248,109,178,0,36031,375,49024,0
248,114,214574,0,248,114,178,0,36036,206,41050,0
248,117,207804,0,248,117,178,0,36039,298,56369,0
248,133,456618,0,248,133,178,0,36052,292,48101,0
248,134,456618,0,248,134,178,0,36053,291,48095,0
248,135,77228,0,248,135,178,0,36054,228,45342,0
248,138,49434,0,248,138,178,0,36057,299,56770,0
248,140,20178,0,248,140,178,0,36058,301,57113,0
248,148,502824,0,248,148,178,0,36063,303,57421,0
248,149,502824,0,248,149,178,0,36064,302,57287,0
248,176,5308,0,248,176,178,0,36071,209,42048,0
248,179,104068,0,248,179,178,0,36074,265,51251,0
248,189,199048,0,248,189,178,0,36081,338,62911,0
248,190,199048,0,248,190,178,0,36082,337,62783,0
39,51,640592,0,39,51,182,0,36089,260,43039,0
248,198,161778,0,248,198,178,0,36090,239,46732,0
248,201,720918,0,248,201,178,0,36091,326,60448,0
248,214,436954,0,248,214,178,0,36102,402,70413,0
248,215,436954,0,248,215,178,0,36103,393,69376,0
105,76,472686,0,105,76,185,0,36106,247,46789,0
105,87,168032,0,105,87,185,0,36114,252,49104,0
105,88,168032,0,105,88,185,0,36115,251,48986,0
126,75,237424,0,126,75,186,0,36120,297,55963,0
126,85,53888,0,126,85,186,0,36126,362,65536,0
126,86,53888,0,126,86,186,0,36127,349,63943,0
248,345,305150,0,248,345,178,0,36134,232,46029,0
248,346,826750,0,248,346,178,0,36135,250,48892,0
248,352,154308,0,248,352,178,0,36140,366,65866,0
248,353,1293318,0,248,353,178,0,36141,365,48663,0
248,356,1541106,0,248,356,178,0,36143,370,65911,0
248,357,180142,0,248,357,178,0,36144,369,49366,0
248,358,305150,0,248,358,178,0,36145,231,45911,0
248,359,826750,0,248,359,178,0,36146,249,48767,0
248,365,1293318,0,248,365,178,0,36151,353,48650,0
248,366,154308,0,248,366,178,0,36152,352,64273,0
248,369,166494,0,248,369,178,0,36154,357,49272,0
248,370,1527458,0,248,370,178,0,36155,356,64313,0
248,371,99296,0,248,371,178,0,36156,213,41103,0
248,372,764126,0,248,372,178,0,36157,269,47854,0
248,373,35226,0,248,373,178,0,36158,288,48034,0
248,377,69474,0,248,377,178,0,36162,388,48681,0
248,378,1172118,0,248,378,178,0,36163,390,49183,0
248,380,898788,0,248,380,178,0,36164,392,49197,0
248,381,590394,0,248,381,178,0,36165,391,49191,0
248,382,99296,0,248,382,178,0,36166,212,41102,0
248,383,764126,0,248,383,178,0,36167,268,47853,0
248,384,35226,0,248,384,178,0,36168,287,48033,0
248,388,74246,0,248,388,178,0,36172,377,48671,0
248,390,1178716,0,248,390,178,0,36173,378,49057,0
248,391,594432,0,248,391,178,0,36174,381,49079,0
248,392,898170,0,248,392,178,0,36175,380,49073,0
248,394,1472734,0,248,394,178,0,36177,307,56483,0
248,399,304646,0,248,399,178,0,36181,408,49373,0
248,400,966264,0,248,400,178,0,36182,410,49387,0
248,403,1472734,0,248,403,178,0,36185,306,56475,0
248,408,304646,0,248,408,178,0,36189,399,49278,0
248,410,964746,0,248,410,178,0,36191,400,49286,0
248,411,1150522,0,248,411,178,0,36192,238,44857,0
248,412,484668,0,248,412,178,0,36193,325,48497,0
