27,324,21926,0,27,324,242,0,47441,419,72352,0
27,325,21926,0,27,325,242,0,47442,412,71511,0
27,330,189472,0,27,330,242,0,47446,278,53112,0
27,343,224356,0,27,343,242,0,47458,420,72449,0
27,344,224356,0,27,344,242,0,47459,413,71608,0
27,353,338272,0,27,353,242,0,47467,365,66237,0
27,355,2024950,0,27,355,242,0,47469,367,66413,0
27,365,338272,0,27,365,242,0,47479,353,64732,0
27,367,2024950,0,27,367,242,0,47480,355,64888,0
27,377,390940,0,27,377,242,0,47489,388,68906,0
27,378,485610,0,27,378,242,0,47490,390,69103,0
27,379,1175178,0,27,379,242,0,47491,389,69031,0
27,388,390940,0,27,388,242,0,47499,377,67597,0
27,389,1175178,0,27,389,242,0,47500,379,67794,0
27,390,485610,0,27,390,242,0,47501,378,67722,0
72,42,242906,0,72,42,243,0,47543,385,68460,0
72,43,242906,0,72,43,243,0,47544,374,67151,0
72,138,956580,0,72,138,243,0,47551,299,56715,0
72,148,20430,0,72,148,243,0,47557,303,57372,0
72,149,20430,0,72,149,243,0,47558,302,57238,0
72,150,977982,0,72,150,243,0,47559,305,55720,0
72,151,977982,0,72,151,243,0,47560,304,55719,0
72,179,334368,0,72,179,243,0,47567,265,51183,0
72,191,1128928,0,72,191,243,0,47576,340,60856,0
72,192,1128928,0,72,192,243,0,47577,339,60855,0
72,193,28586,0,72,193,243,0,47578,407,71030,0
72,194,28586,0,72,194,243,0,47579,398,69993,0
72,212,242906,0,72,212,243,0,47593,382,68005,0
72,213,242906,0,72,213,243,0,47594,371,66696,0
72,241,53130,0,72,241,243,0,47601,328,60844,0
72,295,49434,0,72,295,243,0,47633,276,52698,0
72,306,400540,0,72,306,243,0,47644,403,70500,0
72,307,400540,0,72,307,243,0,47645,394,69463,0
72,329,334368,0,72,329,243,0,47663,259,49999,0
72,341,28586,0,72,341,243,0,47674,404,70630,0
72,342,28586,0,72,342,243,0,47675,395,69593,0
72,347,213064,0,72,347,243,0,47679,286,54855,0
72,352,917656,0,72,352,243,0,47684,366,65286,0
72,360,213064,0,72,360,243,0,47690,285,54736,0
72,366,935988,0,72,366,243,0,47696,352,63692,0
72,394,1504,0,72,394,243,0,47719,307,55722,0
72,403,1504,0,72,403,243,0,47728,306,55721,0
73,168,1462068,0,73,168,244,0,47771,319,58331,0
73,169,1462068,0,73,169,244,0,47772,318,58318,0
73,181,135086,0,73,181,244,0,47783,336,62501,0
73,189,539988,0,73,189,244,0,47788,338,61215,0
73,190,539988,0,73,190,244,0,47789,337,61203,0
73,191,764126,0,73,191,244,0,47790,340,61022,0
73,192,764126,0,73,192,244,0,47791,339,61012,0
73,259,225882,0,73,259,244,0,47798,329,60862,0
73,330,1381566,0,73,330,244,0,47844,278,53151,0
74,42,465004,0,74,42,245,0,47938,385,68461,0
74,43,465004,0,74,43,245,0,47939,374,67152,0
74,63,160348,0,74,63,245,0,47951,361,65340,0
74,64,160348,0,74,64,245,0,47952,348,63747,0
74,136,788752,0,74,136,245,0,47960,246,48122,0
74,140,561380,0,74,140,245,0,47962,301,57051,0
74,150,1186184,0,74,150,245,0,47967,305,55819,0
74,151,1186184,0,74,151,245,0,47968,304,55808,0
74,152,82752,0,74,152,245,0,47969,406,55797,0
74,153,82752,0,74,153,245,0,47970,397,55786,0
74,154,532974,0,74,154,245,0,47971,309,55739,0
74,155,532974,0,74,155,245,0,47972,308,55738,0
74,179,1044,0,74,179,245,0,47976,265,51184,0
