55,118,461534,0,55,118,332,0,48564,315,52527,0
178,285,101284,0,178,285,248,0,48616,360,65490,0
178,286,101284,0,178,286,248,0,48617,347,63897,0
178,343,327464,0,178,343,248,0,48639,420,72514,0
178,344,327464,0,178,344,248,0,48640,413,71673,0
178,347,708428,0,178,347,248,0,48643,286,53292,0
178,355,943258,0,178,355,248,0,48651,367,66433,0
178,357,64318,0,178,357,248,0,48652,369,66569,0
178,360,708428,0,178,360,248,0,48655,285,53280,0
178,367,943258,0,178,367,248,0,48662,355,64908,0
178,369,64318,0,178,369,248,0,48664,357,65032,0
88,342,1802968,0,88,342,251,0,48672,395,69054,0
87,341,1796376,0,87,341,252,0,48682,404,67817,0
178,401,56554,0,178,401,248,0,48692,409,71248,0
178,409,56554,0,178,409,248,0,48699,401,70267,0
178,417,148482,0,178,417,248,0,48706,424,72979,0
178,424,148482,0,178,424,248,0,48712,417,72138,0
359,51,206452,0,359,51,249,0,48715,260,50334,0
359,55,53524,0,359,55,249,0,48718,332,61826,0
359,116,219470,0,359,116,249,0,48731,281,54023,0
89,347,735190,0,89,347,254,0,48743,286,54864,0
91,347,400478,0,91,347,256,0,48744,286,54865,0
359,219,206452,0,359,219,249,0,48745,257,49716,0
359,220,251128,0,359,220,249,0,48746,275,52621,0
359,238,252086,0,359,238,249,0,48760,411,71499,0
359,241,826750,0,359,241,249,0,48762,328,61001,0
359,285,647584,0,359,285,249,0,48783,360,65563,0
359,287,12982,0,359,287,249,0,48784,384,68429,0
359,347,337122,0,359,347,249,0,48790,286,54910,0
359,351,862808,0,359,351,249,0,48794,364,66181,0
87,351,56302,0,87,351,252,0,48796,364,66112,0
89,351,1309442,0,89,351,254,0,48797,364,66114,0
91,351,590170,0,91,351,256,0,48799,364,66115,0
88,352,70332,0,88,352,251,0,48805,366,65395,0
88,355,473320,0,88,355,251,0,48806,367,65396,0
88,356,131386,0,88,356,251,0,48807,370,65398,0
88,357,2298256,0,88,357,251,0,48808,369,65397,0
87,106,669856,0,87,106,252,0,48810,267,51547,0
87,353,372446,0,87,353,252,0,48814,365,65387,0
87,355,2166324,0,87,355,252,0,48815,367,65388,0
87,356,1263818,0,87,356,252,0,48816,370,65390,0
87,357,1023214,0,87,357,252,0,48817,369,65389,0
89,355,189810,0,89,355,254,0,48823,367,65404,0
89,356,1894166,0,89,356,254,0,48824,370,65406,0
89,357,968088,0,89,357,254,0,48825,369,65405,0
92,168,943516,0,92,168,255,0,48827,319,59712,0
346,51,206452,0,346,51,250,0,48840,260,50323,0
346,55,53524,0,346,55,250,0,48843,332,61815,0
346,116,219470,0,346,116,250,0,48856,281,54012,0
90,360,735190,0,90,360,253,0,48868,285,54745,0
92,360,400478,0,92,360,255,0,48869,285,54746,0
346,219,206452,0,346,219,250,0,48870,257,49705,0
346,220,251128,0,346,220,250,0,48871,275,52610,0
346,237,252086,0,346,237,250,0,48884,418,72335,0
346,241,826750,0,346,241,250,0,48887,328,60990,0
346,286,647584,0,346,286,250,0,48908,347,63970,0
346,288,12982,0,346,288,250,0,48910,373,67113,0
346,360,337122,0,346,360,250,0,48915,285,54791,0
346,364,862808,0,346,364,250,0,48919,351,64588,0
88,364,50386,0,88,364,251,0,48920,351,64520,0
90,364,1309442,0,90,364,253,0,48922,351,64521,0
92,364,590170,0,92,364,255,0,48923,351,64523,0
88,107,666080,0,88,107,251,0,48926,266,51406,0
88,365,370964,0,88,365,251,0,48930,353,63802,0
