122,336,375706,0,122,336,81,0,18595,181,36761,0
122,337,198352,0,122,337,81,0,18596,190,38536,0
122,338,198352,0,122,338,81,0,18597,189,38403,0
122,351,329328,0,122,351,81,0,18608,364,66125,0
122,354,173080,0,122,354,81,0,18611,368,65539,0
122,357,167708,0,122,357,81,0,18612,369,65540,0
122,364,329328,0,122,364,81,0,18617,351,64532,0
122,368,173080,0,122,368,81,0,18620,354,63946,0
122,369,167708,0,122,369,81,0,18621,357,63947,0
122,372,454260,0,122,372,81,0,18623,269,47891,0
122,379,1794072,0,122,379,81,0,18628,389,49118,0
122,380,45078,0,122,380,81,0,18629,392,49120,0
122,383,454260,0,122,383,81,0,18632,268,47882,0
122,389,1797180,0,122,389,81,0,18637,379,49000,0
122,392,44556,0,122,392,81,0,18639,380,49001,0
111,27,119132,0,111,27,270,0,18640,242,22333,0
122,395,413050,0,122,395,81,0,18642,342,61369,0
122,397,961036,0,122,397,81,0,18644,153,28756,0
122,400,1499040,0,122,400,81,0,18647,410,26512,0
122,401,1690470,0,122,401,81,0,18648,409,26511,0
110,27,119132,0,110,27,271,0,18649,242,22332,0
122,404,413050,0,122,404,81,0,18651,341,61368,0
122,406,961036,0,122,406,81,0,18653,152,28755,0
122,409,1690470,0,122,409,81,0,18656,401,26504,0
122,410,1499040,0,122,410,81,0,18657,400,26503,0
122,412,1050696,0,122,412,81,0,18659,325,26296,0
122,413,732852,0,122,413,81,0,18660,344,61371,0
122,416,561450,0,122,416,81,0,18663,196,36568,0
122,419,1050696,0,122,419,81,0,18666,324,26295,0
122,420,732852,0,122,420,81,0,18667,343,61370,0
122,423,561450,0,122,423,81,0,18670,195,36567,0
143,48,303994,0,143,48,82,0,18672,203,29676,0
143,50,1114692,0,143,50,82,0,18674,225,30088,0
143,51,461042,0,143,51,82,0,18675,260,30118,0
143,55,840424,0,143,55,82,0,18677,332,30946,0
105,82,1379092,0,105,82,185,0,18679,143,21089,0
143,67,490004,0,143,67,82,0,18686,236,30165,0
143,68,490004,0,143,68,82,0,18687,235,30166,0
143,69,553792,0,143,69,82,0,18688,421,30245,0
143,70,553792,0,143,70,82,0,18689,414,30238,0
30,82,1114692,0,30,82,207,0,18691,143,30068,0
139,82,260948,0,139,82,300,0,18693,143,29229,0
143,85,2422280,0,143,85,82,0,18694,362,30094,0
143,86,2422280,0,143,86,82,0,18695,349,30093,0
143,87,1003012,0,143,87,82,0,18696,252,30092,0
143,88,1003012,0,143,88,82,0,18697,251,30091,0
143,89,2422280,0,143,89,82,0,18698,254,30089,0
143,90,2422280,0,143,90,82,0,18699,253,30090,0
143,91,1003012,0,143,91,82,0,18700,256,30096,0
143,92,1003012,0,143,92,82,0,18701,255,30095,0
143,115,1398606,0,143,115,82,0,18702,227,30156,0
143,118,472686,0,143,118,82,0,18704,315,30141,0
143,119,535232,0,143,119,82,0,18705,335,30940,0
143,124,702080,0,143,124,82,0,18709,145,28971,0
143,125,144854,0,143,125,82,0,18710,165,29228,0
143,129,1385548,0,143,129,82,0,18713,387,30206,0
143,130,1385548,0,143,130,82,0,18714,376,30195,0
40,82,490004,0,40,82,211,0,18715,143,30076,0
41,82,490004,0,41,82,210,0,18716,143,30077,0
143,219,461042,0,143,219,82,0,18719,257,30115,0
98,82,1379092,0,98,82,334,0,18724,143,20205,0
143,230,840424,0,143,230,82,0,18728,177,29454,0
143,237,553792,0,143,237,82,0,18735,418,30242,0
143,238,553792,0,143,238,82,0,18736,411,30235,0
