246,372,113666,0,246,372,136,0,28573,269,47822,0
246,377,1749800,0,246,377,136,0,28578,388,48287,0
246,378,1270682,0,246,378,136,0,28579,390,49182,0
246,382,128878,0,246,382,136,0,28583,212,41070,0
246,383,113666,0,246,383,136,0,28584,268,47821,0
246,388,1749800,0,246,388,136,0,28589,377,48276,0
246,390,1258276,0,246,390,136,0,28591,378,49056,0
246,393,556466,0,246,393,136,0,28594,215,41164,0
246,394,307972,0,246,394,136,0,28595,307,56482,0
246,395,1472734,0,246,395,136,0,28596,342,62046,0
246,398,1472734,0,246,398,136,0,28598,194,37643,0
246,399,931298,0,246,399,136,0,28599,408,49372,0
246,400,357400,0,246,400,136,0,28600,410,49356,0
246,401,709592,0,246,401,136,0,28601,409,49355,0
246,402,556466,0,246,402,136,0,28602,214,41156,0
246,403,307972,0,246,403,136,0,28603,306,56474,0
246,404,1472734,0,246,404,136,0,28604,341,62038,0
246,407,1472734,0,246,407,136,0,28606,193,37635,0
246,408,931298,0,246,408,136,0,28607,399,49277,0
246,409,709592,0,246,409,136,0,28608,401,49261,0
246,410,357400,0,246,410,136,0,28609,400,49260,0
246,411,381586,0,246,411,136,0,28610,238,44762,0
246,412,216512,0,246,412,136,0,28611,325,48230,0
175,136,17292,0,175,136,415,0,28614,246,33659,0
246,417,1611402,0,246,417,136,0,28616,424,48321,0
246,418,381586,0,246,418,136,0,28617,237,44761,0
246,419,216512,0,246,419,136,0,28618,324,48229,0
174,136,17292,0,174,136,422,0,28621,246,33658,0
246,424,1611402,0,246,424,136,0,28623,417,48314,0
282,25,31348,0,282,25,137,0,28624,202,40517,0
282,31,306324,0,282,31,137,0,28627,313,58703,0
282,65,698256,0,282,65,137,0,28651,234,46289,0
282,66,698256,0,282,66,137,0,28652,233,46170,0
282,69,521882,0,282,69,137,0,28655,421,72689,0
282,70,521882,0,282,70,137,0,28656,414,71848,0
282,115,320300,0,282,115,137,0,28658,227,45159,0
282,118,92816,0,282,118,137,0,28661,315,59068,0
282,129,327464,0,282,129,137,0,28669,387,68820,0
282,130,327464,0,282,130,137,0,28670,376,67511,0
282,131,731398,0,282,131,137,0,28671,290,54064,0
282,132,731398,0,282,132,137,0,28672,289,54055,0
282,136,87620,0,282,136,137,0,28676,246,48190,0
282,138,181112,0,282,138,137,0,28678,299,56784,0
282,146,294316,0,282,146,137,0,28683,166,34213,0
282,150,449202,0,282,150,137,0,28686,305,57677,0
282,151,449202,0,282,151,137,0,28687,304,57560,0
282,154,548392,0,282,154,137,0,28690,309,56597,0
282,155,548392,0,282,155,137,0,28691,308,56596,0
282,156,62148,0,282,156,137,0,28692,208,41843,0
282,160,828720,0,282,160,137,0,28696,317,59452,0
282,168,190876,0,282,168,137,0,28702,319,59760,0
282,169,190876,0,282,169,137,0,28703,318,59619,0
282,170,568132,0,282,170,137,0,28704,321,60001,0
282,171,568132,0,282,171,137,0,28705,320,59895,0
282,181,94444,0,282,181,137,0,28713,336,62619,0
282,193,101284,0,282,193,137,0,28723,407,71103,0
282,194,101284,0,282,194,137,0,28724,398,70066,0
282,220,190598,0,282,220,137,0,28729,275,52566,0
282,230,646066,0,282,230,137,0,28738,177,35875,0
282,231,353968,0,282,231,137,0,28739,358,65196,0
282,232,353968,0,282,232,137,0,28740,345,63603,0
82,126,396696,0,82,126,143,0,28750,186,36125,0
82,127,651106,0,82,127,143,0,28751,363,65355,0
82,128,651106,0,82,128,143,0,28752,350,63762,0
