98,192,1236344,0,98,192,334,0,7737,339,57507,0
98,193,1838418,0,98,193,334,0,7738,407,23922,0
98,194,1838418,0,98,194,334,0,7739,398,23826,0
123,135,861102,0,123,135,102,0,7743,228,43517,0
123,138,253282,0,123,138,102,0,7744,299,50849,0
123,139,1041108,0,123,139,102,0,7745,300,56912,0
117,182,2403188,0,117,182,298,0,7746,39,9101,0
123,142,1492128,0,123,142,102,0,7748,60,12324,0
116,141,916014,0,116,141,281,0,7749,37,9478,0
123,146,193366,0,123,146,102,0,7750,166,32527,0
123,148,929714,0,123,148,102,0,7752,303,50906,0
123,149,929714,0,123,149,102,0,7753,302,50894,0
123,154,634584,0,123,154,102,0,7758,309,25991,0
123,155,634584,0,123,155,102,0,7759,308,25990,0
160,28,1690042,0,160,28,317,0,7760,205,37681,0
160,29,753516,0,160,29,317,0,7761,279,52979,0
160,36,1266738,0,160,36,317,0,7763,120,25325,0
160,38,437456,0,160,38,317,0,7764,161,32713,0
140,38,185020,0,140,38,301,0,7765,161,29199,0
160,40,323578,0,160,40,317,0,7766,211,33284,0
160,41,323578,0,160,41,317,0,7767,210,33283,0
160,42,610164,0,160,42,317,0,7768,385,34290,0
160,43,614522,0,160,43,317,0,7769,374,34280,0
98,37,1755238,0,98,37,334,0,7780,141,20477,0
140,40,1437112,0,140,40,301,0,7783,211,21672,0
140,41,1437112,0,140,41,301,0,7784,210,21671,0
140,42,1348416,0,140,42,301,0,7785,385,31522,0
140,43,1353824,0,140,43,301,0,7786,374,31398,0
140,44,1109132,0,140,44,301,0,7787,405,23911,0
140,45,1109132,0,140,45,301,0,7788,396,23815,0
207,346,1015514,0,207,346,30,0,7792,250,47423,0
207,347,433518,0,207,347,30,0,7793,286,53478,0
207,348,1663916,0,207,348,30,0,7794,64,13474,0
207,349,801736,0,207,349,30,0,7795,86,17884,0
128,96,933604,0,128,96,350,0,7796,263,25985,0
207,351,1052870,0,207,351,30,0,7797,364,41730,0
207,359,1015514,0,207,359,30,0,7803,249,47422,0
207,360,433518,0,207,360,30,0,7804,285,53477,0
207,361,1663916,0,207,361,30,0,7805,63,13473,0
207,362,801736,0,207,362,30,0,7806,85,17883,0
127,96,933604,0,127,96,363,0,7807,263,25984,0
207,364,1052870,0,207,364,30,0,7808,351,41719,0
207,373,1150522,0,207,373,30,0,7815,288,54242,0
207,375,360192,0,207,375,30,0,7816,109,22830,0
207,377,238352,0,207,377,30,0,7818,388,57689,0
207,378,1221758,0,207,378,30,0,7819,390,69131,0
207,380,45488,0,207,380,30,0,7821,392,57660,0
207,384,1150522,0,207,384,30,0,7825,287,54231,0
207,386,360192,0,207,386,30,0,7826,108,22821,0
207,388,238352,0,207,388,30,0,7828,377,57572,0
207,390,1221758,0,207,390,30,0,7830,378,67750,0
207,392,45488,0,207,392,30,0,7832,380,57542,0
207,395,295972,0,207,395,30,0,7835,342,63298,0
207,398,136296,0,207,398,30,0,7836,194,38977,0
207,401,1701914,0,207,401,30,0,7838,409,70864,0
207,404,295972,0,207,404,30,0,7841,341,63219,0
207,407,136296,0,207,407,30,0,7842,193,38896,0
207,409,1701914,0,207,409,30,0,7844,401,69827,0
207,411,76736,0,207,411,30,0,7845,238,44275,0
207,412,542290,0,207,412,30,0,7846,325,56938,0
207,414,532972,0,207,414,30,0,7848,70,13480,0
175,326,1209128,0,175,326,415,0,7849,201,33290,0
207,418,76736,0,207,418,30,0,7852,237,44274,0
207,419,542290,0,207,419,30,0,7853,324,56937,0
