230,132,48296,0,230,132,177,0,35783,289,53796,0
230,136,188140,0,230,136,177,0,35787,246,48160,0
230,137,19464,0,230,137,177,0,35788,282,54120,0
230,140,49632,0,230,140,177,0,35790,301,57099,0
230,152,134604,0,230,152,177,0,35798,406,70942,0
230,153,134604,0,230,153,177,0,35799,397,69905,0
230,154,43580,0,230,154,177,0,35800,309,58005,0
230,155,43580,0,230,155,177,0,35801,308,57937,0
230,191,1075756,0,230,191,177,0,35813,340,61810,0
230,192,1075756,0,230,192,177,0,35814,339,61809,0
230,193,145968,0,230,193,177,0,35815,407,71072,0
230,194,145968,0,230,194,177,0,35816,398,70035,0
230,199,213596,0,230,199,177,0,35820,274,52308,0
105,158,401154,0,105,158,185,0,35852,283,52335,0
230,259,536258,0,230,259,177,0,35853,329,61149,0
230,265,203350,0,230,265,177,0,35858,179,36298,0
230,268,115950,0,230,268,177,0,35861,383,68224,0
230,269,115950,0,230,269,177,0,35862,372,66915,0
230,274,275558,0,230,274,177,0,35867,199,39775,0
230,285,426556,0,230,285,177,0,35877,360,65527,0
230,286,426556,0,230,286,177,0,35878,347,63934,0
167,69,409798,0,167,69,188,0,35913,421,72418,0
167,70,409798,0,167,70,188,0,35914,414,71577,0
230,345,100870,0,230,345,177,0,35915,232,46017,0
230,346,53524,0,230,346,177,0,35916,250,48880,0
230,351,139766,0,230,351,177,0,35920,364,66144,0
230,354,704422,0,230,354,177,0,35922,368,65772,0
230,356,75182,0,230,356,177,0,35924,370,66632,0
230,358,100870,0,230,358,177,0,35926,231,45899,0
230,359,53524,0,230,359,177,0,35927,249,48755,0
230,364,139766,0,230,364,177,0,35931,351,64551,0
230,368,704422,0,230,368,177,0,35934,354,64174,0
230,370,75182,0,230,370,177,0,35936,356,64983,0
230,371,18316,0,230,371,177,0,35937,213,40868,0
230,377,446398,0,230,377,177,0,35943,388,45827,0
230,380,829902,0,230,380,177,0,35945,392,46622,0
230,381,157558,0,230,381,177,0,35946,391,69207,0
230,382,18316,0,230,382,177,0,35947,212,40867,0
230,388,446398,0,230,388,177,0,35953,377,45817,0
230,391,157558,0,230,391,177,0,35955,381,67950,0
230,392,842354,0,230,392,177,0,35956,380,46558,0
230,393,124256,0,230,393,177,0,35957,215,40930,0
230,399,816762,0,230,399,177,0,35963,408,46493,0
230,402,124256,0,230,402,177,0,35965,214,40922,0
230,408,816762,0,230,408,177,0,35971,399,46409,0
230,412,374594,0,230,412,177,0,35974,325,60317,0
230,413,272200,0,230,413,177,0,35975,344,63442,0
230,417,169952,0,230,417,177,0,35978,424,73001,0
230,419,374594,0,230,419,177,0,35980,324,60248,0
230,420,272200,0,230,420,177,0,35981,343,63377,0
230,424,169952,0,230,424,177,0,35984,417,72160,0
248,27,92806,0,248,27,178,0,35987,242,47406,0
248,29,19464,0,248,29,178,0,35989,279,53444,0
248,32,255888,0,248,32,178,0,35992,331,61557,0
248,40,144060,0,248,40,178,0,35995,211,42362,0
248,41,144060,0,248,41,178,0,35996,210,42230,0
248,42,598750,0,248,42,178,0,35997,385,68550,0
248,43,598750,0,248,43,178,0,35998,374,67241,0
248,72,53130,0,248,72,178,0,36004,243,47607,0
62,115,492270,0,62,115,183,0,36006,227,45078,0
248,77,116974,0,248,77,178,0,36008,333,61925,0
248,87,1128928,0,248,87,178,0,36014,252,47673,0
248,88,1128928,0,248,88,178,0,36015,251,47672,0
248,94,225882,0,248,94,178,0,36021,261,47802,0
