184,343,933002,0,184,343,84,0,19191,420,72520,0
184,344,933002,0,184,344,84,0,19192,413,71679,0
184,346,141272,0,184,346,84,0,19194,250,47260,0
184,347,924316,0,184,347,84,0,19195,286,53295,0
184,351,747146,0,184,351,84,0,19199,364,38589,0
184,352,524366,0,184,352,84,0,19200,366,38567,0
184,354,1480210,0,184,354,84,0,19202,368,66495,0
184,355,333284,0,184,355,84,0,19203,367,37607,0
184,359,141272,0,184,359,84,0,19206,249,47248,0
184,360,924316,0,184,360,84,0,19207,285,53283,0
184,364,747146,0,184,364,84,0,19211,351,38456,0
184,366,524366,0,184,366,84,0,19213,352,38433,0
184,367,333284,0,184,367,84,0,19214,355,37595,0
184,368,1480210,0,184,368,84,0,19215,354,64834,0
184,376,837366,0,184,376,84,0,19222,130,25663,0
184,377,360808,0,184,377,84,0,19223,388,37627,0
184,380,293484,0,184,380,84,0,19225,392,69240,0
184,387,837366,0,184,387,84,0,19232,129,25662,0
184,388,360808,0,184,388,84,0,19233,377,37617,0
184,392,293484,0,184,392,84,0,19236,380,67879,0
184,394,298300,0,184,394,84,0,19238,307,57833,0
184,398,325912,0,184,398,84,0,19241,194,38963,0
184,403,298300,0,184,403,84,0,19246,306,57746,0
184,407,325912,0,184,407,84,0,19249,193,38882,0
184,412,206452,0,184,412,84,0,19254,325,60301,0
184,417,148482,0,184,417,84,0,19258,424,72985,0
184,419,206452,0,184,419,84,0,19260,324,60232,0
184,424,148482,0,184,424,84,0,19264,417,72144,0
362,49,185018,0,362,49,85,0,19266,224,44614,0
362,52,251128,0,362,52,85,0,19269,280,53763,0
362,53,290694,0,362,53,85,0,19270,296,56244,0
362,58,206452,0,362,58,85,0,19272,100,22229,0
362,62,53524,0,362,62,85,0,19275,183,37393,0
362,63,7132,0,362,63,85,0,19276,361,65748,0
251,345,208168,0,251,345,88,0,19277,232,46031,0
250,411,900540,0,250,411,346,0,19279,238,44810,0
362,70,211712,0,362,70,85,0,19280,414,71889,0
362,72,1037932,0,362,72,85,0,19282,243,47692,0
362,77,826750,0,362,77,85,0,19285,333,62007,0
362,84,826750,0,362,84,85,0,19289,184,37603,0
256,346,1249196,0,256,346,91,0,19293,250,48897,0
255,346,2383956,0,255,346,92,0,19294,250,48896,0
362,114,132644,0,362,114,85,0,19295,206,41531,0
362,115,157274,0,362,115,85,0,19296,227,45232,0
362,116,219470,0,362,116,85,0,19297,281,54025,0
362,117,298300,0,362,117,85,0,19298,298,56643,0
362,127,268082,0,362,127,85,0,19305,363,66049,0
250,384,330736,0,250,384,346,0,19307,287,48053,0
255,347,1076634,0,255,347,92,0,19309,286,54893,0
362,221,290694,0,362,221,85,0,19312,293,55654,0
362,222,53524,0,362,222,85,0,19313,327,60770,0
362,226,206452,0,362,226,85,0,19316,93,20316,0
362,227,251128,0,362,227,85,0,19317,115,24567,0
362,231,824740,0,362,231,85,0,19320,358,65228,0
362,237,37708,0,362,237,85,0,19323,418,72340,0
362,275,374594,0,362,275,85,0,19326,220,43592,0
362,276,298300,0,362,276,85,0,19327,295,56016,0
362,281,219470,0,362,281,85,0,19331,116,24869,0
362,285,341330,0,362,285,85,0,19335,360,65566,0
256,350,736022,0,256,350,91,0,19339,128,27490,0
362,345,234826,0,362,345,85,0,19340,232,46054,0
250,85,2761020,0,250,85,346,0,19341,362,48917,0
362,347,804724,0,362,347,85,0,19342,286,54913,0
362,350,340294,0,362,350,85,0,19345,128,27495,0
