207,421,532972,0,207,421,30,0,7855,69,13479,0
174,326,1209128,0,174,326,422,0,7856,201,33289,0
313,25,47304,0,313,25,31,0,7859,202,40546,0
313,26,14088,0,313,26,31,0,7860,223,44278,0
313,27,157204,0,313,27,31,0,7861,242,47432,0
313,28,346710,0,313,28,31,0,7862,205,41259,0
313,34,277358,0,313,34,31,0,7865,78,17893,0
104,176,746006,0,104,176,164,0,7866,209,21936,0
313,94,49434,0,313,94,31,0,7878,261,50494,0
313,98,77228,0,313,98,31,0,7881,334,62126,0
313,100,445976,0,313,100,31,0,7883,58,13909,0
78,157,673524,0,78,157,34,0,7884,264,18366,0
313,102,951692,0,313,102,31,0,7885,123,26576,0
313,105,77228,0,313,105,31,0,7887,185,37770,0
313,112,502824,0,313,112,31,0,7894,273,52169,0
313,113,502824,0,313,113,31,0,7895,272,52096,0
313,114,364168,0,313,114,31,0,7896,206,41487,0
313,118,313652,0,313,118,31,0,7900,315,59096,0
313,120,217176,0,313,120,31,0,7902,36,9344,0
104,180,235634,0,104,180,164,0,7903,284,22588,0
313,127,251580,0,313,127,31,0,7905,363,66021,0
313,128,251580,0,313,128,31,0,7906,350,64428,0
313,129,450896,0,313,129,31,0,7907,387,68841,0
313,130,450896,0,313,130,31,0,7908,376,67532,0
313,133,316478,0,313,133,31,0,7911,292,55455,0
313,134,316478,0,313,134,31,0,7912,291,55383,0
313,156,116974,0,313,156,31,0,7913,208,41857,0
313,159,53130,0,313,159,31,0,7916,316,59291,0
56,159,1392912,0,56,159,33,0,7918,316,14560,0
313,164,127120,0,313,164,31,0,7920,104,22944,0
141,159,703660,0,141,159,37,0,7922,316,30739,0
56,327,3152220,0,56,327,33,0,7923,222,30696,0
211,159,1128928,0,211,159,40,0,7924,316,59250,0
210,159,1128928,0,210,159,41,0,7925,316,59249,0
313,179,291512,0,313,179,31,0,7932,265,51076,0
313,182,685586,0,313,182,31,0,7935,39,9769,0
313,186,953880,0,313,186,31,0,7939,126,26955,0
141,160,1490526,0,141,160,37,0,7940,317,30753,0
313,191,1053648,0,313,191,31,0,7943,340,59512,0
313,192,1053648,0,313,192,31,0,7944,339,59504,0
313,193,534820,0,313,193,31,0,7945,407,60183,0
313,194,534820,0,313,194,31,0,7946,398,60097,0
208,161,669944,0,208,161,156,0,7951,38,9711,0
82,183,1172792,0,82,183,143,0,7955,62,11806,0
296,227,2014932,0,296,227,53,0,7957,115,24275,0
296,235,1902218,0,296,235,53,0,7962,68,15546,0
296,236,1902218,0,296,236,53,0,7963,67,15456,0
296,237,1172544,0,296,237,53,0,7964,418,10894,0
296,238,1172544,0,296,238,53,0,7965,411,10813,0
56,164,781162,0,56,164,33,0,7970,104,20271,0
56,165,801140,0,56,165,33,0,7971,125,24522,0
56,168,259296,0,56,168,33,0,7974,319,14520,0
56,169,259296,0,56,169,33,0,7975,318,14521,0
56,170,878674,0,56,170,33,0,7976,321,14622,0
56,171,878674,0,56,171,33,0,7977,320,14612,0
56,172,769612,0,56,172,33,0,7978,323,14640,0
56,173,769612,0,56,173,33,0,7979,322,14632,0
56,174,439470,0,56,174,33,0,7980,422,72314,0
56,175,439470,0,56,175,33,0,7981,415,71473,0
78,139,144854,0,78,139,34,0,7983,300,55773,0
78,163,225882,0,78,163,34,0,7985,83,16189,0
78,164,461042,0,78,164,34,0,7986,104,16457,0
56,277,116084,0,56,277,33,0,7987,312,16744,0
78,166,252442,0,78,166,34,0,7988,146,28521,0
