225,174,594554,0,225,174,50,0,11730,422,49504,0
225,175,594554,0,225,175,50,0,11731,415,49431,0
225,176,2473716,0,225,176,50,0,11732,209,41082,0
162,178,1676132,0,162,178,61,0,11733,248,33664,0
225,178,887834,0,225,178,50,0,11734,248,47653,0
225,179,742190,0,225,179,50,0,11735,265,47833,0
225,180,106164,0,225,180,50,0,11736,284,45549,0
225,181,916014,0,225,181,50,0,11737,336,13735,0
62,76,583796,0,62,76,183,0,11739,247,13718,0
143,54,1690042,0,143,54,82,0,11742,229,30147,0
225,191,193132,0,225,191,50,0,11745,340,48422,0
225,192,198540,0,225,192,50,0,11746,339,48421,0
225,193,372924,0,225,193,50,0,11747,407,48483,0
225,194,372924,0,225,194,50,0,11748,398,48474,0
225,195,148030,0,225,195,50,0,11749,423,49513,0
225,196,148030,0,225,196,50,0,11750,416,49440,0
100,76,1690042,0,100,76,58,0,11772,247,45486,0
100,77,2068080,0,100,77,58,0,11773,333,61146,0
100,80,703660,0,100,80,58,0,11774,101,20513,0
100,81,994460,0,100,81,58,0,11775,122,20797,0
100,82,251744,0,100,82,58,0,11776,143,21072,0
100,84,384796,0,100,84,58,0,11778,184,36295,0
100,89,504138,0,100,89,58,0,11783,254,22147,0
100,90,504138,0,100,90,58,0,11784,253,22146,0
100,91,688116,0,100,91,58,0,11785,256,22482,0
100,92,688116,0,100,92,58,0,11786,255,22475,0
121,79,2402174,0,121,79,59,0,11790,57,12341,0
121,82,27806,0,121,82,59,0,11792,143,28734,0
121,84,195566,0,121,84,59,0,11794,184,36543,0
121,85,168200,0,121,85,59,0,11795,362,65524,0
121,86,168200,0,121,86,59,0,11796,349,63931,0
121,89,548334,0,121,89,59,0,11799,254,26234,0
121,90,548334,0,121,90,59,0,11800,253,26233,0
225,293,280528,0,225,293,50,0,11803,221,30160,0
142,82,1114692,0,142,82,60,0,11804,143,29453,0
225,297,925334,0,225,297,50,0,11807,75,16978,0
225,304,1420950,0,225,304,50,0,11813,151,29927,0
225,305,1420950,0,225,305,50,0,11814,150,29926,0
225,306,543122,0,225,306,50,0,11815,403,30175,0
225,307,543122,0,225,307,50,0,11816,394,30186,0
225,308,210208,0,225,308,50,0,11817,155,30243,0
225,309,210208,0,225,309,50,0,11818,154,30236,0
162,71,201748,0,162,71,61,0,11819,204,39716,0
162,73,1251664,0,162,73,61,0,11820,244,26237,0
162,85,1037000,0,162,85,61,0,11824,362,34753,0
162,86,1037000,0,162,86,61,0,11825,349,34607,0
162,91,1766674,0,162,91,61,0,11830,256,28026,0
162,92,1766674,0,162,92,61,0,11831,255,27949,0
225,326,15410,0,225,326,50,0,11832,201,40190,0
225,329,118480,0,225,329,50,0,11835,259,50053,0
183,125,10422,0,183,125,62,0,11836,165,33982,0
225,334,687502,0,225,334,50,0,11839,98,21636,0
225,341,344842,0,225,341,50,0,11846,404,70701,0
225,342,344842,0,225,342,50,0,11847,395,69664,0
225,350,846444,0,225,350,50,0,11853,128,27469,0
225,352,364286,0,225,352,50,0,11855,366,65694,0
225,354,85770,0,225,354,50,0,11856,368,65695,0
225,356,244662,0,225,356,50,0,11857,370,48885,0
225,357,683114,0,225,357,50,0,11858,369,65905,0
225,363,846444,0,225,363,50,0,11862,127,27348,0
225,366,364286,0,225,366,50,0,11864,352,64101,0
225,368,85770,0,225,368,50,0,11865,354,64102,0
225,369,703476,0,225,369,50,0,11866,357,64317,0
225,370,265024,0,225,370,50,0,11867,356,48759,0
