233,180,367976,0,233,180,66,0,13279,284,54573,0
233,185,56782,0,233,185,66,0,13281,105,23157,0
233,192,834566,0,233,192,66,0,13283,339,61843,0
232,413,582650,0,232,413,345,0,13285,344,63444,0
233,196,854968,0,233,196,66,0,13286,416,67903,0
332,394,132644,0,332,394,55,0,13288,307,57869,0
332,395,426096,0,332,395,55,0,13289,342,63319,0
332,399,270298,0,332,399,55,0,13292,408,71212,0
332,401,475240,0,332,401,55,0,13294,409,71282,0
332,403,132644,0,332,403,55,0,13296,306,57782,0
332,404,426096,0,332,404,55,0,13297,341,63240,0
332,408,270298,0,332,408,55,0,13300,399,70175,0
332,409,475240,0,332,409,55,0,13301,401,70301,0
332,415,251128,0,332,415,55,0,13307,175,35373,0
332,422,251128,0,332,422,55,0,13313,174,35304,0
33,74,757806,0,33,74,56,0,13335,245,47932,0
33,77,779100,0,33,77,56,0,13338,333,60429,0
33,84,932830,0,33,84,56,0,13341,184,35525,0
33,117,188944,0,33,117,56,0,13352,298,56505,0
33,118,222310,0,33,118,56,0,13353,315,59003,0
33,119,106846,0,33,119,56,0,13354,335,62232,0
33,125,273048,0,33,125,56,0,13356,165,33915,0
33,127,575884,0,33,127,56,0,13358,363,65918,0
33,128,575884,0,33,128,56,0,13359,350,64325,0
33,129,233120,0,33,129,56,0,13360,387,68739,0
33,130,233120,0,33,130,56,0,13361,376,67430,0
33,158,709242,0,33,158,56,0,13367,283,52306,0
33,165,38174,0,33,165,56,0,13371,125,24229,0
33,167,439756,0,33,167,56,0,13372,188,35527,0
33,189,353574,0,33,189,56,0,13391,338,60533,0
33,190,353574,0,33,190,56,0,13392,337,60522,0
33,193,427200,0,33,193,56,0,13395,407,71008,0
33,194,427200,0,33,194,56,0,13396,398,69971,0
33,195,769964,0,33,195,56,0,13397,423,72819,0
33,196,769964,0,33,196,56,0,13398,416,71978,0
33,197,126324,0,33,197,56,0,13399,218,42951,0
33,199,39784,0,33,199,56,0,13401,274,52200,0
33,241,640592,0,33,241,56,0,13420,328,60423,0
33,245,874880,0,33,245,56,0,13424,74,16564,0
33,248,341690,0,33,248,56,0,13427,178,35520,0
33,258,781162,0,33,258,56,0,13437,311,58087,0
33,265,801140,0,33,265,56,0,13441,179,35455,0
33,268,439470,0,33,268,56,0,13444,383,68020,0
33,269,439470,0,33,269,56,0,13445,372,66711,0
33,291,38188,0,33,291,56,0,13464,134,24372,0
33,292,38188,0,33,292,56,0,13465,133,24365,0
33,294,104250,0,33,294,56,0,13467,240,46677,0
33,295,901256,0,33,295,56,0,13468,276,52254,0
33,306,397612,0,33,306,56,0,13477,403,70380,0
33,307,397612,0,33,307,56,0,13478,394,69343,0
33,312,696260,0,33,312,56,0,13482,277,52302,0
33,335,4766,0,33,335,56,0,13501,119,25508,0
33,341,92056,0,33,341,56,0,13507,404,70610,0
33,342,92056,0,33,342,56,0,13508,395,69573,0
33,343,434820,0,33,343,56,0,13509,420,72454,0
33,344,434820,0,33,344,56,0,13510,413,71613,0
33,345,1598400,0,33,345,56,0,13511,232,43139,0
33,346,555938,0,33,346,56,0,13512,250,46835,0
33,347,223426,0,33,347,56,0,13513,286,52382,0
33,349,771826,0,33,349,56,0,13514,86,15922,0
33,350,278924,0,33,350,56,0,13515,128,24320,0
33,358,1598400,0,33,358,56,0,13522,231,43128,0
33,359,555938,0,33,359,56,0,13523,249,46823,0
33,360,223426,0,33,360,56,0,13524,285,52371,0
