143,409,256764,0,143,409,82,0,18857,401,30194,0
143,411,1385548,0,143,411,82,0,18859,238,30172,0
143,413,1186184,0,143,413,82,0,18861,344,30954,0
143,415,378910,0,143,415,82,0,18863,175,29242,0
143,416,1186184,0,143,416,82,0,18864,196,29468,0
143,417,220760,0,143,417,82,0,18865,424,30246,0
143,418,1385548,0,143,418,82,0,18866,237,30171,0
143,420,1186184,0,143,420,82,0,18868,343,30953,0
143,422,378910,0,143,422,82,0,18870,174,29241,0
143,423,1186184,0,143,423,82,0,18871,195,29467,0
143,424,220760,0,143,424,82,0,18872,417,30239,0
163,25,135086,0,163,25,83,0,18873,202,40406,0
163,27,201134,0,163,27,83,0,18875,242,47335,0
97,71,861730,0,97,71,314,0,18880,204,21833,0
163,36,1407660,0,163,36,83,0,18881,120,25859,0
163,40,764126,0,163,40,83,0,18883,211,40036,0
163,41,764126,0,163,41,83,0,18884,210,40024,0
163,46,539988,0,163,46,83,0,18889,217,41176,0
163,47,539988,0,163,47,83,0,18890,216,41169,0
163,106,378910,0,163,106,83,0,18894,267,49901,0
163,107,378910,0,163,107,83,0,18895,266,49888,0
163,108,1259106,0,163,108,83,0,18896,386,47778,0
163,109,1259106,0,163,109,83,0,18897,375,47777,0
163,110,146796,0,163,110,83,0,18898,271,47776,0
163,111,146796,0,163,111,83,0,18899,270,47775,0
163,112,212426,0,163,112,83,0,18900,273,47922,0
163,113,212426,0,163,113,83,0,18901,272,47916,0
163,114,69766,0,163,114,83,0,18902,206,39985,0
163,117,46838,0,163,117,83,0,18904,298,34209,0
163,124,1407660,0,163,124,83,0,18909,145,29257,0
159,115,564776,0,159,115,316,0,18910,227,32769,0
163,127,307742,0,163,127,83,0,18911,363,34778,0
163,128,307742,0,163,128,83,0,18912,350,34632,0
163,133,1419094,0,163,133,83,0,18917,292,48098,0
163,134,1419094,0,163,134,83,0,18918,291,48092,0
163,198,201134,0,163,198,83,0,18919,239,46694,0
31,73,1407660,0,31,73,313,0,18920,244,46742,0
97,80,147712,0,97,80,314,0,18938,101,20455,0
97,85,113666,0,97,85,314,0,18941,362,21438,0
97,86,113666,0,97,86,314,0,18942,349,21425,0
97,87,1247394,0,97,87,314,0,18943,252,49100,0
97,88,1247394,0,97,88,314,0,18944,251,48982,0
97,91,1533120,0,97,91,314,0,18947,256,22480,0
97,92,1533120,0,97,92,314,0,18948,255,22473,0
159,73,242328,0,159,73,316,0,18950,244,47767,0
159,80,550580,0,159,80,316,0,18953,101,21277,0
159,85,968932,0,159,85,316,0,18955,362,32835,0
159,86,968932,0,159,86,316,0,18956,349,32822,0
159,89,1664548,0,159,89,316,0,18959,254,32751,0
159,90,1664548,0,159,90,316,0,18960,253,32750,0
163,345,454260,0,163,345,83,0,18963,232,33503,0
163,347,372,0,163,347,83,0,18965,286,53053,0
163,350,372,0,163,350,83,0,18967,128,25444,0
163,351,1538574,0,163,351,83,0,18968,364,34796,0
163,354,762036,0,163,354,83,0,18971,368,34774,0
163,358,454260,0,163,358,83,0,18974,231,33492,0
163,360,372,0,163,360,83,0,18976,285,53040,0
163,363,372,0,163,363,83,0,18978,127,25431,0
163,364,1538574,0,163,364,83,0,18979,351,34650,0
163,368,762036,0,163,368,83,0,18982,354,34628,0
66,125,222474,0,66,125,233,0,18987,165,33939,0
163,375,675946,0,163,375,83,0,18989,109,21353,0
163,378,2444906,0,163,378,83,0,18991,390,33715,0
163,379,2956030,0,163,379,83,0,18992,389,33714,0
