163,344,1070950,0,163,344,83,0,14707,413,49417,0
183,93,372372,0,183,93,62,0,14708,226,44878,0
183,101,444140,0,183,101,62,0,14714,80,18289,0
183,108,143742,0,183,108,62,0,14719,386,68645,0
183,109,143742,0,183,109,62,0,14720,375,67336,0
183,115,1675952,0,183,115,62,0,14726,227,32772,0
183,127,209922,0,183,127,62,0,14732,363,53348,0
183,128,209922,0,183,128,62,0,14733,350,53342,0
183,131,85124,0,183,131,62,0,14736,290,55275,0
183,132,85124,0,183,132,62,0,14737,289,55183,0
183,133,765146,0,183,133,62,0,14738,292,55436,0
183,134,765146,0,183,134,62,0,14739,291,55364,0
183,198,885432,0,183,198,62,0,14741,239,46711,0
183,206,275558,0,183,206,62,0,14747,114,24209,0
183,214,719758,0,183,214,62,0,14753,402,70402,0
183,215,719758,0,183,215,62,0,14754,393,69365,0
159,330,377926,0,159,330,316,0,14758,278,52532,0
159,334,20506,0,159,334,316,0,14762,98,20238,0
159,341,796004,0,159,341,316,0,14769,404,15522,0
159,342,796004,0,159,342,316,0,14770,395,15432,0
159,343,325042,0,159,343,316,0,14771,420,72276,0
159,344,325042,0,159,344,316,0,14772,413,71435,0
183,239,260854,0,183,239,62,0,14773,198,39504,0
183,245,1032324,0,183,245,62,0,14777,74,16661,0
183,246,203066,0,183,246,62,0,14778,136,28440,0
183,257,347112,0,183,257,62,0,14788,219,43273,0
183,270,146000,0,183,270,62,0,14798,111,23909,0
183,271,146000,0,183,271,62,0,14799,110,23813,0
183,276,461172,0,183,276,62,0,14804,295,55913,0
183,277,255930,0,183,277,62,0,14805,312,43497,0
183,287,491000,0,183,287,62,0,14814,384,68355,0
183,288,491000,0,183,288,62,0,14815,373,67046,0
183,334,164938,0,183,334,62,0,14828,98,21598,0
183,337,211318,0,183,337,62,0,14831,190,36923,0
183,338,211318,0,183,338,62,0,14832,189,36911,0
183,351,816040,0,183,351,62,0,14845,364,38588,0
183,355,936924,0,183,355,62,0,14848,367,66438,0
183,357,338420,0,183,357,62,0,14849,369,66574,0
183,364,816040,0,183,364,62,0,14856,351,38455,0
183,367,936924,0,183,367,62,0,14858,355,64913,0
183,369,338420,0,183,369,62,0,14860,357,65037,0
183,372,41260,0,183,372,62,0,14862,269,50060,0
183,373,212418,0,183,373,62,0,14863,288,53245,0
183,376,318318,0,183,376,62,0,14866,130,25646,0
183,377,884200,0,183,377,62,0,14867,388,37417,0
183,380,154966,0,183,380,62,0,14869,392,39124,0
183,383,41260,0,183,383,62,0,14872,268,50059,0
183,384,212418,0,183,384,62,0,14873,287,53244,0
183,387,318318,0,183,387,62,0,14876,129,25645,0
183,388,884200,0,183,388,62,0,14877,377,37407,0
183,392,150780,0,183,392,62,0,14880,380,39060,0
183,397,132644,0,183,397,62,0,14884,153,31719,0
183,398,217518,0,183,398,62,0,14885,194,38962,0
183,399,270298,0,183,399,62,0,14886,408,71175,0
183,401,213648,0,183,401,62,0,14888,409,71253,0
183,406,132644,0,183,406,62,0,14892,152,31632,0
183,407,217518,0,183,407,62,0,14893,193,38881,0
183,408,270298,0,183,408,62,0,14894,399,70138,0
183,409,213648,0,183,409,62,0,14895,401,70272,0
183,411,563590,0,183,411,62,0,14897,238,46583,0
183,412,251128,0,183,412,62,0,14898,325,60300,0
183,418,563590,0,183,418,62,0,14903,237,46518,0
183,419,251128,0,183,419,62,0,14904,324,60231,0
361,53,363900,0,361,53,63,0,14914,296,56243,0
