181,136,121944,0,181,136,336,0,30989,246,47174,0
32,105,228506,0,32,105,331,0,30990,185,35557,0
181,137,17468,0,181,137,336,0,30991,282,53206,0
181,148,264984,0,181,148,336,0,30998,303,36887,0
181,149,264984,0,181,149,336,0,30999,302,36886,0
181,150,601288,0,181,150,336,0,31000,305,36889,0
181,151,601288,0,181,151,336,0,31001,304,36888,0
181,154,1077008,0,181,154,336,0,31004,309,57991,0
181,155,1077008,0,181,155,336,0,31005,308,57923,0
187,345,88736,0,187,345,147,0,31006,232,44010,0
187,347,344518,0,187,347,147,0,31008,286,53258,0
187,352,967488,0,187,352,147,0,31013,366,38165,0
187,353,2899024,0,187,353,147,0,31014,365,38164,0
187,357,1530302,0,187,357,147,0,31016,369,57479,0
187,358,88736,0,187,358,147,0,31017,231,44009,0
187,360,344518,0,187,360,147,0,31019,285,53257,0
187,365,2902192,0,187,365,147,0,31024,353,38155,0
187,366,973270,0,187,366,147,0,31025,352,38154,0
187,369,1530302,0,187,369,147,0,31027,357,57351,0
43,105,379478,0,43,105,374,0,31029,185,35565,0
187,373,837684,0,187,373,147,0,31030,288,53260,0
187,377,950528,0,187,377,147,0,31034,388,38182,0
187,379,1027708,0,187,379,147,0,31035,389,69062,0
42,105,379478,0,42,105,385,0,31039,185,35564,0
187,384,837684,0,187,384,147,0,31040,287,53259,0
187,388,945756,0,187,388,147,0,31044,377,38173,0
187,389,1021116,0,187,389,147,0,31045,379,67825,0
187,393,599180,0,187,393,147,0,31048,215,42740,0
187,398,171708,0,187,398,147,0,31051,194,38965,0
187,399,329328,0,187,399,147,0,31052,408,71178,0
187,401,206068,0,187,401,147,0,31054,409,70995,0
187,402,599180,0,187,402,147,0,31055,214,42665,0
187,407,171708,0,187,407,147,0,31058,193,38884,0
187,408,329328,0,187,408,147,0,31059,399,70141,0
187,409,206068,0,187,409,147,0,31060,401,69963,0
187,411,853964,0,187,411,147,0,31062,238,45460,0
187,412,454260,0,187,412,147,0,31063,325,57045,0
187,418,853964,0,187,418,147,0,31068,237,45454,0
187,419,454260,0,187,419,147,0,31069,324,57039,0
303,50,187742,0,303,50,148,0,31076,225,44756,0
303,51,296196,0,303,51,148,0,31077,260,50285,0
303,63,584422,0,303,63,148,0,31086,361,65728,0
303,67,173912,0,303,67,148,0,31088,236,46082,0
303,69,228026,0,303,69,148,0,31089,421,45444,0
303,70,942358,0,303,70,148,0,31090,414,71859,0
303,71,134340,0,303,71,148,0,31091,204,41069,0
303,72,54298,0,303,72,148,0,31092,243,47641,0
303,74,876,0,303,74,148,0,31093,245,48013,0
303,77,502824,0,303,77,148,0,31095,333,61969,0
303,84,502824,0,303,84,148,0,31099,184,37569,0
303,85,842854,0,303,85,148,0,31100,362,65852,0
303,87,1080618,0,303,87,148,0,31101,252,48266,0
303,88,29984,0,303,88,148,0,31102,251,48265,0
303,91,812590,0,303,91,148,0,31103,256,48269,0
303,115,289896,0,303,115,148,0,31106,227,45179,0
303,116,104710,0,303,116,148,0,31107,281,53970,0
303,118,342916,0,303,118,148,0,31109,315,59087,0
303,125,257192,0,303,125,148,0,31114,165,34052,0
303,129,1369058,0,303,129,148,0,31116,387,68835,0
303,131,459100,0,303,131,148,0,31118,290,54945,0
303,219,296196,0,303,219,148,0,31120,257,49664,0
303,231,406272,0,303,231,148,0,31131,358,65208,0
303,277,342916,0,303,277,148,0,31152,312,58511,0
303,283,257192,0,303,283,148,0,31156,158,32555,0
