159,413,178912,0,159,413,316,0,59362,344,63426,0
159,420,178912,0,159,420,316,0,59368,343,63361,0
160,212,103244,0,160,212,317,0,59410,382,68047,0
160,213,103244,0,160,213,317,0,59411,371,66738,0
55,324,409798,0,55,324,332,0,59429,419,72264,0
55,325,409798,0,55,325,332,0,59430,412,71423,0
160,287,215676,0,160,287,317,0,59457,384,68339,0
160,288,215676,0,160,288,317,0,59458,373,67030,0
160,357,379928,0,160,357,317,0,59490,369,66563,0
160,369,379928,0,160,369,317,0,59501,357,65026,0
160,381,378446,0,160,381,317,0,59509,391,69187,0
160,391,378446,0,160,391,317,0,59517,381,67930,0
160,400,1074008,0,160,400,317,0,59524,410,71313,0
160,410,1074008,0,160,410,317,0,59533,400,70220,0
169,69,427070,0,169,69,318,0,59556,421,72419,0
169,119,87380,0,169,119,318,0,59576,335,62286,0
169,127,140856,0,169,127,318,0,59582,363,65960,0
64,325,1356140,0,64,325,348,0,59600,412,71426,0
169,288,159464,0,169,288,318,0,59624,373,67035,0
169,356,942540,0,169,356,318,0,59639,370,66231,0
169,381,1345772,0,169,381,318,0,59649,391,66403,0
169,391,1050078,0,169,391,318,0,59658,381,66320,0
169,400,382890,0,169,400,318,0,59665,410,66543,0
169,401,1299316,0,169,401,318,0,59666,409,66537,0
169,409,942708,0,169,409,318,0,59673,401,66474,0
169,410,2094574,0,169,410,318,0,59674,400,66470,0
169,420,108480,0,169,420,318,0,59681,343,62973,0
169,424,382354,0,169,424,318,0,59684,417,66598,0
168,70,427070,0,168,70,319,0,59697,414,71578,0
168,119,87380,0,168,119,319,0,59717,335,62285,0
168,128,140856,0,168,128,319,0,59723,350,64367,0
63,324,1356140,0,63,324,361,0,59741,419,72267,0
168,287,159464,0,168,287,319,0,59764,384,68343,0
168,370,942540,0,168,370,319,0,59781,356,64633,0
168,381,1050078,0,168,381,319,0,59790,391,64811,0
168,391,1345772,0,168,391,319,0,59799,381,64726,0
168,400,2094574,0,168,400,319,0,59806,410,64950,0
168,401,942708,0,168,401,319,0,59807,409,64944,0
168,409,1299316,0,168,409,319,0,59814,401,64881,0
168,410,382890,0,168,410,319,0,59815,400,64877,0
168,413,108480,0,168,413,319,0,59817,344,62845,0
168,417,382354,0,168,417,319,0,59820,424,65061,0
171,44,1815874,0,171,44,320,0,59837,405,70783,0
171,128,719166,0,171,128,320,0,59863,350,64368,0
171,129,217914,0,171,129,320,0,59864,387,68782,0
171,215,689154,0,171,215,320,0,59878,393,69355,0
171,259,134340,0,171,259,320,0,59881,329,61119,0
171,268,1105720,0,171,268,320,0,59887,383,68193,0
171,285,621034,0,171,285,320,0,59898,360,65484,0
171,287,806646,0,171,287,320,0,59900,384,68345,0
171,401,2000862,0,171,401,320,0,59919,409,69165,0
171,410,1269704,0,171,410,320,0,59926,400,69094,0
171,424,1328920,0,171,424,320,0,59931,417,69220,0
170,45,1815874,0,170,45,321,0,59944,396,69746,0
170,127,719166,0,170,127,321,0,59968,363,65961,0
170,130,217914,0,170,130,321,0,59970,376,67473,0
170,214,689154,0,170,214,321,0,59983,402,70392,0
170,259,134340,0,170,259,321,0,59987,329,61118,0
170,269,1105720,0,170,269,321,0,59993,372,66884,0
170,286,621034,0,170,286,321,0,60005,347,63891,0
170,288,806646,0,170,288,321,0,60006,373,67036,0
170,400,1269704,0,170,400,321,0,60025,410,67861,0
170,409,2000862,0,170,409,321,0,60032,401,67788,0
170,417,1328920,0,170,417,321,0,60037,424,67963,0
