332,179,369062,0,332,179,55,0,13118,265,51294,0
328,183,1023706,0,328,183,241,0,13123,62,14822,0
332,185,250976,0,332,185,55,0,13124,105,23197,0
332,189,282392,0,332,189,55,0,13128,338,62664,0
332,190,282392,0,332,190,55,0,13129,337,62652,0
332,195,65630,0,332,195,55,0,13134,423,72929,0
332,196,65630,0,332,196,55,0,13135,416,72088,0
332,199,275558,0,332,199,55,0,13138,274,52355,0
332,204,149452,0,332,204,55,0,13142,71,15894,0
316,180,41122,0,316,180,159,0,13155,284,52596,0
230,183,2299566,0,230,183,177,0,13156,62,14764,0
232,183,481978,0,232,183,345,0,13163,62,14766,0
231,183,481978,0,231,183,358,0,13164,62,14765,0
234,183,392862,0,234,183,65,0,13165,62,14768,0
233,183,397220,0,233,183,66,0,13166,62,14767,0
316,193,375862,0,316,193,159,0,13167,407,15558,0
316,194,375862,0,316,194,159,0,13168,398,15468,0
316,195,266260,0,316,195,159,0,13169,423,72326,0
316,196,266260,0,316,196,159,0,13170,416,71485,0
83,185,1766180,0,83,185,163,0,13176,105,16475,0
83,186,790636,0,83,186,163,0,13177,126,16762,0
83,189,542290,0,83,189,163,0,13179,338,59491,0
83,190,542290,0,83,190,163,0,13180,337,59480,0
83,195,1070950,0,83,195,163,0,13185,423,20110,0
83,196,1070950,0,83,196,163,0,13186,416,20030,0
332,257,495546,0,332,257,55,0,13187,219,43337,0
332,268,143742,0,332,268,55,0,13197,383,68244,0
332,269,143742,0,332,269,55,0,13198,372,66935,0
72,186,1840036,0,72,186,243,0,13204,126,27079,0
100,186,889438,0,100,186,58,0,13205,126,27101,0
332,281,8484,0,332,281,55,0,13210,116,24841,0
332,289,373686,0,332,289,55,0,13215,132,27901,0
332,290,373686,0,332,290,55,0,13216,131,27804,0
332,291,100236,0,332,291,55,0,13217,134,28069,0
332,292,100236,0,332,292,55,0,13218,133,27992,0
142,177,332610,0,142,177,60,0,13219,230,43766,0
142,178,3311820,0,142,178,60,0,13220,248,44692,0
142,189,873082,0,142,189,60,0,13224,338,31020,0
142,190,873082,0,142,190,60,0,13225,337,31009,0
142,193,859164,0,142,193,60,0,13228,407,45623,0
142,194,859164,0,142,194,60,0,13229,398,45616,0
88,178,1436266,0,88,178,251,0,13239,248,34418,0
87,178,1436266,0,87,178,252,0,13240,248,34417,0
162,193,2045980,0,162,193,61,0,13241,407,35222,0
162,194,2045980,0,162,194,61,0,13242,398,35130,0
162,195,1109132,0,162,195,61,0,13243,423,49517,0
162,196,1109132,0,162,196,61,0,13244,416,49444,0
332,345,407432,0,332,345,55,0,13245,232,45803,0
332,349,137864,0,332,349,55,0,13249,86,19208,0
332,351,293884,0,332,351,55,0,13251,364,62935,0
234,189,911822,0,234,189,65,0,13252,338,62901,0
332,354,544700,0,332,354,55,0,13253,368,66522,0
332,356,790782,0,332,356,55,0,13255,370,66646,0
332,358,407432,0,332,358,55,0,13256,231,45792,0
332,362,137864,0,332,362,55,0,13260,85,19196,0
332,364,293884,0,332,364,55,0,13262,351,62807,0
233,190,911822,0,233,190,66,0,13263,337,62773,0
332,368,526082,0,332,368,55,0,13265,354,64861,0
332,370,790782,0,332,370,55,0,13266,356,64997,0
234,180,367976,0,234,180,65,0,13269,284,54574,0
234,185,56782,0,234,185,65,0,13271,105,23158,0
234,191,834566,0,234,191,65,0,13273,340,61853,0
234,195,854968,0,234,195,65,0,13275,423,69264,0
231,420,582650,0,231,420,358,0,13276,343,63378,0
