16,48,2606800,0,16,48,8,0,2723,203,3126,0
16,49,3599938,0,16,49,8,0,2724,224,3425,0
16,52,898870,0,16,52,8,0,2727,280,4181,0
16,53,1478898,0,16,53,8,0,2728,296,4388,0
16,55,2515264,0,16,55,8,0,2729,332,4862,0
16,74,1518514,0,16,74,8,0,2747,245,3710,0
16,77,624,0,16,77,8,0,2749,333,4877,0
16,91,61430,0,16,91,8,0,2759,256,3842,0
16,92,61430,0,16,92,8,0,2760,255,3835,0
16,94,710060,0,16,94,8,0,2762,261,3918,0
16,95,1875480,0,16,95,8,0,2763,262,3933,0
16,97,1247692,0,16,97,8,0,2764,314,4620,0
16,98,818960,0,16,98,8,0,2765,334,4891,0
16,114,3917030,0,16,114,8,0,2777,206,3177,0
16,115,4453688,0,16,115,8,0,2778,227,3475,0
16,119,3894244,0,16,119,8,0,2782,335,4909,0
16,127,650058,0,16,127,8,0,2789,363,5255,0
16,128,634764,0,16,128,8,0,2790,350,5098,0
16,176,2065246,0,16,176,8,0,2797,209,3224,0
16,189,2491526,0,16,189,8,0,2810,338,4930,0
16,190,2481580,0,16,190,8,0,2811,337,4929,0
16,191,2378474,0,16,191,8,0,2812,340,4932,0
16,192,2379500,0,16,192,8,0,2813,339,4931,0
16,198,612014,0,16,198,8,0,2819,239,3613,0
16,231,1768592,0,16,231,8,0,2846,358,5177,0
16,232,1768592,0,16,232,8,0,2847,345,5020,0
16,237,871810,0,16,237,8,0,2852,418,5875,0
16,238,886170,0,16,238,8,0,2853,411,5794,0
16,241,624,0,16,241,8,0,2856,328,4796,0
16,249,534130,0,16,249,8,0,2863,359,5192,0
16,250,534130,0,16,250,8,0,2864,346,5035,0
16,259,818960,0,16,259,8,0,2873,329,4813,0
6,180,3884130,0,6,180,14,0,2905,284,4111,0
7,180,1858724,0,7,180,15,0,2920,284,4127,0
7,195,1512462,0,7,195,15,0,2930,423,5887,0
7,196,1528832,0,7,196,15,0,2931,416,5806,0
16,345,4742714,0,16,345,8,0,2932,232,3524,0
16,351,3679716,0,16,351,8,0,2938,364,4955,0
16,352,660560,0,16,352,8,0,2939,366,4957,0
16,358,4735398,0,16,358,8,0,2944,231,3523,0
16,364,3679716,0,16,364,8,0,2950,351,4943,0
16,366,648336,0,16,366,8,0,2952,352,4944,0
16,372,1295618,0,16,372,8,0,2957,269,3986,0
16,378,1730734,0,16,378,8,0,2963,390,5565,0
16,381,1031082,0,16,381,8,0,2965,391,5573,0
16,383,1285204,0,16,383,8,0,2967,268,3985,0
16,390,1732896,0,16,390,8,0,2973,378,5428,0
16,391,1032052,0,16,391,8,0,2974,381,5450,0
16,394,776794,0,16,394,8,0,2977,307,4532,0
16,403,779312,0,16,403,8,0,2985,306,4524,0
16,412,2754532,0,16,412,8,0,2993,325,4749,0
16,417,2211374,0,16,417,8,0,2997,424,5943,0
16,419,2744312,0,16,419,8,0,2999,324,4743,0
16,424,2208896,0,16,424,8,0,3003,417,5862,0
1,49,1453028,0,1,49,9,0,3005,224,3413,0
1,63,801456,0,1,63,9,0,3016,361,3319,0
1,64,801456,0,1,64,9,0,3017,348,3318,0
1,69,1098410,0,1,69,9,0,3022,421,3320,0
1,70,1104336,0,1,70,9,0,3023,414,3321,0
1,72,710060,0,1,72,9,0,3024,243,3672,0
1,75,1247692,0,1,75,9,0,3026,297,4397,0
1,116,2262826,0,1,116,9,0,3042,281,4190,0
1,119,1393724,0,1,119,9,0,3045,335,4900,0
1,172,1410512,0,1,172,9,0,3070,323,4730,0
