209,189,449028,0,209,189,176,0,35512,338,61593,0
209,190,449028,0,209,190,176,0,35513,337,61592,0
209,191,83888,0,209,191,176,0,35514,340,63128,0
209,192,83888,0,209,192,176,0,35515,339,63024,0
209,230,246044,0,209,230,176,0,35528,177,35826,0
209,241,255888,0,209,241,176,0,35539,328,60919,0
209,248,105428,0,209,248,176,0,35546,178,36097,0
209,275,275558,0,209,275,176,0,35571,220,43519,0
209,284,25038,0,209,284,176,0,35579,180,36527,0
209,287,352516,0,209,287,176,0,35582,384,68375,0
209,288,352516,0,209,288,176,0,35583,373,67066,0
147,26,685398,0,147,26,187,0,35588,223,43703,0
147,44,233942,0,147,44,187,0,35600,405,70549,0
147,45,233942,0,147,45,187,0,35601,396,69512,0
209,345,668204,0,209,345,176,0,35618,232,44300,0
209,346,246320,0,209,346,176,0,35619,250,47453,0
209,347,48296,0,209,347,176,0,35620,286,53509,0
209,354,406062,0,209,354,176,0,35626,368,42778,0
209,355,194518,0,209,355,176,0,35627,367,66448,0
209,356,178006,0,209,356,176,0,35628,370,42426,0
209,358,668204,0,209,358,176,0,35629,231,44299,0
209,359,246320,0,209,359,176,0,35630,249,47452,0
209,360,48296,0,209,360,176,0,35631,285,53508,0
209,367,194518,0,209,367,176,0,35637,355,64923,0
209,368,406062,0,209,368,176,0,35638,354,42704,0
209,370,186602,0,209,370,176,0,35639,356,42288,0
209,371,433008,0,209,371,176,0,35640,213,42575,0
209,372,132644,0,209,372,176,0,35641,269,51805,0
209,377,270298,0,209,377,176,0,35645,388,68961,0
209,378,86716,0,209,378,176,0,35646,390,69133,0
209,380,550660,0,209,380,176,0,35648,392,68625,0
209,382,433008,0,209,382,176,0,35650,212,42467,0
209,383,132644,0,209,383,176,0,35651,268,51704,0
209,388,270298,0,209,388,176,0,35655,377,67652,0
209,390,86716,0,209,390,176,0,35657,378,67752,0
209,392,553876,0,209,392,176,0,35659,380,67312,0
209,394,251128,0,209,394,176,0,35661,307,57849,0
209,395,204306,0,209,395,176,0,35662,342,63300,0
209,403,251128,0,209,403,176,0,35668,306,57762,0
209,404,204306,0,209,404,176,0,35669,341,63221,0
209,412,18174,0,209,412,176,0,35675,325,58810,0
209,419,18174,0,209,419,176,0,35682,324,58804,0
230,30,200052,0,230,30,177,0,35693,207,41642,0
221,32,255930,0,221,32,293,0,35694,331,58661,0
230,42,224366,0,230,42,177,0,35704,385,68538,0
230,43,224366,0,230,43,177,0,35705,374,67229,0
230,67,340976,0,230,67,177,0,35727,236,44657,0
230,68,340976,0,230,68,177,0,35728,235,44649,0
230,71,133626,0,230,71,177,0,35731,204,40783,0
230,75,309790,0,230,75,177,0,35734,297,56145,0
230,84,685586,0,230,84,177,0,35739,184,37323,0
230,89,433518,0,230,89,177,0,35744,254,44844,0
230,90,433518,0,230,90,177,0,35745,253,44836,0
230,91,881990,0,230,91,177,0,35746,256,49505,0
230,92,881990,0,230,92,177,0,35747,255,49432,0
230,96,931266,0,230,96,177,0,35751,263,50808,0
230,97,654410,0,230,97,177,0,35752,314,58854,0
230,98,158170,0,230,98,177,0,35753,334,62087,0
230,105,2974,0,230,105,177,0,35758,185,37715,0
230,110,312768,0,230,110,177,0,35763,271,50378,0
230,111,312768,0,230,111,177,0,35764,270,50371,0
230,129,130264,0,230,129,177,0,35780,387,68807,0
230,130,130264,0,230,130,177,0,35781,376,67498,0
230,131,48296,0,230,131,177,0,35782,290,53804,0
