315,189,144808,0,315,189,118,0,25307,338,59495,0
315,190,144808,0,315,190,118,0,25308,337,59484,0
36,53,696260,0,36,53,120,0,25315,296,43098,0
315,199,553314,0,315,199,118,0,25317,274,52339,0
315,201,195898,0,315,201,118,0,25319,326,60491,0
315,212,355700,0,315,212,118,0,25328,382,68102,0
315,213,355700,0,315,213,118,0,25329,371,66793,0
315,214,529410,0,315,214,118,0,25330,402,70444,0
315,215,529410,0,315,215,118,0,25331,393,69407,0
59,156,1503636,0,59,156,121,0,25334,208,39322,0
59,157,376984,0,59,157,121,0,25335,264,49675,0
81,156,1418290,0,81,156,122,0,25350,208,39292,0
81,168,417538,0,81,168,122,0,25357,319,59705,0
81,169,417538,0,81,169,122,0,25358,318,59564,0
50,156,2014932,0,50,156,225,0,25378,208,39190,0
50,168,1838418,0,50,168,225,0,25386,319,38522,0
50,169,1838418,0,50,169,225,0,25387,318,38389,0
145,76,1379092,0,145,76,124,0,25394,247,46991,0
145,166,82532,0,145,166,124,0,25399,146,29023,0
145,170,18962,0,145,170,124,0,25403,321,30805,0
145,171,18962,0,145,171,124,0,25404,320,30795,0
145,172,901040,0,145,172,124,0,25405,323,60144,0
145,173,901040,0,145,173,124,0,25406,322,60058,0
145,174,168032,0,145,174,124,0,25407,422,31897,0
145,175,168032,0,145,175,124,0,25408,415,31823,0
186,156,251384,0,186,156,126,0,25409,208,40267,0
186,168,464900,0,186,168,126,0,25419,319,38315,0
186,169,464900,0,186,169,126,0,25420,318,38304,0
186,170,2198072,0,186,170,126,0,25421,321,38334,0
186,171,2198072,0,186,171,126,0,25422,320,38326,0
186,174,783194,0,186,174,126,0,25425,422,72573,0
186,175,783194,0,186,175,126,0,25426,415,71732,0
315,346,493726,0,315,346,118,0,25428,250,48442,0
315,351,341658,0,315,351,118,0,25433,364,59774,0
286,174,1070848,0,286,174,347,0,25434,422,59795,0
315,353,1113064,0,315,353,118,0,25435,365,59786,0
290,168,1409588,0,290,168,131,0,25436,319,59767,0
315,356,242834,0,315,356,118,0,25438,370,66637,0
286,171,1387444,0,286,171,347,0,25439,320,59899,0
315,359,493726,0,315,359,118,0,25441,249,48431,0
315,364,341658,0,315,364,118,0,25446,351,59633,0
315,365,1113064,0,315,365,118,0,25447,353,59654,0
285,175,1070848,0,285,175,360,0,25448,415,59645,0
289,169,1409588,0,289,169,132,0,25450,318,59625,0
285,170,1387444,0,285,170,360,0,25451,321,60004,0
315,370,242834,0,315,370,118,0,25452,356,64988,0
315,371,350906,0,315,371,118,0,25453,213,41908,0
315,372,556466,0,315,372,118,0,25454,269,51130,0
84,398,1110688,0,84,398,184,0,25458,194,27008,0
290,170,87974,0,290,170,131,0,25460,321,60007,0
315,380,169642,0,315,380,118,0,25461,392,69259,0
315,382,350906,0,315,382,118,0,25462,212,41898,0
315,383,556466,0,315,383,118,0,25463,268,51120,0
84,407,1110688,0,84,407,184,0,25467,193,26999,0
289,171,87974,0,289,171,132,0,25469,320,59901,0
315,392,169642,0,315,392,118,0,25470,380,67898,0
290,156,30388,0,290,156,131,0,25471,208,41851,0
290,139,539988,0,290,139,131,0,25472,300,56965,0
290,160,210158,0,290,160,131,0,25473,317,59460,0
290,167,793486,0,290,167,131,0,25476,188,38283,0
290,172,444030,0,290,172,131,0,25477,323,59178,0
287,419,1452580,0,287,419,384,0,25479,324,59154,0
289,156,30388,0,289,156,132,0,25480,208,41850,0
289,139,539988,0,289,139,132,0,25481,300,56964,0
