281,187,257174,0,281,187,116,0,24732,147,30975,0
281,219,125290,0,281,219,116,0,24761,257,49645,0
281,237,30964,0,281,237,116,0,24776,418,72297,0
281,238,30964,0,281,238,116,0,24777,411,71456,0
81,124,121944,0,81,124,122,0,24781,145,28507,0
81,126,17468,0,81,126,122,0,24782,186,36124,0
102,125,587514,0,102,125,123,0,24794,165,32300,0
102,129,218484,0,102,129,123,0,24798,387,68233,0
102,130,218484,0,102,130,123,0,24799,376,66924,0
281,300,135086,0,281,300,116,0,24810,139,29263,0
281,301,45434,0,281,301,116,0,24811,140,29489,0
281,302,104710,0,281,302,116,0,24812,149,31293,0
281,303,104710,0,281,303,116,0,24813,148,31155,0
281,312,118534,0,281,312,116,0,24822,277,52994,0
281,337,10350,0,281,337,116,0,24846,190,38576,0
281,338,10350,0,281,338,116,0,24847,189,38443,0
281,343,337386,0,281,343,116,0,24852,420,37980,0
281,344,337386,0,281,344,116,0,24853,413,37991,0
281,346,219470,0,281,346,116,0,24855,250,48904,0
281,351,119318,0,281,351,116,0,24859,364,66170,0
281,352,293654,0,281,352,116,0,24860,366,66377,0
281,355,11846,0,281,355,116,0,24863,367,66005,0
281,359,219470,0,281,359,116,0,24866,249,48779,0
281,364,119318,0,281,364,116,0,24870,351,64577,0
281,366,293654,0,281,366,116,0,24872,352,64696,0
281,367,11846,0,281,367,116,0,24873,355,64413,0
281,372,185018,0,281,372,116,0,24877,269,51826,0
281,377,3746,0,281,377,116,0,24881,388,68984,0
281,378,399616,0,281,378,116,0,24882,390,68825,0
281,381,1583138,0,281,381,116,0,24884,391,68826,0
281,383,185018,0,281,383,116,0,24886,268,51725,0
281,388,3746,0,281,388,116,0,24890,377,67675,0
281,390,399616,0,281,390,116,0,24891,378,67516,0
281,391,1583138,0,281,391,116,0,24892,381,67518,0
281,393,282392,0,281,393,116,0,24894,215,41466,0
281,394,644092,0,281,394,116,0,24895,307,56579,0
281,397,731398,0,281,397,116,0,24898,153,30554,0
281,398,578708,0,281,398,116,0,24899,194,37973,0
281,399,581268,0,281,399,116,0,24900,408,54066,0
281,401,79302,0,281,401,116,0,24902,409,54067,0
281,402,282392,0,281,402,116,0,24903,214,41465,0
281,403,644092,0,281,403,116,0,24904,306,56578,0
281,406,731398,0,281,406,116,0,24907,152,30553,0
281,407,578708,0,281,407,116,0,24908,193,37972,0
281,408,581268,0,281,408,116,0,24909,399,54057,0
281,409,79302,0,281,409,116,0,24910,401,54059,0
281,411,323190,0,281,411,116,0,24912,238,45169,0
281,412,404990,0,281,412,116,0,24913,325,59078,0
281,415,273228,0,281,415,116,0,24916,175,34043,0
281,417,1746086,0,281,417,116,0,24918,424,54082,0
281,418,323190,0,281,418,116,0,24919,237,45168,0
281,419,404990,0,281,419,116,0,24920,324,59077,0
281,422,273228,0,281,422,116,0,24923,174,34042,0
281,424,1746086,0,281,424,116,0,24925,417,54075,0
298,50,514088,0,298,50,117,0,24928,225,44752,0
37,50,53360,0,37,50,141,0,24929,225,37458,0
298,52,147000,0,298,52,117,0,24930,280,53707,0
186,53,291252,0,186,53,126,0,24932,296,45385,0
298,65,250780,0,298,65,117,0,24939,234,45431,0
298,66,250780,0,298,66,117,0,24940,233,45420,0
298,71,77228,0,298,71,117,0,24945,204,41064,0
298,72,49434,0,298,72,117,0,24946,243,47636,0
298,74,265936,0,298,74,117,0,24947,245,48009,0
298,76,673524,0,298,76,117,0,24949,247,48221,0
