298,77,211930,0,298,77,117,0,24950,333,61965,0
298,89,502824,0,298,89,117,0,24961,254,49351,0
298,90,502824,0,298,90,117,0,24962,253,49256,0
298,118,363280,0,298,118,117,0,24969,315,59082,0
298,119,19306,0,298,119,117,0,24970,335,62350,0
298,125,63806,0,298,125,117,0,24973,165,34048,0
298,129,362686,0,298,129,117,0,24976,387,68831,0
298,130,362686,0,298,130,117,0,24977,376,67522,0
298,137,116974,0,298,137,117,0,24984,282,54166,0
298,138,53130,0,298,138,117,0,24985,299,56800,0
165,138,82532,0,165,138,125,0,24992,299,34228,0
36,326,714484,0,36,326,120,0,24993,201,38124,0
292,138,1128928,0,292,138,133,0,25000,299,56794,0
291,138,1128928,0,291,138,134,0,25001,299,56793,0
298,157,252442,0,298,157,117,0,25003,264,50867,0
298,159,225882,0,298,159,117,0,25005,316,56972,0
84,265,1565684,0,84,265,184,0,25010,179,26764,0
36,156,536992,0,36,156,120,0,25011,208,38138,0
298,172,348868,0,298,172,117,0,25016,323,60176,0
298,173,348868,0,298,173,117,0,25017,322,60090,0
298,174,987372,0,298,174,117,0,25018,422,58013,0
298,175,987372,0,298,175,117,0,25019,415,57945,0
298,178,656260,0,298,178,117,0,25020,248,48236,0
298,191,561450,0,298,191,117,0,25031,340,57190,0
298,192,561450,0,298,192,117,0,25032,339,57181,0
36,135,901256,0,36,135,120,0,25037,228,43082,0
36,136,230300,0,36,136,120,0,25038,246,46776,0
36,150,772820,0,36,150,120,0,25048,305,57612,0
36,151,772820,0,36,151,120,0,25049,304,57495,0
59,31,779100,0,59,31,121,0,25054,313,39306,0
298,220,455392,0,298,220,117,0,25056,275,52580,0
298,221,379862,0,298,221,117,0,25057,293,55630,0
59,139,315594,0,59,139,121,0,25065,300,35889,0
298,231,642428,0,298,231,117,0,25066,358,65205,0
298,232,642428,0,298,232,117,0,25067,345,63612,0
298,237,13580,0,298,237,117,0,25072,418,72306,0
298,238,13580,0,298,238,117,0,25073,411,71465,0
102,135,1115782,0,102,135,123,0,25088,228,43068,0
102,146,2098822,0,102,146,123,0,25092,166,32062,0
102,150,542884,0,102,150,123,0,25096,305,57626,0
102,151,542884,0,102,151,123,0,25097,304,57509,0
28,135,2014932,0,28,135,205,0,25102,228,42971,0
28,139,408442,0,28,139,205,0,25104,300,35605,0
28,150,1236344,0,28,150,205,0,25112,305,38763,0
28,151,1236344,0,28,151,205,0,25113,304,38654,0
165,96,472686,0,165,96,125,0,25118,263,49858,0
105,84,925036,0,105,84,185,0,25122,184,25398,0
165,146,1772924,0,165,146,125,0,25123,166,32790,0
165,150,20568,0,165,150,125,0,25127,305,34292,0
165,151,18962,0,165,151,125,0,25128,304,34282,0
165,152,901040,0,165,152,125,0,25129,406,35212,0
165,153,901040,0,165,153,125,0,25130,397,35120,0
165,154,168032,0,165,154,125,0,25131,309,57984,0
165,155,168032,0,165,155,125,0,25132,308,57916,0
186,135,853764,0,186,135,126,0,25134,228,44006,0
186,148,413050,0,186,148,126,0,25143,303,38162,0
186,149,413050,0,186,149,126,0,25144,302,38152,0
186,150,732852,0,186,150,126,0,25145,305,38181,0
186,151,732852,0,186,151,126,0,25146,304,38172,0
186,152,432338,0,186,152,126,0,25147,406,70729,0
186,153,432338,0,186,153,126,0,25148,397,69692,0
186,154,1700618,0,186,154,126,0,25149,309,38112,0
186,155,1700618,0,186,155,126,0,25150,308,38113,0
298,345,350906,0,298,345,117,0,25151,232,45409,0
