125,237,399350,0,125,237,165,0,34024,418,72245,0
125,238,399350,0,125,238,165,0,34025,411,71404,0
115,277,1101202,0,115,277,227,0,34027,312,43444,0
125,276,318044,0,125,276,165,0,34028,295,55883,0
125,306,21926,0,125,306,165,0,34055,403,70518,0
125,307,21926,0,125,307,165,0,34056,394,69481,0
125,329,472028,0,125,329,165,0,34062,259,50020,0
125,330,223060,0,125,330,165,0,34063,278,53186,0
125,343,244740,0,125,343,165,0,34076,420,72506,0
125,344,244740,0,125,344,165,0,34077,413,71665,0
125,351,390940,0,125,351,165,0,34083,364,66127,0
125,352,1279044,0,125,352,165,0,34084,366,66342,0
125,353,381744,0,125,353,165,0,34085,365,66270,0
125,357,145552,0,125,357,165,0,34088,369,65598,0
125,364,390940,0,125,364,165,0,34094,351,64534,0
125,365,381744,0,125,365,165,0,34095,353,64765,0
125,366,1279044,0,125,366,165,0,34096,352,64661,0
125,369,145552,0,125,369,165,0,34099,357,64005,0
125,372,290694,0,125,372,165,0,34101,269,51789,0
125,379,412092,0,125,379,165,0,34106,389,68420,0
125,380,1319752,0,125,380,165,0,34107,392,68458,0
125,383,290694,0,125,383,165,0,34110,268,51688,0
125,389,412092,0,125,389,165,0,34115,379,67111,0
125,392,1319752,0,125,392,165,0,34117,380,67145,0
125,398,412794,0,125,398,165,0,34123,194,36607,0
125,407,412794,0,125,407,165,0,34132,193,36606,0
125,411,113752,0,125,411,165,0,34136,238,43644,0
125,412,260836,0,125,412,165,0,34137,325,58597,0
125,413,673374,0,125,413,165,0,34138,344,61449,0
125,418,113752,0,125,418,165,0,34142,237,43637,0
125,419,260836,0,125,419,165,0,34143,324,58591,0
125,420,673374,0,125,420,165,0,34144,343,61443,0
146,72,473444,0,146,72,166,0,34148,243,47555,0
146,74,395252,0,146,74,166,0,34149,245,45544,0
146,85,1646336,0,146,85,166,0,34152,362,46999,0
146,86,1646336,0,146,86,166,0,34153,349,46998,0
146,89,2214998,0,146,89,166,0,34156,254,48479,0
146,90,2214998,0,146,90,166,0,34157,253,48470,0
146,115,931266,0,146,115,166,0,34160,227,45093,0
146,118,555336,0,146,118,166,0,34162,315,59035,0
146,119,486432,0,146,119,166,0,34163,335,62268,0
146,133,139102,0,146,133,166,0,34174,292,52901,0
146,134,139102,0,146,134,166,0,34175,291,52894,0
75,156,252442,0,75,156,297,0,34193,208,39470,0
146,274,444140,0,146,274,166,0,34208,199,39699,0
146,277,555336,0,146,277,166,0,34210,312,58432,0
146,284,486432,0,146,284,166,0,34214,180,36469,0
138,158,82532,0,138,158,299,0,34225,283,52723,0
138,172,311870,0,138,172,299,0,34234,323,60141,0
138,173,311870,0,138,173,299,0,34235,322,60055,0
53,84,2174902,0,53,84,296,0,34238,184,35836,0
140,172,594554,0,140,172,301,0,34249,323,60142,0
140,173,594554,0,140,173,301,0,34250,322,60056,0
146,346,191838,0,146,346,166,0,34254,250,46995,0
146,355,428246,0,146,355,166,0,34262,367,59801,0
146,359,191838,0,146,359,166,0,34266,249,46994,0
146,367,428246,0,146,367,166,0,34274,355,59668,0
146,373,18962,0,146,373,166,0,34279,288,52809,0
146,378,1106306,0,146,378,166,0,34284,390,60027,0
146,384,20568,0,146,384,166,0,34289,287,52808,0
146,390,1100368,0,146,390,166,0,34295,378,59914,0
146,393,484668,0,146,393,166,0,34297,215,41923,0
146,399,614768,0,146,399,166,0,34302,408,60192,0
146,402,484668,0,146,402,166,0,34305,214,41914,0
