265,410,2237966,0,265,410,179,0,36392,400,51948,0
265,412,556466,0,265,412,179,0,36394,325,58996,0
265,417,188372,0,265,417,179,0,36398,424,52191,0
265,419,556466,0,265,419,179,0,36400,324,58990,0
265,424,184524,0,265,424,179,0,36404,417,52118,0
284,42,331596,0,284,42,180,0,36417,385,68574,0
284,43,331596,0,284,43,180,0,36418,374,67265,0
284,44,109872,0,284,44,180,0,36419,405,70851,0
284,45,109872,0,284,45,180,0,36420,396,69814,0
284,46,367976,0,284,46,180,0,36421,217,41585,0
284,47,367976,0,284,47,180,0,36422,216,41578,0
284,150,198440,0,284,150,180,0,36472,305,57679,0
284,151,198440,0,284,151,180,0,36473,304,57562,0
284,154,837366,0,284,154,180,0,36476,309,56695,0
284,155,837366,0,284,155,180,0,36477,308,56689,0
284,168,87380,0,284,168,180,0,36486,319,59762,0
284,169,87380,0,284,169,180,0,36487,318,59621,0
284,172,230430,0,284,172,180,0,36490,323,59177,0
284,173,230430,0,284,173,180,0,36491,322,59169,0
284,197,106846,0,284,197,180,0,36515,218,43070,0
284,231,422376,0,284,231,180,0,36549,358,65197,0
284,232,422376,0,284,232,180,0,36550,345,63604,0
284,237,200652,0,284,237,180,0,36555,418,72299,0
284,238,200652,0,284,238,180,0,36556,411,71458,0
284,295,19306,0,284,295,180,0,36583,276,52790,0
167,93,235634,0,167,93,188,0,36597,226,44865,0
284,345,440498,0,284,345,180,0,36610,232,46044,0
284,355,216422,0,284,355,180,0,36619,367,66070,0
284,356,730406,0,284,356,180,0,36620,370,66082,0
284,358,440498,0,284,358,180,0,36621,231,45926,0
284,367,216422,0,284,367,180,0,36629,355,64482,0
284,370,735458,0,284,370,180,0,36631,356,64489,0
284,377,120632,0,284,377,180,0,36637,388,68987,0
284,378,608836,0,284,378,180,0,36638,390,68892,0
284,380,204266,0,284,380,180,0,36639,392,68902,0
284,388,120632,0,284,388,180,0,36646,377,67678,0
284,390,608836,0,284,390,180,0,36647,378,67583,0
284,392,209274,0,284,392,180,0,36649,380,67589,0
284,395,170552,0,284,395,180,0,36652,342,62447,0
284,400,165868,0,284,400,180,0,36656,410,55335,0
284,401,275170,0,284,401,180,0,36657,409,55329,0
284,404,170552,0,284,404,180,0,36660,341,62439,0
284,409,288860,0,284,409,180,0,36664,401,55243,0
284,410,179558,0,284,410,180,0,36665,400,55237,0
284,411,781104,0,284,411,180,0,36666,238,45286,0
284,413,239024,0,284,413,180,0,36668,344,62461,0
284,418,781104,0,284,418,180,0,36672,237,45279,0
284,420,239024,0,284,420,180,0,36674,343,62455,0
336,63,450978,0,336,63,181,0,36712,361,65740,0
336,64,450978,0,336,64,181,0,36713,348,64147,0
336,69,271068,0,336,69,181,0,36718,421,72719,0
336,70,271068,0,336,70,181,0,36719,414,71878,0
336,73,135086,0,336,73,181,0,36722,244,47850,0
336,74,257174,0,336,74,181,0,36723,245,48030,0
336,75,24692,0,336,75,181,0,36724,297,56418,0
336,89,104710,0,336,89,181,0,36733,254,49364,0
336,90,104710,0,336,90,181,0,36734,253,49269,0
336,98,118534,0,336,98,181,0,36741,334,62147,0
336,117,174536,0,336,117,181,0,36756,298,56620,0
336,181,3514,0,336,181,181,0,36778,336,62640,0
336,189,25908,0,336,189,181,0,36786,338,62642,0
336,190,25908,0,336,190,181,0,36787,337,62641,0
336,191,152288,0,336,191,181,0,36788,340,62644,0
336,192,152288,0,336,192,181,0,36789,339,62643,0
