141,27,33174,0,141,27,37,0,6191,242,46960,0
99,124,580352,0,99,124,35,0,6192,145,21101,0
141,34,769972,0,141,34,37,0,6194,78,16957,0
141,36,60500,0,141,36,37,0,6195,120,25040,0
138,25,2299566,0,138,25,299,0,6196,202,28937,0
141,40,746912,0,141,40,37,0,6199,211,29640,0
141,41,746912,0,141,41,37,0,6200,210,29639,0
141,42,282174,0,141,42,37,0,6201,385,31523,0
141,43,282174,0,141,43,37,0,6202,374,31399,0
141,46,670036,0,141,46,37,0,6205,217,29646,0
141,47,670036,0,141,47,37,0,6206,216,29645,0
202,310,47304,0,202,310,25,0,6207,200,39941,0
202,312,1278,0,202,312,25,0,6209,277,52975,0
141,317,504788,0,141,317,37,0,6210,160,7953,0
202,314,24692,0,202,314,25,0,6211,97,21312,0
202,320,104710,0,202,320,25,0,6217,171,35002,0
202,321,104710,0,202,321,25,0,6218,170,34894,0
141,105,186318,0,141,105,37,0,6226,185,29423,0
202,343,129630,0,202,343,25,0,6240,420,72530,0
202,344,129630,0,202,344,25,0,6241,413,71689,0
202,346,382762,0,202,346,25,0,6243,250,47376,0
202,347,340976,0,202,347,25,0,6244,286,53412,0
202,349,295456,0,202,349,25,0,6246,86,17799,0
202,350,412050,0,202,350,25,0,6247,128,25903,0
202,351,1909342,0,202,351,25,0,6248,364,40593,0
202,352,6532,0,202,352,25,0,6249,366,66351,0
202,354,168420,0,202,354,25,0,6250,368,66503,0
202,355,285052,0,202,355,25,0,6251,367,66444,0
202,359,382762,0,202,359,25,0,6255,249,47375,0
202,360,340976,0,202,360,25,0,6256,285,53411,0
202,362,295456,0,202,362,25,0,6258,85,17798,0
202,363,412050,0,202,363,25,0,6259,127,25902,0
202,364,1921628,0,202,364,25,0,6260,351,40581,0
202,366,6532,0,202,366,25,0,6261,352,64670,0
202,367,285052,0,202,367,25,0,6262,355,64919,0
202,368,168420,0,202,368,25,0,6263,354,64842,0
202,372,219470,0,202,372,25,0,6267,269,51799,0
202,375,219470,0,202,375,25,0,6269,109,23726,0
202,377,119318,0,202,377,25,0,6271,388,68955,0
202,379,293654,0,202,379,25,0,6273,389,69069,0
202,383,219470,0,202,383,25,0,6277,268,51698,0
202,386,219470,0,202,386,25,0,6279,108,23625,0
202,388,119318,0,202,388,25,0,6281,377,67646,0
202,389,293654,0,202,389,25,0,6282,379,67832,0
202,394,185018,0,202,394,25,0,6287,307,57843,0
202,397,185018,0,202,397,25,0,6289,153,31729,0
202,399,3746,0,202,399,25,0,6291,408,71186,0
202,401,293534,0,202,401,25,0,6292,409,70814,0
202,403,185018,0,202,403,25,0,6294,306,57756,0
202,406,185018,0,202,406,25,0,6296,152,31642,0
202,408,3746,0,202,408,25,0,6298,399,70149,0
202,409,293534,0,202,409,25,0,6299,401,69777,0
202,412,753626,0,202,412,25,0,6301,325,58650,0
202,413,300178,0,202,413,25,0,6302,344,61532,0
202,414,578708,0,202,414,25,0,6303,70,13418,0
202,415,621864,0,202,415,25,0,6304,175,33207,0
202,416,193532,0,202,416,25,0,6305,196,37063,0
202,419,753626,0,202,419,25,0,6308,324,58649,0
202,420,300178,0,202,420,25,0,6309,343,61531,0
202,421,578708,0,202,421,25,0,6310,69,13417,0
202,422,621864,0,202,422,25,0,6311,174,33206,0
202,423,193532,0,202,423,25,0,6312,195,37062,0
205,59,25542,0,205,59,28,0,6361,121,26188,0
223,75,34614,0,223,75,26,0,6363,297,56141,0
