289,160,210158,0,289,160,132,0,25482,317,59459,0
289,167,793486,0,289,167,132,0,25485,188,38282,0
289,173,444030,0,289,173,132,0,25486,322,59170,0
288,412,1452580,0,288,412,373,0,25487,325,59164,0
315,411,112858,0,315,411,118,0,25489,238,46608,0
315,417,177500,0,315,417,118,0,25494,424,73009,0
315,418,112858,0,315,418,118,0,25495,237,46543,0
315,424,177500,0,315,424,118,0,25500,417,72168,0
165,177,618668,0,165,177,125,0,25532,230,33479,0
335,63,109872,0,335,63,119,0,25533,361,65739,0
335,64,109872,0,335,64,119,0,25534,348,64146,0
335,65,367976,0,335,65,119,0,25535,234,45826,0
335,66,367976,0,335,66,119,0,25536,233,45816,0
335,69,331596,0,335,69,119,0,25539,421,72718,0
335,70,331596,0,335,70,119,0,25540,414,71877,0
335,74,10612,0,335,74,119,0,25544,245,48029,0
335,77,19306,0,335,77,119,0,25546,333,61983,0
126,328,363374,0,126,328,186,0,25549,241,26451,0
335,87,297746,0,335,87,119,0,25552,252,48680,0
335,88,297746,0,335,88,119,0,25553,251,48670,0
335,91,198440,0,335,91,119,0,25556,256,49523,0
335,92,198440,0,335,92,119,0,25557,255,49450,0
126,329,223060,0,126,329,186,0,25565,259,26592,0
335,106,412794,0,335,106,119,0,25566,267,51324,0
335,107,412794,0,335,107,119,0,25567,266,51312,0
335,110,87380,0,335,110,119,0,25570,271,52021,0
335,111,87380,0,335,111,119,0,25571,270,51930,0
335,212,200652,0,335,212,119,0,25627,382,68115,0
335,213,200652,0,335,213,119,0,25628,371,66806,0
335,214,422376,0,335,214,119,0,25629,402,70458,0
335,215,422376,0,335,215,119,0,25630,393,69421,0
335,218,106846,0,335,218,119,0,25633,197,39341,0
102,186,1415632,0,102,186,123,0,25686,126,27103,0
81,186,1331360,0,81,186,122,0,25687,126,27086,0
126,341,252564,0,126,341,186,0,25695,404,27904,0
126,342,252564,0,126,342,186,0,25696,395,27807,0
126,343,40832,0,126,343,186,0,25697,420,28072,0
126,344,40832,0,126,344,186,0,25698,413,27995,0
145,177,214574,0,145,177,124,0,25699,230,43769,0
36,176,492270,0,36,176,120,0,25704,209,29041,0
145,191,456618,0,145,191,124,0,25708,340,31043,0
145,192,456618,0,145,192,124,0,25709,339,31033,0
165,179,505926,0,165,179,125,0,25715,265,49874,0
59,177,41122,0,59,177,121,0,25719,230,32808,0
165,189,113496,0,165,189,125,0,25720,338,34506,0
165,190,113496,0,165,190,125,0,25721,337,34494,0
335,347,170552,0,335,347,119,0,25730,286,54662,0
126,416,783546,0,126,416,186,0,25733,196,27241,0
335,353,647220,0,335,353,119,0,25736,365,62948,0
335,355,52862,0,335,355,119,0,25738,367,66457,0
335,360,170552,0,335,360,119,0,25742,285,54650,0
126,423,783546,0,126,423,186,0,25745,195,27229,0
335,365,647220,0,335,365,119,0,25747,353,62828,0
335,367,41196,0,335,367,119,0,25749,355,64932,0
335,371,781104,0,335,371,119,0,25752,213,42131,0
335,373,239024,0,335,373,119,0,25754,288,54684,0
126,398,783546,0,126,398,186,0,25757,194,27263,0
335,378,70848,0,335,378,119,0,25759,390,69153,0
335,380,210772,0,335,380,119,0,25760,392,69267,0
335,382,781104,0,335,382,119,0,25762,212,42121,0
335,384,239024,0,335,384,119,0,25764,287,54674,0
126,407,783546,0,126,407,186,0,25767,193,27253,0
335,390,74876,0,335,390,119,0,25769,378,67772,0
335,392,210772,0,335,392,119,0,25771,380,67906,0
