301,75,33596,0,301,75,140,0,29364,297,56386,0
301,77,265936,0,301,77,140,0,29365,333,61967,0
301,89,876,0,301,89,140,0,29372,254,49353,0
301,90,876,0,301,90,140,0,29373,253,49258,0
301,114,30764,0,301,114,140,0,29376,206,41476,0
301,115,190448,0,301,115,140,0,29377,227,45177,0
301,116,257174,0,301,116,140,0,29378,281,53968,0
301,118,257168,0,301,118,140,0,29380,315,59085,0
301,119,10612,0,301,119,140,0,29381,335,62353,0
301,127,492768,0,301,127,140,0,29388,363,66014,0
301,128,492768,0,301,128,140,0,29389,350,64421,0
301,129,155944,0,301,129,140,0,29390,387,68834,0
301,130,155944,0,301,130,140,0,29391,376,67525,0
301,133,35226,0,301,133,140,0,29394,292,54278,0
301,134,35226,0,301,134,140,0,29395,291,54271,0
301,178,121944,0,301,178,140,0,29398,248,48237,0
209,98,228506,0,209,98,176,0,29399,334,50883,0
166,181,196474,0,166,181,146,0,29407,336,34244,0
301,189,264984,0,301,189,140,0,29408,338,57150,0
301,190,264984,0,301,190,140,0,29409,337,57149,0
301,191,601288,0,301,191,140,0,29410,340,57152,0
301,192,601288,0,301,192,140,0,29411,339,57151,0
301,195,1077008,0,301,195,140,0,29414,423,58022,0
301,196,1077008,0,301,196,140,0,29415,416,57954,0
39,136,184392,0,39,136,182,0,29417,246,46779,0
39,137,46322,0,39,137,182,0,29418,282,50838,0
39,150,234488,0,39,150,182,0,29428,305,57614,0
39,151,234488,0,39,151,182,0,29429,304,57497,0
39,152,160348,0,39,152,182,0,29430,406,70437,0
39,153,160348,0,39,153,182,0,29431,397,69400,0
62,31,757806,0,62,31,183,0,29434,313,39309,0
301,237,465004,0,301,237,140,0,29450,418,72308,0
301,238,465004,0,301,238,140,0,29451,411,71467,0
105,135,1418290,0,105,135,185,0,29469,228,43111,0
97,179,1490526,0,97,179,314,0,29498,265,30909,0
166,179,3090974,0,166,179,146,0,29499,265,49860,0
166,189,989716,0,166,189,146,0,29504,338,34246,0
166,190,989716,0,166,190,146,0,29505,337,34245,0
166,191,110306,0,166,191,146,0,29506,340,34248,0
166,192,114664,0,166,192,146,0,29507,339,34247,0
166,193,594554,0,166,193,146,0,29508,407,35214,0
166,194,594554,0,166,194,146,0,29509,398,35122,0
166,195,33154,0,166,195,146,0,29510,423,57985,0
166,196,33154,0,166,196,146,0,29511,416,57917,0
169,53,873082,0,169,53,318,0,29512,296,34186,0
301,352,3080008,0,301,352,140,0,29519,366,57174,0
301,353,1529440,0,301,353,140,0,29520,365,57173,0
301,356,957212,0,301,356,140,0,29522,370,57487,0
168,53,873082,0,168,53,319,0,29523,296,34185,0
301,365,1523956,0,301,365,140,0,29530,353,57164,0
301,366,3054060,0,301,366,140,0,29531,352,57163,0
301,370,956708,0,301,370,140,0,29533,356,57347,0
109,179,595788,0,109,179,375,0,29534,265,30918,0
213,98,379478,0,213,98,371,0,29535,334,50887,0
301,373,456618,0,301,373,140,0,29536,288,54201,0
301,377,867316,0,301,377,140,0,29540,388,57191,0
301,378,382890,0,301,378,140,0,29541,390,69141,0
301,380,304420,0,301,380,140,0,29542,392,57721,0
108,179,595788,0,108,179,386,0,29544,265,30917,0
212,98,379478,0,212,98,382,0,29545,334,50886,0
301,384,456618,0,301,384,140,0,29546,287,54200,0
301,388,872696,0,301,388,140,0,29550,377,57182,0
301,390,394636,0,301,390,140,0,29551,378,67760,0
301,392,292942,0,301,392,140,0,29553,380,57598,0
