58,231,579546,0,58,231,100,0,22127,358,65094,0
58,232,579546,0,58,232,100,0,22128,345,63501,0
58,249,189358,0,58,249,100,0,22142,359,51552,0
58,250,189358,0,58,250,100,0,22143,346,51410,0
58,274,461534,0,58,274,100,0,22150,199,39661,0
58,278,105368,0,58,278,100,0,22153,330,61293,0
58,282,306324,0,58,282,100,0,22157,137,28646,0
58,285,27548,0,58,285,100,0,22160,360,65436,0
58,286,27548,0,58,286,100,0,22161,347,63843,0
58,291,57738,0,58,291,100,0,22166,134,28012,0
58,292,57738,0,58,292,100,0,22167,133,27935,0
58,294,461042,0,58,294,100,0,22168,240,46896,0
58,298,171378,0,58,298,100,0,22172,117,24934,0
58,300,1407660,0,58,300,100,0,22174,139,28196,0
58,302,568132,0,58,302,100,0,22175,149,31220,0
58,303,568132,0,58,303,100,0,22176,148,31082,0
58,308,190876,0,58,308,100,0,22181,155,31853,0
58,309,190876,0,58,309,100,0,22182,154,31779,0
58,310,781162,0,58,310,100,0,22183,200,39227,0
58,312,544492,0,58,312,100,0,22185,277,52515,0
58,318,99936,0,58,318,100,0,22190,169,34710,0
58,319,99936,0,58,319,100,0,22191,168,34564,0
58,324,651106,0,58,324,100,0,22196,419,72266,0
58,325,651106,0,58,325,100,0,22197,412,71425,0
58,328,306324,0,58,328,100,0,22199,241,47124,0
58,337,462054,0,58,337,100,0,22207,190,38505,0
58,338,462054,0,58,338,100,0,22208,189,38372,0
58,341,671388,0,58,341,100,0,22211,404,70625,0
58,342,671388,0,58,342,100,0,22212,395,69588,0
58,351,148482,0,58,351,100,0,22220,364,66092,0
58,364,148482,0,58,364,100,0,22231,351,64499,0
58,371,806880,0,58,371,100,0,22237,213,39388,0
58,372,141272,0,58,372,100,0,22238,269,49741,0
58,376,18174,0,58,376,100,0,22242,130,24589,0
58,380,1007724,0,58,380,100,0,22246,392,69228,0
58,382,806880,0,58,382,100,0,22248,212,39377,0
58,383,141272,0,58,383,100,0,22249,268,49730,0
58,387,18174,0,58,387,100,0,22253,129,24579,0
58,392,1007724,0,58,392,100,0,22258,380,67867,0
58,395,104478,0,58,395,100,0,22261,342,60705,0
58,400,410358,0,58,400,100,0,22266,410,71302,0
58,404,104478,0,58,404,100,0,22269,341,60704,0
58,410,410358,0,58,410,100,0,22274,400,70209,0
58,412,298300,0,58,412,100,0,22275,325,60285,0
58,419,298300,0,58,419,100,0,22281,324,60216,0
80,135,472686,0,80,135,101,0,22287,228,44937,0
75,96,2656282,0,75,96,297,0,22288,263,47812,0
80,138,473444,0,80,138,101,0,22289,299,50848,0
80,147,890904,0,80,147,101,0,22293,187,37754,0
80,148,2214998,0,80,148,101,0,22294,303,50905,0
80,149,2214998,0,80,149,101,0,22295,302,50893,0
80,152,1646336,0,80,152,101,0,22298,406,50792,0
80,153,1646336,0,80,153,101,0,22299,397,50791,0
80,176,46838,0,80,176,101,0,22302,209,30338,0
80,177,444140,0,80,177,101,0,22303,230,45664,0
80,179,555336,0,80,179,101,0,22304,265,51188,0
80,180,486432,0,80,180,101,0,22305,284,54502,0
80,191,139102,0,80,191,101,0,22313,340,61025,0
80,192,139102,0,80,192,101,0,22314,339,61015,0
72,98,82532,0,72,98,243,0,22338,334,60850,0
72,105,82532,0,72,105,243,0,22343,185,36010,0
72,106,311870,0,72,106,243,0,22344,267,51539,0
72,107,311870,0,72,107,243,0,22345,266,51397,0
74,96,2329538,0,74,96,245,0,22353,263,25980,0
