15,158,710060,0,15,158,7,0,2476,283,4230,0
15,170,2281922,0,15,170,7,0,2487,321,4655,0
15,171,2281192,0,15,171,7,0,2488,320,4654,0
15,172,2142808,0,15,172,7,0,2489,323,4657,0
15,173,2142808,0,15,173,7,0,2490,322,4656,0
15,174,597032,0,15,174,7,0,2491,422,5922,0
15,175,598978,0,15,175,7,0,2492,415,5841,0
15,180,1875480,0,15,180,7,0,2494,284,4231,0
15,181,213084,0,15,181,7,0,2495,336,4666,0
15,195,1256466,0,15,195,7,0,2508,423,5923,0
15,196,1257962,0,15,196,7,0,2509,416,5842,0
15,198,1988648,0,15,198,7,0,2511,239,3612,0
15,201,530628,0,15,201,7,0,2514,326,4759,0
15,212,3304132,0,15,212,7,0,2523,382,5462,0
15,213,3313704,0,15,213,7,0,2524,371,5333,0
15,214,449836,0,15,214,7,0,2525,402,5692,0
15,215,449836,0,15,215,7,0,2526,393,5591,0
2,157,2012906,0,2,157,10,0,2530,264,3852,0
15,284,283838,0,15,284,7,0,2584,180,2788,0
15,285,694578,0,15,285,7,0,2585,360,5209,0
15,286,694578,0,15,286,7,0,2586,347,5052,0
15,287,796948,0,15,287,7,0,2587,384,5492,0
15,288,806520,0,15,288,7,0,2588,373,5363,0
6,172,84410,0,6,172,14,0,2604,323,4731,0
6,173,84410,0,6,173,14,0,2605,322,4722,0
8,167,213084,0,8,167,16,0,2617,188,2809,0
8,174,1143260,0,8,174,16,0,2624,422,5899,0
8,175,1145340,0,8,175,16,0,2625,415,5818,0
15,346,1045102,0,15,346,7,0,2627,250,3744,0
15,351,1067714,0,15,351,7,0,2632,364,4694,0
15,354,9606842,0,15,354,7,0,2635,368,4698,0
15,355,7381742,0,15,355,7,0,2636,367,4697,0
15,356,560244,0,15,356,7,0,2637,370,5320,0
15,359,1045102,0,15,359,7,0,2640,249,3743,0
15,364,1067714,0,15,364,7,0,2645,351,4681,0
15,367,7381742,0,15,367,7,0,2648,355,4685,0
15,368,9606842,0,15,368,7,0,2649,354,4684,0
15,370,560244,0,15,370,7,0,2651,356,5157,0
15,377,1673854,0,15,377,7,0,2658,388,4717,0
15,388,1661450,0,15,388,7,0,2668,377,4707,0
15,393,498428,0,15,393,7,0,2672,215,3213,0
15,394,4022360,0,15,394,7,0,2673,307,4456,0
15,400,261630,0,15,400,7,0,2679,410,5780,0
15,401,1225200,0,15,401,7,0,2680,409,5774,0
15,402,498428,0,15,402,7,0,2681,214,3212,0
15,403,4022360,0,15,403,7,0,2682,306,4455,0
15,409,1225200,0,15,409,7,0,2688,401,5679,0
15,410,261630,0,15,410,7,0,2689,400,5673,0
15,411,1093122,0,15,411,7,0,2690,238,3600,0
15,412,503338,0,15,412,7,0,2691,325,4748,0
15,413,2126308,0,15,413,7,0,2692,344,5006,0
15,416,1901178,0,15,416,7,0,2694,196,3002,0
15,417,994112,0,15,417,7,0,2695,424,5942,0
15,418,1093122,0,15,418,7,0,2696,237,3594,0
15,419,497400,0,15,419,7,0,2697,324,4742,0
15,420,2126308,0,15,420,7,0,2698,343,5000,0
15,423,1901178,0,15,423,7,0,2700,195,2996,0
15,424,994112,0,15,424,7,0,2701,417,5861,0
16,25,1102208,0,16,25,8,0,2702,202,3105,0
16,26,2070142,0,16,26,8,0,2703,223,3404,0
16,29,898870,0,16,29,8,0,2706,279,4163,0
16,32,2789204,0,16,32,8,0,2708,331,4845,0
16,46,4230364,0,16,46,8,0,2721,217,3303,0
16,47,4230364,0,16,47,8,0,2722,216,3296,0
