270,406,1386276,0,270,406,111,0,23956,152,30399,0
270,408,1168382,0,270,408,111,0,23958,399,51941,0
270,409,975352,0,270,409,111,0,23959,401,51943,0
270,410,5732,0,270,410,111,0,23960,400,51942,0
270,412,119232,0,270,412,111,0,23961,325,58976,0
270,413,643242,0,270,413,111,0,23962,344,62205,0
270,415,1466154,0,270,415,111,0,23964,175,33887,0
268,342,2387396,0,268,342,383,0,23965,395,37831,0
270,417,627092,0,270,417,111,0,23966,424,51955,0
270,418,288540,0,270,418,111,0,23967,237,45034,0
270,419,236884,0,270,419,111,0,23968,324,58975,0
269,194,1611156,0,269,194,372,0,23969,398,62204,0
270,422,1328242,0,270,422,111,0,23970,174,33886,0
270,423,49252,0,270,423,111,0,23971,195,37830,0
270,424,856470,0,270,424,111,0,23972,417,51949,0
273,49,104710,0,273,49,112,0,23974,224,44535,0
273,53,257192,0,273,53,112,0,23977,296,56167,0
273,54,876,0,273,54,112,0,23978,229,45541,0
273,55,289896,0,273,55,112,0,23979,332,61780,0
273,60,342916,0,273,60,112,0,23980,142,29946,0
273,63,1118026,0,273,63,112,0,23983,361,65708,0
268,358,858508,0,268,358,383,0,23984,231,44991,0
273,156,502824,0,273,156,112,0,23986,208,41838,0
273,158,134340,0,273,158,112,0,23988,283,54338,0
273,159,54298,0,273,159,112,0,23989,316,59271,0
273,160,187742,0,273,160,112,0,23990,317,59444,0
273,165,134340,0,273,165,112,0,23993,125,26937,0
273,167,187742,0,273,167,112,0,23994,188,38270,0
273,174,918700,0,273,174,112,0,23995,422,72782,0
273,178,568132,0,273,178,112,0,23998,248,48607,0
273,193,155748,0,273,193,112,0,24007,407,71095,0
268,404,1072316,0,268,404,383,0,24008,341,62186,0
273,221,257192,0,273,221,112,0,24011,293,55607,0
273,228,342916,0,273,228,112,0,24016,135,28237,0
273,230,289896,0,273,230,112,0,24018,177,35866,0
273,232,1069872,0,273,232,112,0,24020,345,63594,0
273,237,478064,0,273,237,112,0,24021,418,72291,0
273,316,20430,0,273,316,112,0,24027,159,32767,0
273,328,568132,0,273,328,112,0,24032,241,47229,0
268,398,685302,0,268,398,383,0,24039,194,37813,0
273,342,785592,0,273,342,112,0,24040,395,69687,0
273,343,398082,0,273,343,112,0,24041,420,72568,0
273,411,78278,0,273,411,112,0,24042,238,45054,0
268,174,219736,0,268,174,383,0,24043,422,58997,0
273,413,126582,0,273,413,112,0,24044,344,62225,0
273,415,1319702,0,273,415,112,0,24046,175,33908,0
272,49,104710,0,272,49,113,0,24050,224,44534,0
272,53,257192,0,272,53,113,0,24053,296,56166,0
272,54,876,0,272,54,113,0,24054,229,45540,0
272,55,289896,0,272,55,113,0,24055,332,61779,0
272,60,342916,0,272,60,113,0,24056,142,29945,0
269,345,858508,0,269,345,372,0,24059,232,45004,0
272,64,1118026,0,272,64,113,0,24060,348,64115,0
272,156,502824,0,272,156,113,0,24062,208,41837,0
272,158,134340,0,272,158,113,0,24064,283,54337,0
272,159,54298,0,272,159,113,0,24065,316,59270,0
272,160,187742,0,272,160,113,0,24066,317,59443,0
272,165,134340,0,272,165,113,0,24069,125,26936,0
272,167,187742,0,272,167,113,0,24070,188,38269,0
272,175,918700,0,272,175,113,0,24071,415,71941,0
272,178,568132,0,272,178,113,0,24074,248,48606,0
269,395,1073446,0,269,395,372,0,24083,342,62196,0
272,194,156878,0,272,194,113,0,24084,398,70058,0
272,221,257192,0,272,221,113,0,24087,293,55606,0
