203,363,13634,0,203,363,48,0,11204,127,26026,0
203,366,343406,0,203,366,48,0,11206,352,64671,0
203,368,99696,0,203,368,48,0,11208,354,64843,0
203,369,1182550,0,203,369,48,0,11209,357,42293,0
203,398,263182,0,203,398,48,0,11235,194,38974,0
203,399,120632,0,203,399,48,0,11236,408,71187,0
203,401,375110,0,203,401,48,0,11237,409,70905,0
203,407,263182,0,203,407,48,0,11242,193,38893,0
203,408,120632,0,203,408,48,0,11243,399,70150,0
203,409,381092,0,203,409,48,0,11244,401,69868,0
203,411,170552,0,203,411,48,0,11245,238,44371,0
203,416,487140,0,203,416,48,0,11249,196,37212,0
203,418,170552,0,203,418,48,0,11251,237,44365,0
203,423,487140,0,203,423,48,0,11255,195,37205,0
224,28,188268,0,224,28,49,0,11260,205,41214,0
224,31,66710,0,224,31,49,0,11263,313,58655,0
224,35,444612,0,224,35,49,0,11266,99,21889,0
224,38,202270,0,224,38,49,0,11269,161,33214,0
224,49,3514,0,224,49,49,0,11280,224,44489,0
224,50,178640,0,224,50,49,0,11281,225,44490,0
79,49,178640,0,79,49,57,0,11288,224,18108,0
224,65,25908,0,224,65,49,0,11296,234,44499,0
224,66,25908,0,224,66,49,0,11297,233,44498,0
224,67,152288,0,224,67,49,0,11298,236,44501,0
224,68,152288,0,224,68,49,0,11299,235,44500,0
224,72,2299566,0,224,72,49,0,11303,243,26257,0
224,75,769972,0,224,75,49,0,11306,297,56126,0
224,76,196474,0,224,76,49,0,11307,247,44510,0
224,77,580352,0,224,77,49,0,11308,333,48415,0
224,82,33174,0,224,82,49,0,11312,143,29904,0
224,84,60500,0,224,84,49,0,11314,184,37304,0
224,87,670036,0,224,87,49,0,11317,252,44515,0
224,88,670036,0,224,88,49,0,11318,251,44514,0
224,89,746912,0,224,89,49,0,11319,254,44517,0
224,90,746912,0,224,90,49,0,11320,253,44516,0
224,91,282174,0,224,91,49,0,11321,256,49500,0
224,92,282174,0,224,92,49,0,11322,255,49427,0
224,93,47304,0,224,93,49,0,11323,226,44894,0
79,93,916014,0,79,93,57,0,11325,226,18124,0
224,97,24692,0,224,97,49,0,11327,314,58850,0
224,98,1278,0,224,98,49,0,11328,334,62084,0
79,51,483530,0,79,51,57,0,11330,260,18305,0
224,103,135086,0,224,103,49,0,11332,144,30281,0
224,112,104710,0,224,112,49,0,11341,273,52159,0
224,113,104710,0,224,113,49,0,11342,272,52086,0
224,123,16912,0,224,123,49,0,11352,102,22538,0
224,127,8324,0,224,127,49,0,11356,363,65982,0
224,128,8324,0,224,128,49,0,11357,350,64389,0
224,129,188234,0,224,129,49,0,11358,387,68802,0
224,130,188234,0,224,130,49,0,11359,376,67493,0
224,139,17288,0,224,139,49,0,11368,300,56130,0
224,144,135086,0,224,144,49,0,11372,103,22738,0
162,53,332610,0,162,53,61,0,11374,296,34179,0
224,157,309214,0,224,157,49,0,11385,264,50253,0
183,55,1351464,0,183,55,62,0,11387,332,44574,0
224,168,858202,0,224,168,49,0,11395,319,59733,0
224,169,858202,0,224,169,49,0,11396,318,59592,0
224,170,264984,0,224,170,49,0,11397,321,44578,0
224,171,264984,0,224,171,49,0,11398,320,44577,0
224,172,601288,0,224,172,49,0,11399,323,44580,0
224,173,601288,0,224,173,49,0,11400,322,44579,0
224,174,314248,0,224,174,49,0,11401,422,72669,0
224,175,314248,0,224,175,49,0,11402,415,71828,0
224,178,31348,0,224,178,49,0,11405,248,48567,0
