39,249,143742,0,39,249,182,0,37093,359,65271,0
39,250,143742,0,39,250,182,0,37094,346,63678,0
39,257,1503636,0,39,257,182,0,37101,219,42973,0
39,258,544492,0,39,258,182,0,37102,311,58090,0
39,277,365162,0,39,277,182,0,37117,312,58399,0
39,311,958956,0,39,311,182,0,37132,258,49782,0
39,312,195898,0,39,312,182,0,37133,277,52912,0
39,345,353574,0,39,345,182,0,37146,232,43119,0
39,354,758874,0,39,354,182,0,37154,368,66486,0
39,358,353574,0,39,358,182,0,37157,231,43118,0
39,368,758874,0,39,368,182,0,37166,354,64825,0
39,377,270298,0,39,377,182,0,37173,388,68915,0
39,378,602172,0,39,378,182,0,37174,390,69111,0
39,381,308016,0,39,381,182,0,37177,391,68142,0
39,388,270298,0,39,388,182,0,37183,377,67606,0
39,390,602172,0,39,390,182,0,37185,378,67730,0
39,391,326874,0,39,391,182,0,37186,381,66837,0
39,395,129952,0,39,395,182,0,37189,342,63275,0
39,400,1247764,0,39,400,182,0,37194,410,70485,0
39,404,129952,0,39,404,182,0,37196,341,63196,0
39,410,1250318,0,39,410,182,0,37201,400,69448,0
39,413,227232,0,39,413,182,0,37204,344,60587,0
39,420,227232,0,39,420,182,0,37211,343,60580,0
62,28,527516,0,62,28,183,0,37217,205,41188,0
62,29,213596,0,62,29,183,0,37218,279,53359,0
62,40,254152,0,62,40,183,0,37224,211,42306,0
62,41,254152,0,62,41,183,0,37225,210,42174,0
62,94,77084,0,62,94,183,0,37232,261,50402,0
62,98,553314,0,62,98,183,0,37235,334,62071,0
62,105,186294,0,62,105,183,0,37239,185,37668,0
62,106,150722,0,62,106,183,0,37240,267,51532,0
62,107,150722,0,62,107,183,0,37241,266,51390,0
62,108,115950,0,62,108,183,0,37242,386,68635,0
62,109,115950,0,62,109,183,0,37243,375,67326,0
62,112,289896,0,62,112,183,0,37246,273,52129,0
62,113,289896,0,62,113,183,0,37247,272,52056,0
62,114,275558,0,62,114,183,0,37248,206,41376,0
62,117,59410,0,62,117,183,0,37250,298,56525,0
62,118,177082,0,62,118,183,0,37251,315,59022,0
62,127,478094,0,62,127,183,0,37256,363,65935,0
62,128,478094,0,62,128,183,0,37257,350,64342,0
62,179,151620,0,62,179,183,0,37265,265,51174,0
62,189,131340,0,62,189,183,0,37274,338,62857,0
62,190,131340,0,62,190,183,0,37275,337,62729,0
62,191,715272,0,62,191,183,0,37276,340,60751,0
62,192,715272,0,62,192,183,0,37277,339,60750,0
62,193,718486,0,62,193,183,0,37278,407,71025,0
62,194,718486,0,62,194,183,0,37279,398,69988,0
62,200,183424,0,62,200,183,0,37284,310,58061,0
62,214,728012,0,62,214,183,0,37296,402,70343,0
62,215,728012,0,62,215,183,0,37297,393,69306,0
62,218,39784,0,62,218,183,0,37300,197,39174,0
62,219,85230,0,62,219,183,0,37301,257,49566,0
62,237,332264,0,62,237,183,0,37315,418,72223,0
62,238,332264,0,62,238,183,0,37316,411,71382,0
62,239,901256,0,62,239,183,0,37317,198,39191,0
62,259,281344,0,62,259,183,0,37333,329,61066,0
62,294,67578,0,62,294,183,0,37365,240,46898,0
62,306,134604,0,62,306,183,0,37375,403,70495,0
62,307,134604,0,62,307,183,0,37376,394,69458,0
62,351,139766,0,62,351,183,0,37384,364,66095,0
62,355,1307986,0,62,355,183,0,37387,367,65247,0
62,356,336774,0,62,356,183,0,37388,370,66613,0
62,364,139766,0,62,364,183,0,37395,351,64502,0
