271,170,543860,0,271,170,110,0,21454,321,59995,0
270,170,523132,0,270,170,111,0,21455,321,59994,0
314,382,1472734,0,314,382,97,0,21457,212,41897,0
314,383,307972,0,314,383,97,0,21458,268,51119,0
314,384,556466,0,314,384,97,0,21459,287,54415,0
104,422,974524,0,104,422,164,0,21461,174,23001,0
314,387,556466,0,314,387,97,0,21462,129,26998,0
268,175,902704,0,268,175,383,0,21463,415,59907,0
271,171,523132,0,271,171,110,0,21464,320,59889,0
270,171,543860,0,270,171,111,0,21465,320,59888,0
271,139,17292,0,271,139,110,0,21468,300,56950,0
271,160,381586,0,271,160,110,0,21469,317,59442,0
153,97,216512,0,153,97,397,0,21471,314,30718,0
271,167,381586,0,271,167,110,0,21472,188,38268,0
271,172,750304,0,271,172,110,0,21473,323,58983,0
271,174,1404,0,271,174,110,0,21474,422,71328,0
270,139,17292,0,270,139,111,0,21477,300,56949,0
270,160,381586,0,270,160,111,0,21478,317,59441,0
152,97,216512,0,152,97,406,0,21480,314,30717,0
270,167,381586,0,270,167,111,0,21481,188,38267,0
270,173,750304,0,270,173,111,0,21482,322,58974,0
270,175,1404,0,270,175,111,0,21484,415,70235,0
147,93,557874,0,147,93,187,0,21498,226,43734,0
147,106,582522,0,147,106,187,0,21509,267,30347,0
147,107,582522,0,147,107,187,0,21510,266,30346,0
147,108,80706,0,147,108,187,0,21511,386,31541,0
147,109,80706,0,147,109,187,0,21512,375,31417,0
147,110,475734,0,147,110,187,0,21513,271,51975,0
147,111,475734,0,147,111,187,0,21514,270,51884,0
38,125,54708,0,38,125,161,0,21526,165,22204,0
334,59,365162,0,334,59,98,0,21527,121,26303,0
164,177,51374,0,164,177,104,0,21529,230,33478,0
334,63,74850,0,334,63,98,0,21530,361,65738,0
334,64,74850,0,334,64,98,0,21531,348,64145,0
334,65,56782,0,334,65,98,0,21532,234,45825,0
334,66,56782,0,334,66,98,0,21533,233,45815,0
334,67,286470,0,334,67,98,0,21534,236,46482,0
334,68,286470,0,334,68,98,0,21535,235,46398,0
334,69,64074,0,334,69,98,0,21536,421,72717,0
334,70,64074,0,334,70,98,0,21537,414,71876,0
334,72,144996,0,334,72,98,0,21539,243,47667,0
334,73,201134,0,334,73,98,0,21540,244,47848,0
334,74,257168,0,334,74,98,0,21541,245,48028,0
334,77,363280,0,334,77,98,0,21543,333,61982,0
334,85,392426,0,334,85,98,0,21547,362,65862,0
334,86,392426,0,334,86,98,0,21548,349,64269,0
334,89,342916,0,334,89,98,0,21551,254,49362,0
334,90,342916,0,334,90,98,0,21552,253,49267,0
334,93,313652,0,334,93,98,0,21555,226,44974,0
334,94,560374,0,334,94,98,0,21556,261,50512,0
267,179,1261700,0,267,179,106,0,21563,265,51267,0
266,179,1261700,0,266,179,107,0,21564,265,51266,0
334,108,108230,0,334,108,98,0,21565,386,68701,0
334,109,108230,0,334,109,98,0,21566,375,67392,0
334,118,467392,0,334,118,98,0,21575,315,59114,0
326,114,561152,0,326,114,201,0,21581,206,30580,0
334,129,463246,0,334,129,98,0,21585,387,68858,0
334,130,463246,0,334,130,98,0,21586,376,67549,0
326,179,1101202,0,326,179,201,0,21591,265,42083,0
334,177,250976,0,334,177,98,0,21592,230,45778,0
334,178,92816,0,334,178,98,0,21593,248,48630,0
334,191,404990,0,334,191,98,0,21606,340,62687,0
334,192,404990,0,334,192,98,0,21607,339,62677,0
334,198,306324,0,334,198,98,0,21613,239,46809,0
