421,312,112858,0,421,312,69,0,15618,277,53107,0
421,316,213064,0,421,316,69,0,15622,159,32889,0
421,317,398732,0,421,317,69,0,15623,160,33107,0
421,324,747566,0,421,324,69,0,15624,419,72444,0
421,327,563590,0,421,327,69,0,15626,222,44098,0
238,340,949256,0,238,340,411,0,15635,191,37410,0
421,342,234072,0,421,342,69,0,15636,395,69709,0
421,412,150628,0,421,412,69,0,15639,325,60344,0
421,415,1135812,0,421,415,69,0,15641,175,35384,0
421,417,37200,0,421,417,69,0,15643,424,73029,0
414,51,424364,0,414,51,70,0,15646,260,50383,0
414,52,433008,0,414,52,70,0,15647,280,53809,0
414,58,208476,0,414,58,70,0,15651,100,22277,0
414,59,210606,0,414,59,70,0,15652,121,26374,0
414,70,441676,0,414,70,70,0,15658,414,71894,0
414,158,190982,0,414,158,70,0,15661,283,54449,0
414,159,213064,0,414,159,70,0,15662,316,59363,0
414,160,743684,0,414,160,70,0,15663,317,59535,0
414,175,277758,0,414,175,70,0,15667,415,71971,0
414,188,33536,0,414,188,70,0,15678,167,34549,0
414,193,904612,0,414,193,70,0,15679,407,71133,0
237,192,1036734,0,237,192,418,0,15680,339,61845,0
414,196,344562,0,414,196,70,0,15681,416,72107,0
414,312,112858,0,414,312,70,0,15683,277,53101,0
414,316,213064,0,414,316,70,0,15687,159,32883,0
414,317,398732,0,414,317,70,0,15688,160,33102,0
414,325,733034,0,414,325,70,0,15689,412,71603,0
414,327,563590,0,414,327,70,0,15691,222,44092,0
414,341,222824,0,414,341,70,0,15700,404,70742,0
237,339,960504,0,237,339,418,0,15701,192,37419,0
414,419,137738,0,414,419,70,0,15704,324,60275,0
414,422,1124162,0,414,422,70,0,15706,174,35315,0
414,424,60848,0,414,424,70,0,15708,417,72188,0
204,28,17288,0,204,28,71,0,15712,205,40483,0
204,30,769972,0,204,30,71,0,15714,207,40532,0
204,36,1101202,0,204,36,71,0,15718,120,25896,0
204,38,318044,0,204,38,71,0,15720,161,33195,0
204,39,282976,0,204,39,71,0,15721,182,37051,0
204,40,295456,0,204,40,71,0,15722,211,40591,0
204,41,295456,0,204,41,71,0,15723,210,40579,0
204,42,129074,0,204,42,71,0,15724,385,68518,0
204,43,129074,0,204,43,71,0,15725,374,67209,0
204,51,725236,0,204,51,71,0,15733,260,26189,0
204,52,255930,0,204,52,71,0,15734,280,22102,0
204,53,645308,0,204,53,71,0,15735,296,56106,0
204,55,140120,0,204,55,71,0,15737,332,61738,0
204,61,430314,0,204,61,71,0,15740,162,33396,0
204,63,324446,0,204,63,71,0,15742,361,65659,0
204,64,324446,0,204,64,71,0,15743,348,64066,0
204,72,560374,0,204,72,71,0,15751,243,47587,0
204,73,564776,0,204,73,71,0,15752,244,25934,0
101,71,1214340,0,101,71,80,0,15753,204,21907,0
204,76,555336,0,204,76,71,0,15755,247,48355,0
204,83,201134,0,204,83,71,0,15758,163,33590,0
204,84,379862,0,204,84,71,0,15759,184,37504,0
204,85,108230,0,204,85,71,0,15760,362,65814,0
204,86,108230,0,204,86,71,0,15761,349,64221,0
204,91,1261700,0,204,91,71,0,15766,256,47414,0
204,92,1261700,0,204,92,71,0,15767,255,47413,0
101,114,264126,0,101,114,80,0,15770,206,17829,0
204,97,46838,0,204,97,71,0,15772,314,48357,0
204,104,1407660,0,204,104,71,0,15775,164,33233,0
204,105,315594,0,204,105,71,0,15776,185,37088,0
204,106,1419094,0,204,106,71,0,15777,267,41301,0
