6,237,807432,0,6,237,14,0,4395,418,5868,0
6,238,783976,0,6,238,14,0,4396,411,5787,0
6,277,1988648,0,6,277,14,0,4415,312,4582,0
6,285,4799148,0,6,285,14,0,4421,360,5202,0
6,286,4799148,0,6,286,14,0,4422,347,5045,0
6,287,991492,0,6,287,14,0,4423,384,5485,0
6,288,991492,0,6,288,14,0,4424,373,5356,0
6,306,735474,0,6,306,14,0,4441,403,5701,0
6,307,735474,0,6,307,14,0,4442,394,5600,0
6,378,2762356,0,6,378,14,0,4505,390,5562,0
6,390,2780842,0,6,390,14,0,4517,378,5425,0
6,395,3136124,0,6,395,14,0,4521,342,4990,0
6,399,1111384,0,6,399,14,0,4525,408,5763,0
6,400,529080,0,6,400,14,0,4526,410,5709,0
6,404,3138464,0,6,404,14,0,4529,341,4982,0
6,408,1111384,0,6,408,14,0,4533,399,5662,0
6,410,529080,0,6,410,14,0,4535,400,5607,0
7,42,4843954,0,7,42,15,0,4562,385,5501,0
7,43,4843954,0,7,43,15,0,4563,374,5372,0
7,44,1018362,0,7,44,15,0,4564,405,5726,0
7,45,1018362,0,7,45,15,0,4565,396,5625,0
7,127,1527186,0,7,127,15,0,4589,363,5249,0
7,128,1527186,0,7,128,15,0,4590,350,5092,0
7,129,1354138,0,7,129,15,0,4591,387,5529,0
7,130,1354138,0,7,130,15,0,4592,376,5400,0
7,212,4142668,0,7,212,15,0,4608,382,5457,0
7,213,4142668,0,7,213,15,0,4609,371,5328,0
7,214,898970,0,7,214,15,0,4610,402,5687,0
7,215,898970,0,7,215,15,0,4611,393,5586,0
7,259,1247692,0,7,259,15,0,4615,329,4808,0
7,285,1134910,0,7,285,15,0,4637,360,5203,0
7,286,1134910,0,7,286,15,0,4638,347,5046,0
7,287,1919458,0,7,287,15,0,4639,384,5486,0
7,288,1919458,0,7,288,15,0,4640,373,5357,0
7,343,1325396,0,7,343,15,0,4673,420,5883,0
7,344,1340610,0,7,344,15,0,4674,413,5802,0
7,357,2279224,0,7,357,15,0,4687,369,5312,0
7,369,2279224,0,7,369,15,0,4699,357,5161,0
7,400,617604,0,7,400,15,0,4728,410,5778,0
7,401,1132708,0,7,401,15,0,4729,409,5771,0
7,409,1132708,0,7,409,15,0,4737,401,5676,0
7,410,617604,0,7,410,15,0,4738,400,5671,0
7,413,2946724,0,7,413,15,0,4740,344,5004,0
7,417,1399584,0,7,417,15,0,4744,424,5939,0
7,420,2956944,0,7,420,15,0,4746,343,4998,0
7,424,1399584,0,7,424,15,0,4750,417,5858,0
8,63,1205010,0,8,63,16,0,4779,361,5219,0
8,64,1205010,0,8,64,16,0,4780,348,5062,0
8,85,365374,0,8,85,16,0,4797,362,5234,0
8,86,365374,0,8,86,16,0,4798,349,5077,0
8,249,132270,0,8,249,16,0,4878,359,5188,0
8,250,132270,0,8,250,16,0,4879,346,5031,0
8,285,1441418,0,8,285,16,0,4910,360,5204,0
8,286,1441418,0,8,286,16,0,4911,347,5047,0
8,354,1197102,0,8,354,16,0,4946,368,5304,0
8,368,1191992,0,8,368,16,0,4959,354,5139,0
8,399,2596064,0,8,399,16,0,4986,408,5764,0
8,408,2595362,0,8,408,16,0,4994,399,5663,0
8,417,3805620,0,8,417,16,0,5002,424,5940,0
8,424,3805620,0,8,424,16,0,5008,417,5859,0
18,63,3471222,0,18,63,17,0,5021,361,5227,0
18,69,1829644,0,18,69,17,0,5025,421,5915,0
18,127,2503992,0,18,127,17,0,5053,363,5256,0
18,129,2831036,0,18,129,17,0,5054,387,5537,0
