78,151,1385548,0,78,151,34,0,8760,304,55809,0
78,152,490004,0,78,152,34,0,8761,406,54104,0
78,153,490004,0,78,153,34,0,8762,397,54103,0
78,176,644538,0,78,176,34,0,8765,209,41966,0
78,182,228346,0,78,182,34,0,8770,39,9897,0
78,189,135018,0,78,189,34,0,8774,338,62868,0
78,190,135018,0,78,190,34,0,8775,337,62740,0
78,191,99296,0,78,191,34,0,8776,340,61024,0
78,192,99296,0,78,192,34,0,8777,339,61014,0
78,193,547232,0,78,193,34,0,8778,407,71033,0
78,194,547232,0,78,194,34,0,8779,398,69996,0
78,195,291410,0,78,195,34,0,8780,423,72845,0
78,196,291410,0,78,196,34,0,8781,416,72004,0
73,121,504788,0,73,121,244,0,8786,59,10972,0
73,126,2014932,0,73,126,244,0,8790,186,35438,0
73,127,1902218,0,73,127,244,0,8791,363,10272,0
73,128,1902218,0,73,128,244,0,8792,350,10134,0
73,129,1172544,0,73,129,244,0,8793,387,15297,0
73,130,1172544,0,73,130,244,0,8794,376,15172,0
78,247,1772924,0,78,247,34,0,8806,76,16081,0
78,255,762378,0,78,255,34,0,8814,92,16135,0
78,256,762378,0,78,256,34,0,8815,91,16134,0
78,265,1243122,0,78,265,34,0,8822,179,36026,0
78,268,625240,0,78,268,34,0,8825,383,19662,0
78,269,625240,0,78,269,34,0,8826,372,19537,0
78,270,17414,0,78,270,34,0,8827,111,16539,0
78,271,17414,0,78,271,34,0,8828,110,16530,0
78,272,346320,0,78,272,34,0,8829,113,16420,0
78,273,346320,0,78,273,34,0,8830,112,16419,0
78,275,666444,0,78,275,34,0,8832,220,18035,0
78,276,3157184,0,78,276,34,0,8833,295,41243,0
78,285,571010,0,78,285,34,0,8838,360,41299,0
78,286,571010,0,78,286,34,0,8839,347,41288,0
78,287,33966,0,78,287,34,0,8840,384,19675,0
78,288,33966,0,78,288,34,0,8841,373,19550,0
78,289,119132,0,78,289,34,0,8842,132,16823,0
78,290,119132,0,78,290,34,0,8843,131,16814,0
78,294,925334,0,78,294,34,0,8847,240,46911,0
78,295,77228,0,78,295,34,0,8848,276,52702,0
78,298,77228,0,78,298,34,0,8851,117,24951,0
78,301,236356,0,78,301,34,0,8854,140,29366,0
78,302,134340,0,78,302,34,0,8855,149,31234,0
78,303,134340,0,78,303,34,0,8856,148,31096,0
78,304,128878,0,78,304,34,0,8857,151,28586,0
78,305,128878,0,78,305,34,0,8858,150,28575,0
78,306,245386,0,78,306,34,0,8859,403,70504,0
78,307,245386,0,78,307,34,0,8860,394,69467,0
78,311,1379092,0,78,311,34,0,8864,258,17566,0
78,315,1333454,0,78,315,34,0,8867,118,16641,0
78,316,82532,0,78,316,34,0,8868,159,17202,0
78,318,168032,0,78,318,34,0,8870,169,34723,0
78,319,168032,0,78,319,34,0,8871,168,34577,0
78,322,18962,0,78,322,34,0,8874,173,17381,0
78,323,18962,0,78,323,34,0,8875,172,17372,0
78,324,901040,0,78,324,34,0,8876,419,20064,0
78,325,901040,0,78,325,34,0,8877,412,19984,0
78,329,434114,0,78,329,34,0,8879,259,12657,0
78,330,457348,0,78,330,34,0,8880,278,53155,0
78,334,250838,0,78,334,34,0,8884,98,21544,0
78,336,3126,0,78,336,34,0,8886,181,36726,0
78,339,40248,0,78,339,34,0,8889,192,36169,0
78,340,40248,0,78,340,34,0,8890,191,36159,0
78,350,95460,0,78,350,34,0,8899,128,27440,0
78,351,177500,0,78,351,34,0,8900,364,66107,0
