234,289,270372,0,234,289,65,0,15236,132,26353,0
234,291,1586622,0,234,291,65,0,15237,134,27732,0
231,285,1116514,0,231,285,358,0,15238,360,27727,0
234,375,1128682,0,234,375,65,0,15243,109,22254,0
234,378,1579906,0,234,378,65,0,15246,390,46306,0
234,380,714920,0,234,380,65,0,15248,392,69026,0
234,393,94528,0,234,393,65,0,15250,215,40914,0
234,399,1000874,0,234,399,65,0,15255,408,46321,0
234,401,286780,0,234,401,65,0,15256,409,69166,0
234,402,360200,0,234,402,65,0,15257,214,40913,0
234,408,426252,0,234,408,65,0,15262,399,46314,0
234,415,783748,0,234,415,65,0,15266,175,35062,0
234,416,1594506,0,234,416,65,0,15267,196,38845,0
234,417,691808,0,234,417,65,0,15268,424,69273,0
234,418,851140,0,234,418,65,0,15269,237,46325,0
234,420,2059608,0,234,420,65,0,15271,343,63177,0
234,424,81076,0,234,424,65,0,15273,417,69222,0
233,28,151588,0,233,28,66,0,15277,205,41221,0
233,36,189038,0,233,36,66,0,15283,120,25925,0
233,44,1642996,0,233,44,66,0,15287,405,70829,0
233,45,28920,0,233,45,66,0,15288,396,69792,0
233,46,1395432,0,233,46,66,0,15289,217,42533,0
233,47,1941002,0,233,47,66,0,15290,216,42526,0
233,105,371598,0,233,105,66,0,15299,185,37718,0
233,110,640424,0,233,110,66,0,15301,271,50353,0
233,114,132898,0,233,114,66,0,15304,206,41447,0
233,117,1069394,0,233,117,66,0,15307,298,56559,0
233,124,698256,0,233,124,66,0,15313,145,30533,0
232,133,1797620,0,232,133,345,0,15315,292,55452,0
233,128,68374,0,233,128,66,0,15316,350,64396,0
233,131,696192,0,233,131,66,0,15318,290,53778,0
233,133,1444804,0,233,133,66,0,15319,292,55051,0
232,128,822284,0,232,128,345,0,15320,350,55044,0
233,201,134610,0,233,201,66,0,15324,326,60434,0
233,206,628336,0,233,206,66,0,15329,114,24234,0
233,209,324200,0,233,209,66,0,15331,176,35531,0
233,269,207826,0,233,269,66,0,15344,372,66917,0
233,270,821512,0,233,270,66,0,15345,111,22245,0
233,274,74192,0,233,274,66,0,15348,199,39778,0
233,275,138752,0,233,275,66,0,15349,220,43540,0
233,282,331224,0,233,282,66,0,15355,137,28741,0
163,387,222474,0,163,387,83,0,15356,129,25359,0
232,292,1824066,0,232,292,345,0,15358,133,27978,0
233,286,63980,0,233,286,66,0,15359,347,63936,0
233,290,270372,0,233,290,66,0,15361,131,26343,0
232,286,1106080,0,232,286,345,0,15362,347,27634,0
233,292,1576188,0,233,292,66,0,15363,133,27627,0
233,386,1128682,0,233,386,66,0,15368,108,22243,0
233,390,1579906,0,233,390,66,0,15372,378,46186,0
233,392,716832,0,233,392,66,0,15374,380,67712,0
233,393,360200,0,233,393,66,0,15375,215,40903,0
233,399,426252,0,233,399,66,0,15380,408,46202,0
233,402,94528,0,233,402,66,0,15382,214,40902,0
233,408,1000874,0,233,408,66,0,15387,399,46195,0
233,409,283910,0,233,409,66,0,15388,401,67789,0
233,411,875686,0,233,411,66,0,15389,238,46211,0
233,413,2052968,0,233,413,66,0,15391,344,63078,0
233,417,79368,0,233,417,66,0,15393,424,67965,0
233,422,767708,0,233,422,66,0,15396,174,34954,0
233,423,1612312,0,233,423,66,0,15397,195,38731,0
233,424,693816,0,233,424,66,0,15398,417,67912,0
236,30,123292,0,236,30,67,0,15403,207,41648,0
236,32,65406,0,236,32,67,0,15405,331,61548,0
236,42,1226116,0,236,42,67,0,15411,385,68541,0
