224,407,412050,0,224,407,49,0,11605,193,37313,0
224,408,1033434,0,224,408,49,0,11606,399,44650,0
224,412,219470,0,224,412,49,0,11609,325,60312,0
224,415,219470,0,224,415,49,0,11611,175,35360,0
224,417,119318,0,224,417,49,0,11613,424,72996,0
224,419,219470,0,224,419,49,0,11615,324,60243,0
224,422,219470,0,224,422,49,0,11617,174,35291,0
224,424,119318,0,224,424,49,0,11619,417,72155,0
225,29,200052,0,225,29,50,0,11624,279,53425,0
225,30,260960,0,225,30,50,0,11625,207,41637,0
225,31,8260,0,225,31,50,0,11626,313,58656,0
225,38,1001866,0,225,38,50,0,11629,161,33215,0
225,40,123292,0,225,40,50,0,11631,211,42346,0
225,41,123292,0,225,41,50,0,11632,210,42214,0
225,72,2710942,0,225,72,50,0,11640,243,26226,0
225,73,222628,0,225,73,50,0,11641,244,26225,0
62,72,3152220,0,62,72,183,0,11644,243,13656,0
100,72,1253654,0,100,72,58,0,11646,243,20798,0
225,82,63200,0,225,82,50,0,11647,143,28736,0
162,72,669944,0,162,72,61,0,11648,243,25354,0
225,84,1353426,0,225,84,50,0,11649,184,36545,0
225,85,92560,0,225,85,50,0,11650,362,65525,0
225,86,92560,0,225,86,50,0,11651,349,63932,0
225,87,481978,0,225,87,50,0,11652,252,26265,0
225,88,481978,0,225,88,50,0,11653,251,26264,0
225,89,392862,0,225,89,50,0,11654,254,26267,0
225,90,392862,0,225,90,50,0,11655,253,26266,0
225,91,368450,0,225,91,50,0,11656,256,28050,0
225,92,368450,0,225,92,50,0,11657,255,27973,0
225,96,2098822,0,225,96,50,0,11660,263,50803,0
225,105,303300,0,225,105,50,0,11666,185,36544,0
225,106,393378,0,225,106,50,0,11667,267,51570,0
225,107,393378,0,225,107,50,0,11668,266,51428,0
225,110,477322,0,225,110,50,0,11671,271,26250,0
225,111,477322,0,225,111,50,0,11672,270,26249,0
81,58,1490526,0,81,58,122,0,11681,100,16427,0
81,61,449732,0,81,61,122,0,11683,162,17256,0
81,63,1109132,0,81,63,122,0,11685,361,23486,0
81,64,1109132,0,81,64,122,0,11686,348,23337,0
81,65,111368,0,81,65,122,0,11687,234,18235,0
81,66,116776,0,81,66,122,0,11688,233,18224,0
81,67,1437112,0,81,67,122,0,11689,236,18152,0
81,68,1437112,0,81,68,122,0,11690,235,18151,0
81,69,595788,0,81,69,122,0,11691,421,20090,0
81,70,595788,0,81,70,122,0,11692,414,20010,0
225,138,153854,0,225,138,50,0,11696,299,56749,0
100,75,913920,0,100,75,58,0,11702,297,22739,0
225,145,218290,0,225,145,50,0,11703,124,26716,0
163,135,657600,0,163,135,83,0,11705,228,33462,0
225,148,187742,0,225,148,50,0,11706,303,57405,0
225,149,187742,0,225,149,50,0,11707,302,57271,0
225,154,381586,0,225,154,50,0,11712,309,56497,0
225,155,381586,0,225,155,50,0,11713,308,56490,0
83,115,449732,0,83,115,163,0,11716,227,18145,0
225,160,1664318,0,225,160,50,0,11718,317,13731,0
104,115,2395748,0,104,115,164,0,11720,227,22140,0
121,162,1989544,0,121,162,59,0,11721,61,14497,0
143,327,3157184,0,143,327,82,0,11722,222,29922,0
225,168,33154,0,225,168,50,0,11724,319,59734,0
225,169,33154,0,225,169,50,0,11725,318,59593,0
225,170,989716,0,225,170,50,0,11726,321,44772,0
225,171,985358,0,225,171,50,0,11727,320,44771,0
225,172,114664,0,225,172,50,0,11728,323,44774,0
225,173,114664,0,225,173,50,0,11729,322,44773,0
