30,373,1109002,0,30,373,207,0,41736,288,52863,0
30,378,328632,0,30,378,207,0,41741,390,69105,0
30,384,1109002,0,30,384,207,0,41746,287,52852,0
30,390,328632,0,30,390,207,0,41752,378,67724,0
30,395,846444,0,30,395,207,0,41755,342,63268,0
30,400,1229134,0,30,400,207,0,41760,410,70384,0
30,404,846444,0,30,404,207,0,41761,341,63189,0
30,410,1229134,0,30,410,207,0,41766,400,69347,0
30,411,428140,0,30,411,207,0,41767,238,43015,0
30,418,428140,0,30,418,207,0,41773,237,43014,0
47,311,490004,0,47,311,216,0,41784,258,49790,0
46,311,490004,0,46,311,217,0,41785,258,49789,0
156,110,553792,0,156,110,208,0,41786,271,49939,0
156,111,553792,0,156,111,208,0,41787,270,49930,0
156,127,360750,0,156,127,208,0,41799,363,65953,0
156,128,360750,0,156,128,208,0,41800,350,64360,0
156,129,162742,0,156,129,208,0,41801,387,68773,0
156,130,162742,0,156,130,208,0,41802,376,67464,0
156,131,530220,0,156,131,208,0,41803,290,53089,0
156,132,530220,0,156,132,208,0,41804,289,53080,0
156,198,189990,0,156,198,208,0,41807,239,46689,0
156,214,206876,0,156,214,208,0,41820,402,70385,0
156,215,206876,0,156,215,208,0,41821,393,69348,0
156,259,77228,0,156,259,208,0,41825,329,61107,0
156,287,245422,0,156,287,208,0,41848,384,68335,0
156,288,245422,0,156,288,208,0,41849,373,67026,0
156,311,127120,0,156,311,208,0,41855,258,49806,0
41,324,954774,0,41,324,210,0,41879,419,66616,0
40,325,954774,0,40,325,211,0,41892,412,64967,0
156,372,210002,0,156,372,208,0,41894,269,49920,0
156,383,210002,0,156,383,208,0,41904,268,49910,0
156,400,672536,0,156,400,208,0,41920,410,71309,0
156,410,672536,0,156,410,208,0,41930,400,70216,0
156,413,322548,0,156,413,208,0,41932,344,63423,0
156,420,322548,0,156,420,208,0,41938,343,63358,0
43,327,865512,0,43,327,374,0,41953,222,43864,0
42,327,865512,0,42,327,385,0,41954,222,43863,0
176,67,196314,0,176,67,209,0,41957,236,46442,0
176,68,196314,0,176,68,209,0,41958,235,46358,0
176,72,77084,0,176,72,209,0,41962,243,47565,0
176,74,435148,0,176,74,209,0,41964,245,47973,0
176,85,115950,0,176,85,209,0,41970,362,65796,0
176,86,115950,0,176,86,209,0,41971,349,64203,0
176,89,289896,0,176,89,209,0,41974,254,49321,0
176,90,289896,0,176,90,209,0,41975,253,49226,0
176,91,150722,0,176,91,209,0,41976,256,49483,0
176,92,150722,0,176,92,209,0,41977,255,49410,0
176,97,188140,0,176,97,209,0,41981,314,58829,0
41,329,21768,0,41,329,210,0,41987,259,49971,0
40,329,21768,0,40,329,211,0,41988,259,49970,0
176,108,134604,0,176,108,209,0,41989,386,68640,0
176,109,134604,0,176,109,209,0,41990,375,67331,0
176,110,43580,0,176,110,209,0,41991,271,51979,0
176,111,43580,0,176,111,209,0,41992,270,51888,0
176,115,880198,0,176,115,209,0,41996,227,45103,0
176,129,304200,0,176,129,209,0,42003,387,53331,0
176,130,304200,0,176,130,209,0,42004,376,53323,0
176,131,367894,0,176,131,209,0,42005,290,55268,0
176,132,367894,0,176,132,209,0,42006,289,55176,0
176,133,15076,0,176,133,209,0,42007,292,55429,0
176,134,15076,0,176,134,209,0,42008,291,55357,0
176,200,433584,0,176,200,209,0,42012,310,58118,0
176,212,1085728,0,176,212,209,0,42020,382,68054,0
176,213,1085728,0,176,213,209,0,42021,371,66745,0
