143,196,99936,0,143,196,82,0,17610,416,31832,0
163,179,1766180,0,163,179,83,0,17612,265,47842,0
163,189,542290,0,163,189,83,0,17617,338,34505,0
163,190,542290,0,163,190,83,0,17618,337,34493,0
66,178,246528,0,66,178,233,0,17619,248,34433,0
65,178,241120,0,65,178,234,0,17620,248,34432,0
163,195,1070950,0,163,195,83,0,17623,423,49516,0
163,196,1070950,0,163,196,83,0,17624,416,49443,0
333,345,137864,0,333,345,77,0,17625,232,45804,0
333,346,141272,0,333,346,77,0,17626,250,48657,0
333,350,924316,0,333,350,77,0,17630,128,27240,0
333,351,162184,0,333,351,77,0,17631,364,62936,0
250,193,1159088,0,250,193,346,0,17632,407,62914,0
333,354,1513056,0,333,354,77,0,17634,368,66523,0
250,192,789318,0,250,192,346,0,17635,339,62010,0
333,358,137864,0,333,358,77,0,17637,231,45793,0
333,359,141272,0,333,359,77,0,17638,249,48645,0
333,363,924316,0,333,363,77,0,17642,127,27228,0
333,364,162184,0,333,364,77,0,17643,351,62808,0
249,194,1133554,0,249,194,359,0,17645,398,62785,0
249,191,766740,0,249,191,359,0,17646,340,62000,0
333,368,1490478,0,333,368,77,0,17647,354,64862,0
252,176,126228,0,252,176,87,0,17649,209,42052,0
252,180,837366,0,252,180,87,0,17651,284,54589,0
252,191,504898,0,252,191,87,0,17655,340,62031,0
252,193,146016,0,252,193,87,0,17656,407,69151,0
252,195,275316,0,252,195,87,0,17657,423,69265,0
251,176,126228,0,251,176,88,0,17659,209,42051,0
251,180,837366,0,251,180,88,0,17661,284,54588,0
251,192,504898,0,251,192,88,0,17665,339,62021,0
251,194,143676,0,251,194,88,0,17666,398,67770,0
251,196,275316,0,251,196,88,0,17668,416,67904,0
333,394,298300,0,333,394,77,0,17670,307,57870,0
333,395,325912,0,333,395,77,0,17671,342,63320,0
333,403,298300,0,333,403,77,0,17678,306,57783,0
333,404,325912,0,333,404,77,0,17679,341,63241,0
333,412,206452,0,333,412,77,0,17686,325,60335,0
333,417,148482,0,333,417,77,0,17690,424,73019,0
333,419,206452,0,333,419,77,0,17692,324,60266,0
333,424,148482,0,333,424,77,0,17696,417,72178,0
26,51,1415632,0,26,51,223,0,17697,260,40652,0
34,50,129472,0,34,50,78,0,17699,225,26099,0
29,58,2403188,0,29,58,279,0,17700,100,18000,0
31,51,1381566,0,31,51,313,0,17705,260,29801,0
34,62,696260,0,34,62,78,0,17707,183,37219,0
34,65,157314,0,34,65,78,0,17710,234,46220,0
34,66,157314,0,34,66,78,0,17711,233,46101,0
34,69,773934,0,34,69,78,0,17714,421,43044,0
34,70,773934,0,34,70,78,0,17715,414,43045,0
34,72,560374,0,34,72,78,0,17716,243,47535,0
34,76,555336,0,34,76,78,0,17719,247,48328,0
34,77,379862,0,34,77,78,0,17720,333,61889,0
34,83,201134,0,34,83,78,0,17723,163,33558,0
34,85,108230,0,34,85,78,0,17725,362,65787,0
34,86,108230,0,34,86,78,0,17726,349,64194,0
34,91,1261700,0,34,91,78,0,17731,256,46740,0
34,92,1261700,0,34,92,78,0,17732,255,46739,0
34,119,425660,0,34,119,78,0,17737,335,61890,0
34,126,291252,0,34,126,78,0,17741,186,37455,0
34,129,268032,0,34,129,78,0,17744,387,49089,0
34,130,268032,0,34,130,78,0,17745,376,48971,0
34,131,32936,0,34,131,78,0,17746,290,47907,0
34,132,32936,0,34,132,78,0,17747,289,47899,0
34,133,80554,0,34,133,78,0,17748,292,46755,0
