51,86,774528,0,51,86,260,0,18311,349,23359,0
51,91,313474,0,51,91,260,0,18316,256,22681,0
51,92,313474,0,51,92,260,0,18317,255,22674,0
94,50,437456,0,94,50,261,0,18318,225,20792,0
94,76,473444,0,94,76,261,0,18319,247,48340,0
94,77,1772924,0,94,77,261,0,18320,333,61081,0
94,80,569096,0,94,80,261,0,18322,101,20398,0
94,82,700996,0,94,82,261,0,18323,143,20437,0
94,83,147712,0,94,83,261,0,18324,163,32181,0
94,84,1772924,0,94,84,261,0,18325,184,36227,0
94,85,387210,0,94,85,261,0,18326,362,20603,0
94,86,387210,0,94,86,261,0,18327,349,20591,0
94,87,365440,0,94,87,261,0,18328,252,49098,0
94,88,365440,0,94,88,261,0,18329,251,48980,0
94,91,3535628,0,94,91,261,0,18332,256,20540,0
94,92,3535628,0,94,92,261,0,18333,255,20539,0
95,76,3378030,0,95,76,262,0,18335,247,26286,0
95,81,196474,0,95,81,262,0,18337,122,20703,0
95,85,594554,0,95,85,262,0,18340,362,23470,0
95,86,594554,0,95,86,262,0,18341,349,23321,0
95,87,33154,0,95,87,262,0,18342,252,49099,0
95,88,33154,0,95,88,262,0,18343,251,48981,0
95,89,989716,0,95,89,262,0,18344,254,20820,0
95,90,989716,0,95,90,262,0,18345,253,20819,0
95,91,114664,0,95,91,262,0,18346,256,20822,0
95,92,114664,0,95,92,262,0,18347,255,20821,0
101,293,472686,0,101,293,80,0,18348,221,30157,0
96,82,4883816,0,96,82,263,0,18349,143,21085,0
101,299,473444,0,101,299,80,0,18352,138,21002,0
101,302,2214998,0,101,302,80,0,18355,149,21161,0
101,303,2214998,0,101,303,80,0,18356,148,21149,0
101,306,1646336,0,101,306,80,0,18359,403,21090,0
101,307,1646336,0,101,307,80,0,18360,394,21091,0
101,310,673524,0,101,310,80,0,18363,200,39892,0
101,316,550580,0,101,316,80,0,18369,159,32655,0
101,317,2098822,0,101,317,80,0,18370,160,32898,0
101,318,216512,0,101,318,80,0,18371,169,32360,0
101,319,216512,0,101,319,80,0,18372,168,32347,0
101,320,675946,0,101,320,80,0,18373,171,33709,0
101,321,675946,0,101,321,80,0,18374,170,33700,0
101,327,444140,0,101,327,80,0,18379,222,43875,0
101,328,294316,0,101,328,80,0,18380,241,47139,0
101,330,724446,0,101,330,80,0,18381,278,33978,0
101,334,555336,0,101,334,80,0,18385,98,21561,0
101,335,486432,0,101,335,80,0,18386,119,25564,0
101,339,139102,0,101,339,80,0,18390,192,37622,0
101,340,139102,0,101,340,80,0,18391,191,37612,0
101,345,484668,0,101,345,80,0,18396,232,43363,0
101,346,738556,0,101,346,80,0,18397,250,22428,0
101,351,842878,0,101,351,80,0,18401,364,23526,0
101,354,1714562,0,101,354,80,0,18404,368,23505,0
101,356,348104,0,101,356,80,0,18405,370,23507,0
101,358,484668,0,101,358,80,0,18407,231,43351,0
101,359,738556,0,101,359,80,0,18408,249,22417,0
101,364,842878,0,101,364,80,0,18412,351,23377,0
101,368,1714562,0,101,368,80,0,18415,354,23356,0
101,370,348104,0,101,370,80,0,18417,356,23357,0
101,371,493726,0,101,371,80,0,18418,213,41142,0
101,375,29748,0,101,375,80,0,18421,109,22446,0
101,377,11052,0,101,377,80,0,18423,388,49161,0
101,378,475182,0,101,378,80,0,18424,390,49107,0
101,382,493726,0,101,382,80,0,18427,212,41131,0
101,386,29748,0,101,386,80,0,18430,108,22437,0
101,390,474860,0,101,390,80,0,18434,378,48988,0
