12,157,341468,0,12,157,4,0,1573,264,3962,0
12,158,1247692,0,12,158,4,0,1574,283,4228,0
12,164,665596,0,12,164,4,0,1580,104,1701,0
12,165,1247692,0,12,165,4,0,1581,125,2013,0
12,168,4437382,0,12,168,4,0,1584,319,4622,0
12,169,4437382,0,12,169,4,0,1585,318,4621,0
12,172,4437382,0,12,172,4,0,1588,323,4626,0
12,173,4437382,0,12,173,4,0,1589,322,4625,0
6,179,3484658,0,6,179,14,0,1592,265,2284,0
1,179,2103412,0,1,179,9,0,1603,265,2333,0
12,191,1321230,0,12,191,4,0,1607,340,4975,0
12,192,1321438,0,12,192,4,0,1608,339,4965,0
12,193,1214150,0,12,193,4,0,1609,407,5756,0
12,194,1214150,0,12,194,4,0,1610,398,5655,0
12,195,2700896,0,12,195,4,0,1611,423,5932,0
12,196,2700896,0,12,196,4,0,1612,416,5851,0
1,97,2012906,0,1,97,9,0,1615,314,4557,0
12,221,1988648,0,12,221,4,0,1633,293,4338,0
12,231,2022360,0,12,231,4,0,1642,358,5174,0
12,232,2022360,0,12,232,4,0,1643,345,5017,0
12,237,4104262,0,12,237,4,0,1648,418,5871,0
12,238,4108220,0,12,238,4,0,1649,411,5790,0
3,103,5532542,0,3,103,11,0,1655,144,2142,0
5,102,213084,0,5,102,13,0,1670,123,1851,0
5,105,1858724,0,5,105,13,0,1673,185,2786,0
5,108,311810,0,5,108,13,0,1676,386,5490,0
5,109,311810,0,5,109,13,0,1677,375,5361,0
1,124,648430,0,1,124,9,0,1684,145,2293,0
6,106,7087516,0,6,106,14,0,1689,267,2286,0
6,107,7087516,0,6,107,14,0,1690,266,2285,0
6,108,3313112,0,6,108,14,0,1691,386,2383,0
6,109,3313112,0,6,109,14,0,1692,375,2372,0
6,110,1635128,0,6,110,14,0,1693,271,4045,0
6,111,1635128,0,6,111,14,0,1694,270,4036,0
6,112,10251536,0,6,112,14,0,1695,273,2292,0
6,113,10224404,0,6,113,14,0,1696,272,2291,0
12,326,1158252,0,12,326,4,0,1712,201,3081,0
12,339,1747082,0,12,339,4,0,1724,192,2970,0
12,340,1736138,0,12,340,4,0,1725,191,2960,0
12,341,201144,0,12,341,4,0,1726,404,5719,0
12,342,201144,0,12,342,4,0,1727,395,5618,0
12,343,1303476,0,12,343,4,0,1728,420,5898,0
12,344,1303734,0,12,344,4,0,1729,413,5817,0
12,345,877182,0,12,345,4,0,1730,232,3459,0
12,346,1628358,0,12,346,4,0,1731,250,3697,0
12,352,20544,0,12,352,4,0,1737,366,5288,0
12,353,2873952,0,12,353,4,0,1738,365,5278,0
12,354,9606842,0,12,354,4,0,1739,368,4014,0
12,355,7381742,0,12,355,4,0,1740,367,4013,0
12,358,877182,0,12,358,4,0,1743,231,3458,0
12,359,1628358,0,12,359,4,0,1744,249,3696,0
12,365,2873968,0,12,365,4,0,1750,353,5131,0
12,366,20560,0,12,366,4,0,1751,352,5121,0
12,367,7381742,0,12,367,4,0,1752,355,4001,0
12,368,9606842,0,12,368,4,0,1753,354,4000,0
12,372,1656820,0,12,372,4,0,1757,269,4029,0
12,373,1646634,0,12,373,4,0,1758,288,4293,0
12,376,2819452,0,12,376,4,0,1760,130,2078,0
12,377,1618562,0,12,377,4,0,1761,388,5546,0
12,378,1203674,0,12,378,4,0,1762,390,5524,0
12,380,673768,0,12,380,4,0,1764,392,5525,0
12,383,1656820,0,12,383,4,0,1766,268,4020,0
12,384,1646634,0,12,384,4,0,1767,287,4284,0
12,387,2819452,0,12,387,4,0,1769,129,2069,0
