120,277,164938,0,120,277,36,0,9310,312,58412,0
120,289,211318,0,120,289,36,0,9322,132,24906,0
120,290,211318,0,120,290,36,0,9323,131,24897,0
117,102,74138,0,117,102,298,0,9330,123,24689,0
117,104,1766180,0,117,104,298,0,9332,164,29167,0
117,108,1070950,0,117,108,298,0,9336,386,31509,0
117,109,1070950,0,117,109,298,0,9337,375,31385,0
117,110,542290,0,117,110,298,0,9338,271,26646,0
117,111,542290,0,117,111,298,0,9339,270,26638,0
117,112,241120,0,117,112,298,0,9340,273,25101,0
117,113,241120,0,117,113,298,0,9341,272,25100,0
120,310,372372,0,120,310,36,0,9342,200,39909,0
120,324,143742,0,120,324,36,0,9355,419,72378,0
120,325,143742,0,120,325,36,0,9356,412,71537,0
120,333,461172,0,120,333,36,0,9364,77,17479,0
117,326,255930,0,117,326,298,0,9365,201,21577,0
120,343,491000,0,120,343,36,0,9374,420,72501,0
120,344,491000,0,120,344,36,0,9375,413,71660,0
120,346,132644,0,120,346,36,0,9377,250,48860,0
120,350,217518,0,120,350,36,0,9380,128,27453,0
120,351,270298,0,120,351,36,0,9381,364,66123,0
120,352,213648,0,120,352,36,0,9382,366,66339,0
120,355,378694,0,120,355,36,0,9385,367,26042,0
120,359,132644,0,120,359,36,0,9388,249,48735,0
120,363,217518,0,120,363,36,0,9391,127,27332,0
120,364,270298,0,120,364,36,0,9392,351,64530,0
120,366,213648,0,120,366,36,0,9394,352,64658,0
120,367,378694,0,120,367,36,0,9395,355,26032,0
120,371,563590,0,120,371,36,0,9398,213,42554,0
120,375,251128,0,120,375,36,0,9401,109,23713,0
120,379,447248,0,120,379,36,0,9404,389,68447,0
120,381,352424,0,120,381,36,0,9406,391,27693,0
120,382,563590,0,120,382,36,0,9407,212,42446,0
120,386,251128,0,120,386,36,0,9410,108,23612,0
120,389,447248,0,120,389,36,0,9413,379,67138,0
120,391,352424,0,120,391,36,0,9414,381,27595,0
120,399,545044,0,120,399,36,0,9422,408,27912,0
120,408,545044,0,120,408,36,0,9430,399,27815,0
120,413,212418,0,120,413,36,0,9434,344,61341,0
120,415,41260,0,120,415,36,0,9436,175,32536,0
120,416,318318,0,120,416,36,0,9437,196,36535,0
120,417,417922,0,120,417,36,0,9438,424,26092,0
120,420,212418,0,120,420,36,0,9441,343,61340,0
120,422,41260,0,120,422,36,0,9443,174,32535,0
120,423,318318,0,120,423,36,0,9444,195,36534,0
120,424,417922,0,120,424,36,0,9445,417,26085,0
141,51,1001866,0,141,51,37,0,9449,260,50196,0
141,55,200052,0,141,55,37,0,9451,332,61721,0
141,57,260960,0,141,57,37,0,9452,79,18050,0
141,58,8260,0,141,58,37,0,9453,100,22064,0
141,67,123292,0,141,67,37,0,9460,236,46436,0
141,68,123292,0,141,68,37,0,9461,235,46352,0
96,71,1690042,0,96,71,263,0,9465,204,21904,0
141,79,309438,0,141,79,37,0,9466,57,13602,0
141,85,543122,0,141,85,37,0,9469,362,47076,0
141,86,543122,0,141,86,37,0,9470,349,47068,0
141,87,210208,0,141,87,37,0,9471,252,47057,0
141,88,210208,0,141,88,37,0,9472,251,47046,0
141,91,1420950,0,141,91,37,0,9475,256,46972,0
141,92,1420950,0,141,92,37,0,9476,255,46971,0
102,293,2473716,0,102,293,123,0,9477,221,43238,0
102,187,106164,0,102,187,123,0,9480,147,21954,0
102,299,887834,0,102,299,123,0,9484,138,21003,0
102,300,742190,0,102,300,123,0,9485,139,29151,0
