260,158,77228,0,260,158,51,0,11994,283,54326,0
260,159,49434,0,260,159,51,0,11995,316,59259,0
229,264,788752,0,229,264,54,0,11999,157,22929,0
260,165,77228,0,260,165,51,0,12000,125,26926,0
142,97,673524,0,142,97,60,0,12001,314,30708,0
260,167,305006,0,260,167,51,0,12002,188,38260,0
260,170,502824,0,260,170,51,0,12005,321,59988,0
260,171,502824,0,260,171,51,0,12006,320,59882,0
260,177,495546,0,260,177,51,0,12012,230,45739,0
260,178,62148,0,260,178,51,0,12013,248,48595,0
260,179,95568,0,260,179,51,0,12014,265,51261,0
260,183,14204,0,260,183,51,0,12018,62,14789,0
260,186,1184724,0,260,186,51,0,12021,126,27175,0
33,179,1418290,0,33,179,56,0,12022,265,30956,0
123,178,1099602,0,123,178,102,0,12023,248,34439,0
260,189,30388,0,260,189,51,0,12024,338,62171,0
260,190,30388,0,260,190,51,0,12025,337,62159,0
260,195,245422,0,260,195,51,0,12030,423,72899,0
260,196,245422,0,260,196,51,0,12031,416,72058,0
33,97,426098,0,33,97,56,0,12034,314,58149,0
33,98,1503636,0,33,98,56,0,12035,334,60460,0
33,104,265306,0,33,104,56,0,12039,164,32042,0
33,108,46756,0,33,108,56,0,12043,386,68079,0
33,109,46756,0,33,109,56,0,12044,375,66770,0
79,98,753516,0,79,98,57,0,12050,334,60945,0
72,51,994460,0,72,51,243,0,12052,260,16157,0
79,102,185020,0,79,102,57,0,12053,123,16714,0
79,103,869378,0,79,103,57,0,12054,144,28490,0
79,104,1690042,0,79,104,57,0,12055,164,16643,0
79,105,1266738,0,79,105,57,0,12056,185,36108,0
79,110,323578,0,79,110,57,0,12061,271,18315,0
79,111,323578,0,79,111,57,0,12062,270,18314,0
79,112,614522,0,79,112,57,0,12063,273,18464,0
79,113,614522,0,79,113,57,0,12064,272,18457,0
121,97,248578,0,121,97,59,0,12065,314,58493,0
121,98,251384,0,121,98,59,0,12066,334,61373,0
121,100,685586,0,121,100,59,0,12068,58,12368,0
121,105,544850,0,121,105,59,0,12072,185,36571,0
121,106,1119990,0,121,106,59,0,12073,267,51557,0
121,107,1119990,0,121,107,59,0,12074,266,51415,0
121,112,567338,0,121,112,59,0,12079,273,26662,0
121,113,567338,0,121,113,59,0,12080,272,26656,0
142,73,144854,0,142,73,60,0,12082,244,46975,0
33,124,1115782,0,33,124,56,0,12083,145,30428,0
142,101,252442,0,142,101,60,0,12084,80,17007,0
142,103,225882,0,142,103,60,0,12085,144,28988,0
142,104,461042,0,142,104,60,0,12086,164,28700,0
142,108,348868,0,142,108,60,0,12089,386,31537,0
142,109,348868,0,142,109,60,0,12090,375,31413,0
142,110,987372,0,142,110,60,0,12091,271,51973,0
142,111,987372,0,142,111,60,0,12092,270,51882,0
162,104,1114692,0,162,104,61,0,12096,164,25365,0
164,285,553792,0,164,285,104,0,12101,360,33851,0
164,286,553792,0,164,286,104,0,12102,347,33838,0
164,291,490004,0,164,291,104,0,12107,134,25372,0
164,292,490004,0,164,292,104,0,12108,133,25373,0
260,327,347112,0,260,327,51,0,12110,222,43976,0
260,329,159016,0,260,329,51,0,12112,259,50082,0
183,124,231352,0,183,124,62,0,12113,145,30495,0
260,332,94002,0,260,332,51,0,12115,55,13190,0
260,337,530220,0,260,337,51,0,12119,190,37797,0
260,338,530220,0,260,338,51,0,12120,189,37785,0
260,341,360750,0,260,341,51,0,12123,404,70719,0
260,342,360750,0,260,342,51,0,12124,395,69682,0
