65,155,15206,0,65,155,234,0,43820,308,57594,0
293,395,95460,0,293,395,221,0,43823,342,63305,0
293,399,177500,0,293,399,221,0,43826,408,71197,0
69,148,2189730,0,69,148,421,0,43828,303,57369,0
293,404,95460,0,293,404,221,0,43831,341,63226,0
293,408,177500,0,293,408,221,0,43834,399,70160,0
70,149,2192344,0,70,149,414,0,43835,302,57236,0
293,412,372,0,293,412,221,0,43837,325,57044,0
293,417,419670,0,293,417,221,0,43842,424,58026,0
293,419,372,0,293,419,221,0,43843,324,57038,0
293,424,418352,0,293,424,221,0,43848,417,57958,0
327,27,885432,0,327,27,222,0,43851,242,47443,0
327,29,275558,0,327,29,222,0,43853,279,53499,0
327,44,719758,0,327,44,222,0,43865,405,70873,0
327,45,719758,0,327,45,222,0,43866,396,69836,0
327,93,217176,0,327,93,222,0,43869,226,44968,0
327,108,143742,0,327,108,222,0,43879,386,68696,0
327,109,143742,0,327,109,222,0,43880,375,67387,0
327,117,461172,0,327,117,222,0,43887,298,56613,0
327,129,491000,0,327,129,222,0,43897,387,68852,0
327,130,491000,0,327,130,222,0,43898,376,67543,0
327,189,211318,0,327,189,222,0,43913,338,62661,0
327,190,211318,0,327,190,222,0,43914,337,62649,0
327,212,338860,0,327,212,222,0,43932,382,68110,0
327,213,338860,0,327,213,222,0,43933,371,66801,0
135,178,323646,0,135,178,228,0,44003,248,47003,0
135,180,311562,0,135,180,228,0,44004,284,52815,0
54,180,6280,0,54,180,229,0,44019,284,53021,0
54,195,475540,0,54,195,229,0,44029,423,72433,0
54,196,475540,0,54,196,229,0,44030,416,71592,0
327,351,978092,0,327,351,222,0,44037,364,62932,0
65,189,435474,0,65,189,234,0,44038,338,62859,0
327,355,48400,0,327,355,222,0,44040,367,66453,0
327,356,622474,0,327,356,222,0,44041,370,66642,0
327,364,978092,0,327,364,222,0,44048,351,62804,0
66,190,435474,0,66,190,233,0,44049,337,62731,0
327,367,44498,0,327,367,222,0,44050,355,64928,0
327,370,622474,0,327,370,222,0,44052,356,64993,0
66,179,41260,0,66,179,233,0,44054,265,51178,0
66,180,318318,0,66,180,233,0,44055,284,54490,0
66,191,791146,0,66,191,233,0,44059,340,60794,0
64,413,727748,0,64,413,348,0,44061,344,63421,0
65,179,41260,0,65,179,234,0,44064,265,51177,0
65,180,318318,0,65,180,234,0,44065,284,54489,0
65,192,791146,0,65,192,234,0,44069,339,60784,0
63,420,727748,0,63,420,361,0,44072,343,63355,0
327,395,217518,0,327,395,222,0,44075,342,63315,0
327,399,270298,0,327,399,222,0,44078,408,71208,0
327,400,213648,0,327,400,222,0,44079,410,71334,0
327,404,217518,0,327,404,222,0,44083,341,63236,0
327,408,270298,0,327,408,222,0,44086,399,70171,0
327,410,213648,0,327,410,222,0,44088,400,70241,0
327,412,251128,0,327,412,222,0,44090,325,60330,0
327,419,251128,0,327,419,222,0,44096,324,60261,0
26,76,486432,0,26,76,223,0,44104,247,48323,0
26,87,87380,0,26,87,223,0,44112,252,49082,0
26,88,87380,0,26,88,223,0,44113,251,48964,0
26,91,51802,0,26,91,223,0,44116,256,46884,0
26,92,51802,0,26,92,223,0,44117,255,46878,0
26,127,53740,0,26,127,223,0,44127,363,65914,0
26,128,53740,0,26,128,223,0,44128,350,64321,0
26,129,275464,0,26,129,223,0,44129,387,68734,0
26,130,275464,0,26,130,223,0,44130,376,67425,0
26,133,67974,0,26,133,223,0,44133,292,52431,0
