197,286,575884,0,197,286,218,0,43072,347,63912,0
197,287,233120,0,197,287,218,0,43073,384,68365,0
197,288,233120,0,197,288,218,0,43074,373,67056,0
135,27,104250,0,135,27,228,0,43079,242,46958,0
135,44,397612,0,135,44,228,0,43090,405,70543,0
135,45,397612,0,135,45,228,0,43091,396,69506,0
197,341,427200,0,197,341,218,0,43122,404,70682,0
197,342,427200,0,197,342,218,0,43123,395,69645,0
197,343,769964,0,197,343,218,0,43124,420,72526,0
197,344,769964,0,197,344,218,0,43125,413,71685,0
197,346,555938,0,197,346,218,0,43126,250,47472,0
197,347,278924,0,197,347,218,0,43127,286,53527,0
197,359,555938,0,197,359,218,0,43137,249,47460,0
197,360,278924,0,197,360,218,0,43138,285,53516,0
64,29,893568,0,64,29,348,0,43150,279,53361,0
63,29,893568,0,63,29,361,0,43160,279,53360,0
197,412,806880,0,197,412,218,0,43182,325,58806,0
197,419,806880,0,197,419,218,0,43188,324,58800,0
257,94,53130,0,257,94,219,0,43194,261,50460,0
257,96,82532,0,257,96,219,0,43196,263,50476,0
68,94,1128928,0,68,94,235,0,43208,261,50408,0
67,94,1128928,0,67,94,236,0,43209,261,50407,0
257,115,685586,0,257,115,219,0,43213,227,44923,0
26,137,236808,0,26,137,223,0,43215,282,50833,0
257,118,248578,0,257,118,219,0,43216,315,58878,0
257,119,544850,0,257,119,219,0,43217,335,62111,0
257,127,1119990,0,257,127,219,0,43223,363,51594,0
257,128,1119990,0,257,128,219,0,43224,350,51452,0
257,133,567338,0,257,133,219,0,43229,292,50763,0
257,134,567338,0,257,134,219,0,43230,291,50757,0
257,138,1772924,0,257,138,219,0,43233,299,50847,0
257,148,18962,0,257,148,219,0,43240,303,50904,0
257,149,18962,0,257,149,219,0,43241,302,50892,0
257,150,901040,0,257,150,219,0,43242,305,57661,0
257,151,901040,0,257,151,219,0,43243,304,57544,0
257,152,168032,0,257,152,219,0,43244,406,52004,0
257,153,168032,0,257,153,219,0,43245,397,51913,0
257,158,77228,0,257,158,219,0,43250,283,54324,0
257,159,49434,0,257,159,219,0,43251,316,59257,0
257,160,305006,0,257,160,219,0,43252,317,59431,0
257,170,502824,0,257,170,219,0,43260,321,59986,0
257,171,502824,0,257,171,219,0,43261,320,59880,0
257,177,94002,0,257,177,219,0,43267,230,45738,0
257,179,159016,0,257,179,219,0,43269,265,51260,0
257,189,530220,0,257,189,219,0,43277,338,62168,0
257,190,530220,0,257,190,219,0,43278,337,62156,0
257,193,360750,0,257,193,219,0,43281,407,71087,0
257,194,360750,0,257,194,219,0,43282,398,70050,0
257,195,162742,0,257,195,219,0,43283,423,72898,0
257,196,162742,0,257,196,219,0,43284,416,72057,0
26,95,128836,0,26,95,223,0,43285,262,50594,0
26,97,19130,0,26,97,223,0,43286,314,58147,0
257,221,64204,0,257,221,219,0,43304,293,55595,0
257,231,206876,0,257,231,219,0,43311,358,65177,0
257,232,206876,0,257,232,219,0,43312,345,63584,0
135,73,144854,0,135,73,228,0,43319,244,46973,0
135,110,987372,0,135,110,228,0,43328,271,51968,0
135,111,987372,0,135,111,228,0,43329,270,51877,0
257,327,14204,0,257,327,219,0,43333,222,43973,0
257,328,62148,0,257,328,219,0,43334,241,47216,0
257,329,95568,0,257,329,219,0,43335,259,50079,0
257,343,245422,0,257,343,219,0,43346,420,72560,0
257,344,245422,0,257,344,219,0,43347,413,71719,0
257,347,1590132,0,257,347,219,0,43349,286,50716,0
