210,359,207990,0,210,359,41,0,10344,249,47466,0
210,360,1322776,0,210,360,41,0,10345,285,53522,0
210,362,565620,0,210,362,41,0,10347,85,17928,0
210,364,1127384,0,210,364,41,0,10349,351,42257,0
210,367,1316606,0,210,367,41,0,10351,355,64628,0
210,368,571998,0,210,368,41,0,10352,354,64620,0
210,369,228594,0,210,369,41,0,10353,357,42262,0
210,370,325336,0,210,370,41,0,10354,356,42261,0
210,383,768494,0,210,383,41,0,10355,268,51478,0
210,386,867510,0,210,386,41,0,10357,108,23388,0
210,387,195100,0,210,387,41,0,10358,129,27383,0
210,389,1256120,0,210,389,41,0,10360,379,64720,0
210,395,151964,0,210,395,41,0,10366,342,62840,0
210,398,2107374,0,210,398,41,0,10367,194,38489,0
210,401,1942268,0,210,401,41,0,10369,409,64926,0
210,402,2351966,0,210,402,41,0,10370,214,42273,0
210,404,170756,0,210,404,41,0,10371,341,62833,0
210,408,78932,0,210,408,41,0,10374,399,64870,0
210,412,88280,0,210,412,41,0,10377,325,58754,0
210,413,708162,0,210,413,41,0,10378,344,61610,0
210,415,1740438,0,210,415,41,0,10380,175,33302,0
210,417,197052,0,210,417,41,0,10381,424,42295,0
210,418,831876,0,210,418,41,0,10382,237,44316,0
210,421,12114,0,210,421,41,0,10384,69,13520,0
385,31,208476,0,385,31,42,0,10393,313,58778,0
385,32,433008,0,385,32,42,0,10394,331,61634,0
385,38,424364,0,385,38,42,0,10398,161,33327,0
385,39,210606,0,385,39,42,0,10399,182,37180,0
216,371,603704,0,216,371,47,0,10404,213,42579,0
385,94,213064,0,385,94,42,0,10406,261,50556,0
385,95,33536,0,385,95,42,0,10407,262,50735,0
385,98,112858,0,385,98,42,0,10409,334,62191,0
385,102,398732,0,385,102,42,0,10411,123,26633,0
385,108,396782,0,385,108,42,0,10413,386,68709,0
385,110,548184,0,385,110,42,0,10414,271,51854,0
216,372,60304,0,216,372,47,0,10416,269,51809,0
385,123,743684,0,385,123,42,0,10425,102,22651,0
385,127,1627388,0,385,127,42,0,10428,363,66062,0
385,132,466726,0,385,132,42,0,10431,289,55136,0
214,129,762786,0,214,129,402,0,10433,387,55096,0
385,259,190982,0,385,259,42,0,10435,329,61238,0
385,261,213064,0,385,261,42,0,10437,94,20623,0
385,268,1121528,0,385,268,42,0,10441,383,68254,0
111,42,407720,0,111,42,270,0,10442,385,23770,0
385,271,144142,0,385,271,42,0,10443,110,23764,0
385,274,563590,0,385,274,42,0,10445,199,39849,0
213,291,294318,0,213,291,371,0,10456,134,26064,0
215,287,721716,0,215,287,393,0,10459,384,27696,0
385,372,360876,0,385,372,42,0,10462,269,51838,0
361,348,2901792,0,361,348,63,0,10464,64,10574,0
385,375,861392,0,385,375,42,0,10465,109,23754,0
385,378,571028,0,385,378,42,0,10468,390,69014,0
217,377,662806,0,217,377,46,0,10470,388,68966,0
385,393,2347576,0,385,393,42,0,10472,215,42627,0
361,421,2032612,0,361,421,63,0,10474,69,10591,0
385,397,226990,0,385,397,42,0,10475,153,31581,0
216,378,1712754,0,216,378,47,0,10478,390,69136,0
361,414,817264,0,361,414,63,0,10482,70,10585,0
385,408,363862,0,385,408,42,0,10484,399,69088,0
217,379,855094,0,217,379,46,0,10485,389,69077,0
217,65,558006,0,217,65,46,0,10486,234,46271,0
213,195,1308106,0,213,195,371,0,10487,423,63133,0
217,233,1380950,0,217,233,46,0,10488,66,15336,0
217,320,1065966,0,217,320,46,0,10489,171,35010,0
