279,45,425284,0,279,45,29,0,7296,396,69809,0
217,114,327492,0,217,114,46,0,7297,206,41434,0
216,114,327492,0,216,114,47,0,7298,206,41433,0
279,53,298776,0,279,53,29,0,7302,296,56171,0
33,280,283520,0,33,280,56,0,7304,52,8597,0
279,62,275558,0,279,62,29,0,7308,183,37352,0
279,63,771296,0,279,63,29,0,7309,361,65713,0
279,64,771296,0,279,64,29,0,7310,348,64120,0
279,65,132898,0,279,65,29,0,7311,234,46286,0
279,66,132898,0,279,66,29,0,7312,233,46167,0
279,117,1023706,0,279,117,29,0,7320,298,9315,0
279,118,250976,0,279,118,29,0,7321,315,59066,0
78,116,227026,0,78,116,34,0,7325,281,18540,0
279,125,369062,0,279,125,29,0,7328,165,34031,0
279,129,65630,0,279,129,29,0,7332,387,68817,0
279,130,65630,0,279,130,29,0,7333,376,67508,0
279,131,282392,0,279,131,29,0,7334,290,54063,0
279,132,282392,0,279,132,29,0,7335,289,54054,0
103,118,1766180,0,103,118,144,0,7342,315,56955,0
94,137,798002,0,94,137,261,0,7347,282,9278,0
102,334,790636,0,102,334,123,0,7349,98,21562,0
103,129,1070950,0,103,129,144,0,7352,387,57674,0
103,130,1070950,0,103,130,144,0,7353,376,57557,0
103,131,542290,0,103,131,144,0,7354,290,22669,0
103,132,542290,0,103,132,144,0,7355,289,22660,0
279,156,495546,0,279,156,29,0,7358,208,41841,0
279,161,94002,0,279,161,29,0,7363,38,9739,0
78,118,69766,0,78,118,34,0,7365,315,14167,0
56,163,536992,0,56,163,33,0,7367,83,11821,0
279,166,444140,0,279,166,29,0,7368,146,30724,0
279,174,143742,0,279,174,29,0,7376,422,72786,0
279,175,143742,0,279,175,29,0,7377,415,71945,0
279,179,1134318,0,279,179,29,0,7381,265,42064,0
279,182,561152,0,279,182,29,0,7384,39,10009,0
279,187,30764,0,279,187,29,0,7389,147,30973,0
279,191,325848,0,279,191,29,0,7393,340,63147,0
279,192,325848,0,279,192,29,0,7394,339,63043,0
279,193,365662,0,279,193,29,0,7395,407,71100,0
279,194,365662,0,279,194,29,0,7396,398,70063,0
33,274,3152220,0,33,274,56,0,7399,199,20416,0
94,116,2299566,0,94,116,261,0,7401,281,9277,0
94,119,41122,0,94,119,261,0,7403,335,60475,0
94,121,1078440,0,94,121,261,0,7405,59,11124,0
94,124,1664318,0,94,124,261,0,7408,145,7747,0
94,127,375862,0,94,127,261,0,7411,363,10331,0
94,128,375862,0,94,128,261,0,7412,350,10193,0
94,129,266260,0,94,129,261,0,7413,387,68090,0
94,130,266260,0,94,130,261,0,7414,376,66781,0
94,131,481978,0,94,131,261,0,7415,290,9286,0
94,132,481978,0,94,132,261,0,7416,289,9285,0
94,133,392862,0,94,133,261,0,7417,292,9288,0
94,134,392862,0,94,134,261,0,7418,291,9287,0
204,121,901682,0,204,121,71,0,7420,59,14100,0
279,221,149452,0,279,221,29,0,7422,293,55612,0
279,222,275558,0,279,222,29,0,7423,327,60712,0
78,121,172790,0,78,121,34,0,7426,59,11789,0
78,312,144978,0,78,312,34,0,7430,277,12909,0
279,233,270730,0,279,233,29,0,7434,66,15352,0
279,234,270730,0,279,234,29,0,7435,65,15227,0
215,121,1330476,0,215,121,393,0,7438,59,14110,0
214,121,1330476,0,214,121,402,0,7439,59,14109,0
78,117,478282,0,78,117,34,0,7440,298,55756,0
78,119,214574,0,78,119,34,0,7441,335,60959,0
78,124,315772,0,78,124,34,0,7443,145,28505,0
