301,393,439504,0,301,393,140,0,29554,215,42764,0
301,395,171708,0,301,395,140,0,29556,342,63311,0
301,399,329328,0,301,399,140,0,29558,408,71203,0
301,400,181882,0,301,400,140,0,29559,410,71002,0
301,402,439504,0,301,402,140,0,29561,214,42689,0
301,404,171708,0,301,404,140,0,29563,341,63232,0
301,408,329328,0,301,408,140,0,29565,399,70166,0
301,410,165574,0,301,410,140,0,29567,400,69960,0
301,412,454260,0,301,412,140,0,29569,325,57048,0
301,417,43018,0,301,417,140,0,29573,424,58031,0
301,419,454260,0,301,419,140,0,29575,324,57042,0
301,424,46548,0,301,424,140,0,29579,417,57963,0
37,48,77274,0,37,48,141,0,29580,203,40655,0
37,62,13652,0,37,62,141,0,29589,183,37222,0
37,65,546740,0,37,65,141,0,29592,234,45426,0
37,66,546740,0,37,66,141,0,29593,233,45415,0
37,67,521804,0,37,67,141,0,29594,236,46425,0
37,68,521804,0,37,68,141,0,29595,235,46341,0
37,72,153854,0,37,72,141,0,29598,243,47538,0
37,76,2098822,0,37,76,141,0,29600,247,47107,0
37,83,869378,0,37,83,141,0,29604,163,33561,0
37,84,514088,0,37,84,141,0,29605,184,37457,0
37,87,381586,0,37,87,141,0,29608,252,48281,0
37,88,381586,0,37,88,141,0,29609,251,48270,0
37,89,187742,0,37,89,141,0,29610,254,49302,0
37,90,187742,0,37,90,141,0,29611,253,49207,0
37,158,1290950,0,37,158,141,0,29615,283,53121,0
25,156,1135826,0,25,156,202,0,29621,208,36690,0
37,170,25268,0,37,170,141,0,29624,321,38749,0
37,171,25268,0,37,171,141,0,29625,320,38640,0
37,172,335182,0,37,172,141,0,29626,323,60132,0
37,173,335182,0,37,173,141,0,29627,322,60046,0
25,135,134790,0,25,135,202,0,29630,228,42955,0
25,136,400244,0,25,136,202,0,29631,246,46641,0
25,139,54616,0,25,139,202,0,29632,300,35604,0
25,150,1607800,0,25,150,202,0,29641,305,57606,0
25,151,1607800,0,25,151,202,0,29642,304,57489,0
37,218,1331360,0,37,218,141,0,29647,197,39149,0
37,231,550148,0,37,231,141,0,29660,358,65077,0
37,232,550148,0,37,232,141,0,29661,345,63484,0
37,237,37074,0,37,237,141,0,29666,418,72203,0
37,238,37074,0,37,238,141,0,29667,411,71362,0
37,275,435836,0,37,275,141,0,29686,220,43425,0
37,283,308606,0,37,283,141,0,29692,158,32424,0
37,287,134158,0,37,287,141,0,29696,384,68284,0
37,288,134158,0,37,288,141,0,29697,373,66975,0
37,312,1266738,0,37,312,141,0,29703,277,52273,0
37,316,437456,0,37,316,141,0,29707,159,32014,0
37,320,610164,0,37,320,141,0,29710,171,34287,0
37,321,614522,0,37,321,141,0,29711,170,34277,0
37,337,548334,0,37,337,141,0,29724,190,35597,0
37,338,548334,0,37,338,141,0,29725,189,35596,0
37,341,94606,0,37,341,141,0,29728,404,70613,0
37,342,94606,0,37,342,141,0,29729,395,69576,0
37,343,106336,0,37,343,141,0,29730,420,57987,0
37,344,106336,0,37,344,141,0,29731,413,57919,0
37,345,1663916,0,37,345,141,0,29732,232,43087,0
37,346,1015514,0,37,346,141,0,29733,250,46781,0
37,358,1663916,0,37,358,141,0,29742,231,43086,0
37,359,1015514,0,37,359,141,0,29743,249,46780,0
37,377,889518,0,37,377,141,0,29757,388,57686,0
37,378,775986,0,37,378,141,0,29758,390,57822,0
37,379,422404,0,37,379,141,0,29759,389,69037,0
37,381,53032,0,37,381,141,0,29761,391,57617,0
