50,98,1266738,0,50,98,225,0,20794,334,60696,0
50,103,869378,0,50,103,225,0,20799,144,28227,0
50,105,753516,0,50,105,225,0,20801,185,35855,0
27,137,2329538,0,27,137,242,0,20810,282,50789,0
80,127,594554,0,80,127,101,0,20815,363,51544,0
80,128,594554,0,80,128,101,0,20816,350,51402,0
145,93,171086,0,145,93,124,0,20823,226,43732,0
145,108,185676,0,145,108,124,0,20833,386,31539,0
145,109,185676,0,145,109,124,0,20834,375,31415,0
262,310,235634,0,262,310,95,0,20839,200,33825,0
164,93,1114692,0,164,93,104,0,20840,226,33427,0
59,104,958956,0,59,104,121,0,20841,164,33751,0
262,314,925334,0,262,314,95,0,20843,97,21360,0
262,317,309438,0,262,317,95,0,20845,160,33002,0
262,318,210208,0,262,318,95,0,20846,169,33853,0
262,319,210208,0,262,319,95,0,20847,168,33840,0
262,322,1420950,0,262,322,95,0,20850,173,33800,0
262,323,1420950,0,262,323,95,0,20851,172,33799,0
262,324,543122,0,262,324,95,0,20852,419,33865,0
262,325,543122,0,262,325,95,0,20853,412,33874,0
164,126,1099602,0,164,126,104,0,20856,186,32997,0
185,126,706354,0,185,126,105,0,20858,186,29486,0
262,337,793486,0,262,337,95,0,20865,190,37799,0
262,338,793486,0,262,338,95,0,20866,189,37787,0
262,339,475040,0,262,339,95,0,20867,192,38801,0
262,340,475040,0,262,340,95,0,20868,191,38692,0
262,341,28952,0,262,341,95,0,20869,404,38001,0
262,342,28952,0,262,342,95,0,20870,395,38010,0
262,345,669392,0,262,345,95,0,20873,232,45001,0
262,346,360192,0,262,346,95,0,20874,250,47874,0
262,351,57132,0,262,351,95,0,20878,364,51611,0
262,352,354596,0,262,352,95,0,20879,366,66364,0
262,353,1260754,0,262,353,95,0,20880,365,51730,0
262,355,325066,0,262,355,95,0,20882,367,51603,0
262,358,669392,0,262,358,95,0,20884,231,44989,0
262,359,360192,0,262,359,95,0,20885,249,47863,0
262,364,57132,0,262,364,95,0,20889,351,51469,0
262,365,1260754,0,262,365,95,0,20890,353,51830,0
262,366,354596,0,262,366,95,0,20891,352,64683,0
262,367,325066,0,262,367,95,0,20892,355,51462,0
262,371,743684,0,262,371,95,0,20895,213,42585,0
262,378,914140,0,262,378,95,0,20900,390,68684,0
262,382,743684,0,262,382,95,0,20902,212,42477,0
262,390,914140,0,262,390,95,0,20907,378,67375,0
45,137,1688814,0,45,137,396,0,20910,282,50844,0
262,395,144808,0,262,395,95,0,20911,342,62121,0
153,114,542290,0,153,114,397,0,20913,206,30319,0
262,398,464900,0,262,398,95,0,20914,194,37750,0
262,399,2903650,0,262,399,95,0,20915,408,50754,0
44,137,1688814,0,44,137,405,0,20919,282,50843,0
262,404,144808,0,262,404,95,0,20920,341,62120,0
152,114,542290,0,152,114,406,0,20922,206,30318,0
262,407,464900,0,262,407,95,0,20923,193,37749,0
262,408,2903650,0,262,408,95,0,20924,399,50746,0
262,411,1053648,0,262,411,95,0,20927,238,44936,0
262,412,1015514,0,262,412,95,0,20928,325,58890,0
262,415,801736,0,262,415,95,0,20931,175,33802,0
262,416,2198072,0,262,416,95,0,20932,196,37752,0
262,417,1032988,0,262,417,95,0,20933,424,50768,0
262,418,1053648,0,262,418,95,0,20934,237,44935,0
262,419,1015514,0,262,419,95,0,20935,324,58889,0
262,422,801736,0,262,422,95,0,20938,174,33801,0
262,423,2198072,0,262,423,95,0,20939,195,37751,0
262,424,1032988,0,262,424,95,0,20940,417,50762,0
