263,48,486432,0,263,48,96,0,20941,203,40797,0
246,93,2098822,0,246,93,136,0,20943,226,44722,0
263,51,294316,0,263,51,96,0,20944,260,50267,0
263,52,444140,0,263,52,96,0,20945,280,53675,0
263,53,555336,0,263,53,96,0,20946,296,56157,0
263,62,931266,0,263,62,96,0,20951,183,37337,0
263,67,139102,0,263,67,96,0,20956,236,45039,0
263,68,139102,0,263,68,96,0,20957,235,45031,0
246,73,550580,0,246,73,136,0,20961,244,47620,0
246,97,1702902,0,246,97,136,0,20964,314,48220,0
246,98,673524,0,246,98,136,0,20965,334,61936,0
246,105,673524,0,246,105,136,0,20969,185,37536,0
246,108,216512,0,246,108,136,0,20972,386,48285,0
246,109,216512,0,246,109,136,0,20973,375,48274,0
246,110,675946,0,246,110,136,0,20974,271,47910,0
246,111,675946,0,246,111,136,0,20975,270,47902,0
206,30,580352,0,206,30,114,0,20978,207,40533,0
37,137,3152220,0,37,137,141,0,20981,282,41688,0
206,140,593166,0,206,140,114,0,20983,301,57083,0
206,148,179654,0,206,148,114,0,20987,303,41729,0
206,149,179654,0,206,149,114,0,20988,302,41718,0
206,150,536528,0,206,150,114,0,20989,305,57655,0
206,151,536528,0,206,151,114,0,20990,304,57538,0
206,152,1400660,0,206,152,114,0,20991,406,50752,0
206,153,1400660,0,206,153,114,0,20992,397,50744,0
206,154,193132,0,206,154,114,0,20993,309,41682,0
206,155,193132,0,206,155,114,0,20994,308,41681,0
263,135,1772924,0,263,135,96,0,20995,228,44941,0
263,136,147712,0,263,136,96,0,20996,246,47816,0
263,137,887834,0,263,137,96,0,20997,282,41672,0
263,138,569096,0,263,138,96,0,20998,299,50853,0
263,139,905356,0,263,139,96,0,20999,300,56814,0
164,138,700996,0,164,138,104,0,21004,299,33808,0
35,326,1989544,0,35,326,99,0,21005,201,37757,0
263,148,3535628,0,263,148,96,0,21006,303,50856,0
263,149,3535628,0,263,149,96,0,21007,302,50855,0
263,150,387210,0,263,150,96,0,21008,305,56862,0
263,151,387210,0,263,151,96,0,21009,304,56852,0
263,152,365440,0,263,152,96,0,21010,406,52008,0
263,153,365440,0,263,153,96,0,21011,397,51917,0
263,157,384096,0,263,157,96,0,21015,264,50866,0
263,158,252442,0,263,158,96,0,21016,283,54180,0
263,159,104002,0,263,159,96,0,21017,316,56971,0
263,165,252442,0,263,165,96,0,21022,125,26763,0
39,95,497454,0,39,95,182,0,21033,262,50599,0
39,104,3378030,0,39,104,182,0,21039,164,32045,0
39,108,1050696,0,39,108,182,0,21042,386,57189,0
39,109,1050696,0,39,109,182,0,21043,375,57180,0
35,147,1730350,0,35,147,99,0,21056,187,35560,0
35,150,594554,0,35,150,99,0,21059,305,57611,0
35,151,594554,0,35,151,99,0,21060,304,57494,0
35,152,33154,0,35,152,99,0,21061,406,51962,0
35,153,33154,0,35,153,99,0,21062,397,51871,0
58,31,1080278,0,58,31,100,0,21065,313,39273,0
263,219,294316,0,263,219,96,0,21066,257,49629,0
263,221,555336,0,263,221,96,0,21068,293,55598,0
263,222,931266,0,263,222,96,0,21069,327,60697,0
263,227,444140,0,263,227,96,0,21074,115,24492,0
58,139,46838,0,58,139,100,0,21076,300,35856,0
29,147,593166,0,29,147,279,0,21105,187,35590,0
29,150,536528,0,29,150,279,0,21108,305,57609,0
29,151,536528,0,29,151,279,0,21109,304,57492,0
29,152,1400660,0,29,152,279,0,21110,406,26649,0
29,153,1400660,0,29,153,279,0,21111,397,26641,0
