83,128,307742,0,83,128,163,0,12286,350,59617,0
83,131,582522,0,83,131,163,0,12289,290,18582,0
83,132,582522,0,83,132,163,0,12290,289,18581,0
83,133,1419094,0,83,133,163,0,12291,292,18669,0
83,134,1419094,0,83,134,163,0,12292,291,18662,0
280,178,1134318,0,280,178,52,0,12295,248,45760,0
280,179,39102,0,280,179,52,0,12296,265,51277,0
280,183,725236,0,280,183,52,0,12300,62,14807,0
280,184,151424,0,280,184,52,0,12301,84,19164,0
280,187,190448,0,280,187,52,0,12304,147,30974,0
280,193,110078,0,280,193,52,0,12310,407,71101,0
280,194,110078,0,280,194,52,0,12311,398,70064,0
280,195,293722,0,280,195,52,0,12312,423,72913,0
280,196,293722,0,280,196,52,0,12313,416,72072,0
280,200,125796,0,280,200,52,0,12317,310,58165,0
280,201,275558,0,280,201,52,0,12318,326,60476,0
72,116,1351464,0,72,116,243,0,12336,281,14118,0
72,117,173682,0,72,117,243,0,12337,298,55613,0
72,119,492270,0,72,119,243,0,12338,335,60713,0
72,124,146190,0,72,124,243,0,12342,145,28244,0
72,125,1730350,0,72,125,243,0,12343,165,12910,0
72,126,1298494,0,72,126,243,0,12344,186,35873,0
72,127,668942,0,72,127,243,0,12345,363,65194,0
72,128,668942,0,72,128,243,0,12346,350,63601,0
72,129,1736804,0,72,129,243,0,12347,387,15353,0
72,130,1736804,0,72,130,243,0,12348,376,15228,0
72,131,58970,0,72,131,243,0,12349,290,14127,0
72,132,58970,0,72,132,243,0,12350,289,14126,0
79,127,94606,0,79,127,57,0,12358,363,65353,0
79,128,94606,0,79,128,57,0,12359,350,63760,0
79,129,106336,0,79,129,57,0,12360,387,19715,0
79,130,106336,0,79,130,57,0,12361,376,19590,0
79,131,548334,0,79,131,57,0,12362,290,18532,0
79,132,548334,0,79,132,57,0,12363,289,18531,0
100,125,291512,0,100,125,58,0,12369,165,32299,0
100,126,953880,0,100,126,58,0,12370,186,36324,0
100,127,534820,0,100,127,58,0,12371,363,23511,0
100,128,534820,0,100,128,58,0,12372,350,23362,0
100,133,1053648,0,100,133,58,0,12377,292,22684,0
100,134,1053648,0,100,134,58,0,12378,291,22677,0
280,293,644538,0,280,293,52,0,12379,221,43749,0
142,71,401154,0,142,71,60,0,12380,204,40203,0
280,296,95070,0,280,296,52,0,12382,53,12655,0
280,299,77084,0,280,299,52,0,12384,138,29007,0
280,301,435148,0,280,301,52,0,12386,140,29488,0
280,302,289896,0,280,302,52,0,12387,149,31292,0
280,303,289896,0,280,303,52,0,12388,148,31154,0
280,304,150722,0,280,304,52,0,12389,151,31551,0
280,305,150722,0,280,305,52,0,12390,150,31427,0
280,306,115950,0,280,306,52,0,12391,403,70568,0
280,307,115950,0,280,307,52,0,12392,394,69531,0
162,93,746006,0,162,93,61,0,12396,226,44863,0
280,314,188140,0,280,314,52,0,12399,97,21377,0
280,318,43580,0,280,318,52,0,12402,169,34782,0
280,319,43580,0,280,319,52,0,12403,168,34636,0
236,125,21768,0,236,125,67,0,12406,165,34023,0
235,125,21768,0,235,125,68,0,12407,165,34022,0
280,324,134604,0,280,324,52,0,12408,419,72425,0
280,325,134604,0,280,325,52,0,12409,412,71584,0
280,326,213596,0,280,326,52,0,12410,201,40238,0
186,243,1675952,0,186,243,126,0,12411,72,16104,0
142,126,165110,0,142,126,60,0,12413,186,37890,0
183,126,1930972,0,183,126,62,0,12414,186,13207,0
280,332,601914,0,280,332,52,0,12416,55,13209,0
