99,237,1521956,0,99,237,35,0,9034,418,12046,0
99,238,1521956,0,99,238,35,0,9035,411,12045,0
94,26,1170698,0,94,26,261,0,9036,223,43199,0
94,31,596126,0,94,31,261,0,9037,313,58263,0
94,32,1197906,0,94,32,261,0,9038,331,61079,0
94,33,620066,0,94,33,261,0,9039,56,11941,0
94,35,2402174,0,94,35,261,0,9040,99,20396,0
94,42,436460,0,94,42,261,0,9046,385,68166,0
94,43,436460,0,94,43,261,0,9047,374,66857,0
94,44,1309250,0,94,44,261,0,9048,405,20641,0
94,45,1309250,0,94,45,261,0,9049,396,20632,0
94,46,58970,0,94,46,261,0,9050,217,20506,0
94,47,58970,0,94,47,261,0,9051,216,20505,0
99,287,1109132,0,99,287,35,0,9061,384,49121,0
99,288,1109132,0,99,288,35,0,9062,373,49003,0
99,289,808932,0,99,289,35,0,9063,132,20921,0
99,290,808932,0,99,290,35,0,9064,131,20912,0
92,27,1437112,0,92,27,255,0,9065,242,20790,0
91,27,1437112,0,91,27,256,0,9066,242,20789,0
96,27,3157184,0,96,27,263,0,9068,242,22291,0
96,40,114664,0,96,40,263,0,9075,211,21058,0
96,41,114664,0,96,41,263,0,9076,210,21057,0
96,42,594554,0,96,42,263,0,9077,385,31495,0
96,43,594554,0,96,43,263,0,9078,374,31371,0
96,44,33154,0,96,44,263,0,9079,405,23895,0
96,45,33154,0,96,45,263,0,9080,396,23799,0
96,46,989716,0,96,46,263,0,9081,217,21064,0
96,47,989716,0,96,47,263,0,9082,216,21063,0
99,310,346710,0,99,310,35,0,9083,200,39890,0
99,312,673960,0,99,312,35,0,9085,277,52925,0
99,314,33596,0,99,314,35,0,9087,97,21240,0
99,316,565538,0,99,316,35,0,9089,159,32653,0
98,300,657600,0,98,300,334,0,9090,139,29147,0
99,320,5234,0,99,320,35,0,9093,171,34976,0
99,321,876,0,99,321,35,0,9094,170,34868,0
98,293,1333454,0,98,293,334,0,9099,221,43235,0
98,294,890904,0,98,294,334,0,9100,240,22290,0
98,296,144978,0,98,296,334,0,9103,53,11978,0
98,297,734542,0,98,297,334,0,9104,75,16349,0
98,263,1664718,0,98,263,334,0,9105,96,20434,0
98,308,906712,0,98,308,334,0,9114,155,21212,0
98,309,906712,0,98,309,334,0,9115,154,21205,0
99,345,493378,0,99,345,35,0,9116,232,43295,0
99,346,571010,0,99,346,35,0,9117,250,22329,0
99,347,305606,0,99,347,35,0,9118,286,22527,0
99,348,800924,0,99,348,35,0,9119,64,12042,0
86,29,1419094,0,86,29,349,0,9120,279,16414,0
99,351,1368998,0,99,351,35,0,9122,364,21982,0
99,354,702220,0,99,354,35,0,9124,368,23561,0
99,356,1475596,0,99,356,35,0,9126,370,21987,0
99,357,2218476,0,99,357,35,0,9127,369,21986,0
99,358,493378,0,99,358,35,0,9128,231,43294,0
99,359,571010,0,99,359,35,0,9129,249,22328,0
99,360,305606,0,99,360,35,0,9130,285,22526,0
99,361,800924,0,99,361,35,0,9131,63,12041,0
85,29,1419094,0,85,29,362,0,9132,279,16413,0
99,364,1368998,0,99,364,35,0,9134,351,21970,0
99,368,702220,0,99,368,35,0,9137,354,23404,0
99,369,2218476,0,99,369,35,0,9138,357,21975,0
99,370,1475596,0,99,370,35,0,9139,356,21974,0
99,373,701940,0,99,373,35,0,9141,288,55075,0
99,376,336744,0,99,376,35,0,9143,130,27659,0
99,377,329328,0,99,377,35,0,9144,388,68926,0
99,381,302098,0,99,381,35,0,9147,391,68216,0
