243,354,327830,0,243,354,72,0,16224,368,65831,0
243,358,178912,0,243,358,72,0,16227,231,45908,0
243,359,1037932,0,243,359,72,0,16228,249,48764,0
243,360,213064,0,243,360,72,0,16229,285,54767,0
243,363,213064,0,243,363,72,0,16231,127,27362,0
243,366,327614,0,243,366,72,0,16234,352,64236,0
243,368,327830,0,243,368,72,0,16235,354,64238,0
243,372,968932,0,243,372,72,0,16239,269,47626,0
66,115,1736804,0,66,115,233,0,16240,227,45082,0
243,378,1835248,0,243,378,72,0,16244,390,47715,0
243,379,438000,0,243,379,72,0,16245,389,47714,0
243,383,968932,0,243,383,72,0,16249,268,47625,0
65,115,1736804,0,65,115,234,0,16250,227,45081,0
243,389,448418,0,243,389,72,0,16254,379,47706,0
243,390,1824830,0,243,390,72,0,16255,378,47705,0
243,397,1504,0,243,397,72,0,16262,153,30110,0
243,399,1117776,0,243,399,72,0,16264,408,47733,0
243,400,192526,0,243,400,72,0,16265,410,47735,0
243,406,1504,0,243,406,72,0,16271,152,30109,0
243,408,1117776,0,243,408,72,0,16273,399,47724,0
243,410,192526,0,243,410,72,0,16275,400,47725,0
238,72,803416,0,238,72,411,0,16276,243,26269,0
243,412,387210,0,243,412,72,0,16277,325,47661,0
243,417,18924,0,243,417,72,0,16282,424,47747,0
237,72,803416,0,237,72,418,0,16283,243,26268,0
243,419,387210,0,243,419,72,0,16284,324,47660,0
243,424,18924,0,243,424,72,0,16289,417,47741,0
226,50,54616,0,226,50,93,0,16291,225,44507,0
80,115,1490526,0,80,115,101,0,16293,227,18126,0
226,82,1766180,0,226,82,93,0,16297,143,29920,0
164,50,408442,0,164,50,104,0,16298,225,25367,0
226,85,1070950,0,226,85,93,0,16300,362,51572,0
226,86,1070950,0,226,86,93,0,16301,349,51430,0
226,87,542290,0,226,87,93,0,16302,252,44824,0
226,88,542290,0,226,88,93,0,16303,251,44814,0
34,114,669944,0,34,114,78,0,16310,206,40951,0
244,96,1150512,0,244,96,73,0,16311,263,50479,0
244,97,104002,0,244,97,73,0,16312,314,48371,0
244,98,225882,0,244,98,73,0,16313,334,61935,0
244,105,225882,0,244,105,73,0,16318,185,37535,0
239,25,425052,0,239,25,198,0,16327,202,40478,0
239,26,1135826,0,239,26,198,0,16328,223,44211,0
239,32,201748,0,239,32,198,0,16332,331,61551,0
143,114,487314,0,143,114,82,0,16333,206,29668,0
239,39,536992,0,239,39,198,0,16335,182,37083,0
239,40,1100800,0,239,40,198,0,16336,211,42356,0
239,41,1100800,0,239,41,198,0,16337,210,42224,0
239,42,1702874,0,239,42,198,0,16338,385,46272,0
239,43,1702874,0,239,43,198,0,16339,374,46153,0
244,138,147712,0,244,138,73,0,16347,299,50851,0
82,103,2656282,0,82,103,143,0,16352,144,18351,0
184,28,734542,0,184,28,84,0,16355,205,37756,0
244,148,1533120,0,244,148,73,0,16356,303,50908,0
244,149,1533120,0,244,149,73,0,16357,302,50896,0
244,150,113666,0,244,150,73,0,16358,305,56464,0
244,151,113666,0,244,151,73,0,16359,304,56453,0
244,152,1247394,0,244,152,73,0,16360,406,52006,0
244,153,1247394,0,244,153,73,0,16361,397,51915,0
244,157,1010964,0,244,157,73,0,16365,264,47830,0
244,158,657600,0,244,158,73,0,16366,283,45531,0
104,83,2656282,0,104,83,164,0,16371,163,22386,0
185,50,1041108,0,185,50,105,0,16374,225,37579,0
244,168,17292,0,244,168,73,0,16375,319,58941,0
244,169,17292,0,244,169,73,0,16376,318,58928,0
