29,377,169952,0,29,377,279,0,53543,388,68908,0
29,379,75182,0,29,379,279,0,53545,389,69032,0
29,380,1074248,0,29,380,279,0,53546,392,68042,0
29,388,169952,0,29,388,279,0,53553,377,67599,0
29,389,75182,0,29,389,279,0,53554,379,67795,0
29,392,1069178,0,29,392,279,0,53557,380,66733,0
29,399,139766,0,29,399,279,0,53563,408,71143,0
29,408,139766,0,29,408,279,0,53570,399,70106,0
52,32,335418,0,52,32,280,0,53589,331,61455,0
52,137,105428,0,52,137,280,0,53603,282,54086,0
52,154,146000,0,52,154,280,0,53616,309,57968,0
52,155,146000,0,52,155,280,0,53617,308,57900,0
52,180,25038,0,52,180,280,0,53620,284,54480,0
52,189,209962,0,52,189,280,0,53628,338,62852,0
52,190,209962,0,52,190,280,0,53629,337,62724,0
52,191,197730,0,52,191,280,0,53630,340,60790,0
52,192,197730,0,52,192,280,0,53631,339,60780,0
52,193,1330476,0,52,193,280,0,53632,407,60657,0
52,194,1330476,0,52,194,280,0,53633,398,60656,0
52,195,352516,0,52,195,280,0,53634,423,72831,0
52,196,352516,0,52,196,280,0,53635,416,71990,0
52,200,57084,0,52,200,280,0,53637,310,58056,0
52,231,179918,0,52,231,280,0,53663,358,65089,0
52,232,179918,0,52,232,280,0,53664,345,63496,0
52,276,176170,0,52,276,280,0,53687,295,55860,0
52,306,143742,0,52,306,280,0,53714,403,70491,0
52,307,143742,0,52,307,280,0,53715,394,69454,0
52,341,106378,0,52,341,280,0,53745,404,70621,0
52,342,106378,0,52,342,280,0,53746,395,69584,0
52,353,90396,0,52,353,280,0,53755,365,65237,0
52,357,86716,0,52,357,280,0,53759,369,66550,0
52,365,90396,0,52,365,280,0,53766,353,63644,0
52,369,86716,0,52,369,280,0,53769,357,65013,0
52,394,166674,0,52,394,280,0,53792,307,55563,0
52,403,166674,0,52,403,280,0,53800,306,55562,0
52,417,270298,0,52,417,280,0,53812,424,72955,0
52,424,270298,0,52,424,280,0,53818,417,72114,0
116,69,30964,0,116,69,281,0,53853,421,72606,0
116,70,30964,0,116,70,281,0,53854,414,71765,0
116,139,135086,0,116,139,281,0,53858,300,56908,0
116,148,104710,0,116,148,281,0,53864,303,57387,0
116,149,104710,0,116,149,281,0,53865,302,57253,0
116,189,10350,0,116,189,281,0,53898,338,62879,0
116,190,10350,0,116,190,281,0,53899,337,62751,0
116,195,337386,0,116,195,281,0,53904,423,61397,0
116,196,337386,0,116,196,281,0,53905,416,61386,0
116,212,271068,0,116,212,281,0,53918,382,68029,0
116,213,271068,0,116,213,281,0,53919,371,66720,0
116,214,450978,0,116,214,281,0,53920,402,70364,0
116,215,450978,0,116,215,281,0,53921,393,69327,0
116,278,41780,0,116,278,281,0,53946,330,61306,0
116,351,119318,0,116,351,281,0,54016,364,66119,0
116,353,293654,0,116,353,281,0,54018,365,66262,0
116,354,320612,0,116,354,281,0,54019,368,65459,0
116,364,119318,0,116,364,281,0,54027,351,64526,0
116,365,293654,0,116,365,281,0,54028,353,64757,0
116,368,320612,0,116,368,281,0,54031,354,63865,0
116,377,3746,0,116,377,281,0,54038,388,68936,0
116,380,516782,0,116,380,281,0,54040,392,68320,0
116,388,3746,0,116,388,281,0,54047,377,67627,0
116,392,516782,0,116,392,281,0,54050,380,67010,0
116,394,644092,0,116,394,281,0,54052,307,55890,0
116,395,578708,0,116,395,281,0,54053,342,61321,0
116,403,644092,0,116,403,281,0,54061,306,55889,0
