102,302,372924,0,102,302,123,0,9486,149,21162,0
102,303,372924,0,102,303,123,0,9487,148,21150,0
102,304,148030,0,102,304,123,0,9488,151,31497,0
102,305,148030,0,102,305,123,0,9489,150,31373,0
102,308,193132,0,102,308,123,0,9492,155,21113,0
102,309,193132,0,102,309,123,0,9493,154,21112,0
141,219,225014,0,141,219,37,0,9494,257,13419,0
139,33,632562,0,139,33,300,0,9501,56,12607,0
141,231,1231614,0,141,231,37,0,9504,358,12615,0
141,232,1231614,0,141,232,37,0,9505,345,12616,0
141,233,1483070,0,141,233,37,0,9506,66,12733,0
141,234,1483070,0,141,234,37,0,9507,65,12722,0
141,243,153854,0,141,243,37,0,9515,72,16061,0
75,28,657600,0,75,28,297,0,9516,205,16621,0
141,247,2098822,0,141,247,37,0,9518,76,16923,0
141,248,218290,0,141,248,37,0,9519,178,36059,0
141,251,381586,0,141,251,37,0,9522,88,17108,0
141,252,381586,0,141,252,37,0,9523,87,17097,0
141,253,187742,0,141,253,37,0,9524,90,19886,0
141,254,187742,0,141,254,37,0,9525,89,19786,0
141,275,15410,0,141,275,37,0,9529,220,43460,0
141,277,687502,0,141,277,37,0,9530,312,58430,0
141,283,118480,0,141,283,37,0,9534,158,32474,0
141,285,344842,0,141,285,37,0,9536,360,65467,0
141,286,344842,0,141,286,37,0,9537,347,63874,0
138,27,63200,0,138,27,299,0,9545,242,46927,0
138,36,1353426,0,138,36,299,0,9549,120,24987,0
138,37,2710942,0,138,37,299,0,9550,141,28901,0
138,38,222628,0,138,38,299,0,9551,161,28920,0
138,40,392862,0,138,40,299,0,9552,211,28944,0
138,41,392862,0,138,41,299,0,9553,210,28943,0
138,42,368450,0,138,42,299,0,9554,385,29089,0
138,43,368450,0,138,43,299,0,9555,374,29078,0
138,44,92560,0,138,44,299,0,9556,405,70527,0
138,45,92560,0,138,45,299,0,9557,396,69490,0
138,46,481978,0,138,46,299,0,9558,217,28950,0
138,47,481978,0,138,47,299,0,9559,216,28949,0
141,315,303300,0,141,315,37,0,9564,118,25006,0
141,318,477322,0,141,318,37,0,9566,169,29206,0
141,319,477322,0,141,319,37,0,9567,168,29205,0
141,322,393378,0,141,322,37,0,9570,173,35176,0
141,323,393378,0,141,323,37,0,9571,172,35084,0
141,328,27806,0,141,328,37,0,9574,241,46945,0
141,332,172790,0,141,332,37,0,9577,55,12591,0
141,335,195566,0,141,335,37,0,9579,119,25023,0
141,337,548334,0,141,337,37,0,9581,190,29427,0
141,338,548334,0,141,338,37,0,9582,189,29426,0
141,341,168200,0,141,341,37,0,9585,404,70537,0
141,342,168200,0,141,342,37,0,9586,395,69500,0
141,346,801736,0,141,346,37,0,9590,250,46966,0
107,124,179654,0,107,124,266,0,9591,145,21107,0
141,348,1732448,0,141,348,37,0,9592,64,12614,0
141,349,1015514,0,141,349,37,0,9593,86,16964,0
141,350,1187468,0,141,350,37,0,9594,128,25047,0
141,351,553438,0,141,351,37,0,9595,364,29747,0
141,352,513226,0,141,352,37,0,9596,366,31324,0
141,359,801736,0,141,359,37,0,9601,249,46965,0
106,124,179654,0,106,124,267,0,9602,145,21106,0
141,361,1732448,0,141,361,37,0,9603,63,12613,0
141,362,1015514,0,141,362,37,0,9604,85,16963,0
141,363,1187468,0,141,363,37,0,9605,127,25046,0
141,364,553438,0,141,364,37,0,9606,351,29737,0
141,366,515566,0,141,366,37,0,9607,352,31177,0
141,372,360192,0,141,372,37,0,9612,269,30387,0
