138,70,242906,0,138,70,299,0,56714,414,71778,0
138,118,334368,0,138,118,299,0,56730,315,59033,0
138,127,28586,0,138,127,299,0,56737,363,65942,0
138,128,28586,0,138,128,299,0,56738,350,64349,0
138,237,242906,0,138,237,299,0,56761,418,72253,0
138,238,242906,0,138,238,299,0,56762,411,71412,0
138,241,49434,0,138,241,299,0,56764,328,60895,0
138,249,400540,0,138,249,299,0,56771,359,65304,0
138,250,400540,0,138,250,299,0,56772,346,63711,0
138,277,334368,0,138,277,299,0,56781,312,58428,0
138,285,28586,0,138,285,299,0,56787,360,65464,0
138,286,28586,0,138,286,299,0,56788,347,63871,0
138,395,213064,0,138,395,299,0,56870,342,63283,0
138,400,86992,0,138,400,299,0,56875,410,70533,0
138,401,163076,0,138,401,299,0,56876,409,70532,0
138,404,213064,0,138,404,299,0,56878,341,63204,0
138,409,163076,0,138,409,299,0,56883,401,69496,0
138,410,86992,0,138,410,299,0,56884,400,69495,0
139,400,711264,0,139,400,300,0,57028,410,70599,0
139,410,711264,0,139,410,300,0,57037,400,69557,0
32,306,233942,0,32,306,331,0,57088,403,70379,0
32,307,233942,0,32,307,331,0,57089,394,69342,0
140,231,66948,0,140,231,301,0,57100,358,65147,0
140,232,66948,0,140,232,301,0,57101,345,63554,0
140,399,329328,0,140,399,301,0,57199,408,71160,0
140,408,329328,0,140,408,301,0,57206,399,70123,0
149,63,497884,0,149,63,302,0,57232,361,65635,0
149,69,462816,0,149,69,302,0,57235,421,72625,0
149,118,257192,0,149,118,302,0,57254,315,59038,0
149,127,35854,0,149,127,302,0,57261,363,65948,0
149,130,540730,0,149,130,302,0,57263,376,67459,0
149,231,17268,0,149,231,302,0,57276,358,65150,0
149,238,342328,0,149,238,302,0,57280,411,71416,0
149,241,502824,0,149,241,302,0,57282,328,60902,0
149,249,445098,0,149,249,302,0,57288,359,65310,0
149,277,257192,0,149,277,302,0,57295,312,58434,0
149,285,45892,0,149,285,302,0,57301,360,65470,0
149,287,859196,0,149,287,302,0,57302,384,68330,0
149,379,428990,0,149,379,302,0,57324,389,66395,0
149,390,2076960,0,149,390,302,0,57333,378,66308,0
149,408,1505178,0,149,408,302,0,57340,399,66462,0
149,409,2350578,0,149,409,302,0,57341,401,66432,0
149,410,1753166,0,149,410,302,0,57342,400,66431,0
148,64,497884,0,148,64,303,0,57366,348,64042,0
148,70,462816,0,148,70,303,0,57370,414,71784,0
148,118,257192,0,148,118,303,0,57388,315,59037,0
148,128,35854,0,148,128,303,0,57395,350,64355,0
148,129,540730,0,148,129,303,0,57396,387,68768,0
148,232,17268,0,148,232,303,0,57410,345,63557,0
148,237,342328,0,148,237,303,0,57413,418,72257,0
148,241,502824,0,148,241,303,0,57416,328,60901,0
148,250,445098,0,148,250,303,0,57422,346,63717,0
148,277,257192,0,148,277,303,0,57429,312,58433,0
148,286,45892,0,148,286,303,0,57435,347,63877,0
148,288,859196,0,148,288,303,0,57437,373,67021,0
148,378,2076960,0,148,378,303,0,57458,390,64807,0
148,389,428990,0,148,389,303,0,57467,379,64718,0
148,399,1505178,0,148,399,303,0,57474,408,64937,0
148,400,1753166,0,148,400,303,0,57475,410,64907,0
148,401,2350578,0,148,401,303,0,57476,409,64906,0
151,44,1100074,0,151,44,304,0,57499,405,70550,0
151,119,198440,0,151,119,304,0,57519,335,62273,0
151,285,346864,0,151,285,304,0,57563,360,65472,0
151,400,1418290,0,151,400,304,0,57585,410,69122,0
