244,377,739280,0,244,377,73,0,16514,388,49164,0
244,378,471732,0,244,378,73,0,16515,390,49145,0
244,380,386706,0,244,380,73,0,16517,392,49146,0
244,382,372,0,244,382,73,0,16518,212,41134,0
244,384,454260,0,244,384,73,0,16520,287,48060,0
244,387,454260,0,244,387,73,0,16522,129,26483,0
244,388,758918,0,244,388,73,0,16523,377,49046,0
244,390,473152,0,244,390,73,0,16525,378,49026,0
244,392,380602,0,244,392,73,0,16526,380,49028,0
244,393,17414,0,244,393,73,0,16527,215,41041,0
244,394,675946,0,244,394,73,0,16528,307,50829,0
244,400,2036616,0,244,400,73,0,16534,410,47914,0
244,401,3336712,0,244,401,73,0,16535,409,47913,0
244,402,17414,0,244,402,73,0,16536,214,41040,0
244,403,675946,0,244,403,73,0,16537,306,50828,0
244,409,3336712,0,244,409,73,0,16543,401,47906,0
244,410,2036616,0,244,410,73,0,16544,400,47905,0
244,411,25268,0,244,411,73,0,16545,238,44732,0
244,415,212426,0,244,415,73,0,16549,175,33629,0
244,418,25268,0,244,418,73,0,16552,237,44731,0
244,422,212426,0,244,422,73,0,16556,174,33628,0
245,29,49632,0,245,29,74,0,16561,279,53441,0
245,31,83856,0,245,31,74,0,16562,313,58672,0
245,44,66948,0,245,44,74,0,16573,405,70835,0
245,45,66948,0,245,45,74,0,16574,396,69798,0
227,71,685398,0,227,71,115,0,16577,204,40780,0
227,75,296178,0,227,75,115,0,16580,297,56142,0
227,77,593166,0,227,77,115,0,16581,333,48417,0
102,115,629048,0,102,115,123,0,16583,227,22138,0
227,85,233942,0,227,85,115,0,16587,362,65690,0
227,86,233942,0,227,86,115,0,16588,349,64097,0
227,89,548334,0,227,89,115,0,16591,254,44745,0
227,90,548334,0,227,90,115,0,16592,253,44744,0
227,91,27466,0,227,91,115,0,16593,256,49502,0
227,92,27466,0,227,92,115,0,16594,255,49429,0
245,114,227026,0,245,114,74,0,16595,206,41048,0
245,117,491672,0,245,117,74,0,16598,298,56367,0
101,116,196474,0,101,116,80,0,16603,281,22355,0
245,131,264984,0,245,131,74,0,16611,290,48002,0
245,132,264984,0,245,132,74,0,16612,289,48001,0
245,133,601288,0,245,133,74,0,16613,292,48004,0
245,134,601288,0,245,134,74,0,16614,291,48003,0
245,136,33596,0,245,136,74,0,16616,246,48173,0
245,137,20178,0,245,137,74,0,16617,282,54133,0
245,138,565538,0,245,138,74,0,16618,299,56767,0
61,117,734542,0,61,117,162,0,16619,298,56399,0
245,140,325866,0,245,140,74,0,16620,301,57111,0
245,148,876,0,245,148,74,0,16628,303,57419,0
245,149,876,0,245,149,74,0,16629,302,57285,0
61,114,144978,0,61,114,162,0,16636,206,41080,0
61,95,657600,0,61,95,162,0,16637,262,47831,0
61,118,1664718,0,61,118,162,0,16639,315,48402,0
61,124,890904,0,61,124,162,0,16644,145,30145,0
61,126,2403188,0,61,126,162,0,16645,186,17582,0
61,129,906712,0,61,129,162,0,16648,387,48464,0
61,130,906712,0,61,130,162,0,16649,376,48454,0
245,179,502102,0,245,179,74,0,16657,265,51249,0
245,181,375706,0,245,181,74,0,16659,336,62587,0
126,317,1415632,0,126,317,186,0,16664,160,27163,0
245,189,198352,0,245,189,74,0,16667,338,62909,0
245,190,198352,0,245,190,74,0,16668,337,62781,0
28,72,1848892,0,28,72,205,0,16676,243,22336,0
27,72,1940844,0,27,72,242,0,16677,243,22352,0
28,76,453630,0,28,76,205,0,16678,247,48325,0
