220,352,1956848,0,220,352,275,0,52615,366,65756,0
220,357,602172,0,220,357,275,0,52619,369,66581,0
220,366,1956848,0,220,366,275,0,52626,352,64163,0
220,369,602172,0,220,369,275,0,52629,357,65044,0
220,380,300678,0,220,380,275,0,52639,392,69245,0
220,392,300678,0,220,392,275,0,52650,380,67884,0
220,412,132644,0,220,412,275,0,52668,325,60308,0
220,417,270298,0,220,417,275,0,52672,424,72992,0
220,419,132644,0,220,419,275,0,52674,324,60239,0
220,424,270298,0,220,424,275,0,52678,417,72151,0
295,52,442548,0,295,52,276,0,52683,280,53704,0
295,53,379862,0,295,53,276,0,52684,296,56186,0
295,63,642428,0,295,63,276,0,52689,361,65723,0
295,64,642428,0,295,64,276,0,52690,348,64130,0
295,69,13580,0,295,69,276,0,52695,421,72695,0
295,70,13580,0,295,70,276,0,52696,414,71854,0
295,138,53130,0,295,138,276,0,52718,299,56797,0
134,138,1128928,0,134,138,291,0,52731,299,56744,0
133,138,1128928,0,133,138,292,0,52732,299,56743,0
77,259,1565684,0,77,259,333,0,52735,329,54178,0
295,159,225882,0,295,159,276,0,52736,316,56969,0
295,172,348868,0,295,172,276,0,52745,323,60173,0
295,173,348868,0,295,173,276,0,52746,322,60087,0
295,174,987372,0,295,174,276,0,52747,422,58010,0
295,175,987372,0,295,175,276,0,52748,415,57942,0
295,189,413050,0,295,189,276,0,52757,338,57168,0
295,190,413050,0,295,190,276,0,52758,337,57158,0
295,191,732852,0,295,191,276,0,52759,340,57187,0
295,192,732852,0,295,192,276,0,52760,339,57178,0
295,193,432338,0,295,193,276,0,52761,407,70978,0
295,194,432338,0,295,194,276,0,52762,398,69941,0
128,140,1700618,0,128,140,350,0,52763,301,57070,0
127,140,1700618,0,127,140,363,0,52764,301,57069,0
295,277,363280,0,295,277,276,0,52784,312,58505,0
295,287,362686,0,295,287,276,0,52793,384,68402,0
295,288,362686,0,295,288,276,0,52794,373,67093,0
98,77,925036,0,98,77,334,0,52800,333,53006,0
158,154,168032,0,158,154,283,0,52812,309,57980,0
158,155,168032,0,158,155,283,0,52813,308,57912,0
98,420,1110688,0,98,420,334,0,52832,343,54219,0
295,351,300356,0,295,351,276,0,52836,364,57442,0
129,152,193390,0,129,152,387,0,52838,406,57454,0
295,354,308244,0,295,354,276,0,52839,368,66512,0
133,148,843036,0,133,148,292,0,52840,303,57399,0
98,413,1110688,0,98,413,334,0,52843,344,54208,0
295,364,300356,0,295,364,276,0,52847,351,57308,0
130,153,193390,0,130,153,376,0,52848,397,57329,0
295,368,308244,0,295,368,276,0,52850,354,64851,0
134,149,843036,0,134,149,291,0,52851,302,57265,0
295,377,53458,0,295,377,276,0,52858,388,57688,0
130,148,3050190,0,130,148,376,0,52859,303,57397,0
134,150,1289886,0,134,150,291,0,52861,305,57647,0
133,150,201006,0,133,150,292,0,52862,305,57646,0
295,388,53458,0,295,388,276,0,52869,377,57571,0
129,149,3050190,0,129,149,387,0,52871,302,57262,0
134,151,201006,0,134,151,291,0,52872,304,57530,0
133,151,1289886,0,133,151,292,0,52873,304,57529,0
295,394,826750,0,295,394,276,0,52875,307,57855,0
128,394,404248,0,128,394,350,0,52880,307,56021,0
133,152,734030,0,133,152,292,0,52881,406,70933,0
295,403,826750,0,295,403,276,0,52883,306,57768,0
134,153,734030,0,134,153,291,0,52888,397,69896,0
127,403,404248,0,127,403,363,0,52889,306,56009,0
134,139,764126,0,134,139,291,0,52891,300,56922,0
