161,194,189358,0,161,194,38,0,8359,398,35129,0
161,195,1880346,0,161,195,38,0,8360,423,41774,0
161,196,1880346,0,161,196,38,0,8361,416,41768,0
211,183,129460,0,211,183,40,0,8365,62,14750,0
211,186,179344,0,211,186,40,0,8367,126,27136,0
211,193,255838,0,211,193,40,0,8370,407,66521,0
211,194,1446830,0,211,194,40,0,8371,398,63222,0
210,183,129460,0,210,183,41,0,8376,62,14749,0
210,186,179344,0,210,186,41,0,8378,126,27135,0
210,193,1506690,0,210,193,41,0,8381,407,63302,0
210,194,286954,0,210,194,41,0,8382,398,64860,0
331,371,271788,0,331,371,32,0,8384,213,42129,0
331,373,781104,0,331,373,32,0,8386,288,54682,0
331,376,158972,0,331,376,32,0,8389,130,27261,0
331,377,433838,0,331,377,32,0,8390,388,63161,0
331,378,447800,0,331,378,32,0,8391,390,69149,0
331,380,1154900,0,331,380,32,0,8392,392,69263,0
331,382,271788,0,331,382,32,0,8394,212,42119,0
331,384,781104,0,331,384,32,0,8396,287,54672,0
331,387,158972,0,331,387,32,0,8399,129,27251,0
331,388,433838,0,331,388,32,0,8400,377,63057,0
331,390,466006,0,331,390,32,0,8401,378,67768,0
331,392,1154900,0,331,392,32,0,8403,380,67902,0
331,394,157274,0,331,394,32,0,8405,307,57868,0
331,397,374594,0,331,397,32,0,8408,153,31743,0
331,399,169952,0,331,399,32,0,8409,408,71211,0
331,401,463706,0,331,401,32,0,8411,409,71281,0
331,403,157274,0,331,403,32,0,8413,306,57781,0
331,406,374594,0,331,406,32,0,8416,152,31656,0
331,408,169952,0,331,408,32,0,8417,399,70174,0
331,409,463706,0,331,409,32,0,8418,401,70300,0
331,412,53524,0,331,412,32,0,8421,325,60333,0
331,413,93958,0,331,413,32,0,8422,344,63458,0
331,417,139766,0,331,417,32,0,8425,424,73017,0
331,419,53524,0,331,419,32,0,8427,324,60264,0
331,420,93958,0,331,420,32,0,8428,343,63393,0
331,424,139766,0,331,424,32,0,8431,417,72176,0
56,28,359318,0,56,28,33,0,8433,205,13320,0
52,33,1930972,0,52,33,280,0,8434,56,13317,0
56,30,359318,0,56,30,33,0,8435,207,13324,0
55,33,1930972,0,55,33,332,0,8436,56,13319,0
51,33,359318,0,51,33,260,0,8437,56,11751,0
50,33,706354,0,50,33,225,0,8438,56,13316,0
56,36,1930972,0,56,36,33,0,8439,120,13322,0
54,33,706354,0,54,33,229,0,8440,56,13318,0
53,33,359318,0,53,33,296,0,8441,56,12857,0
56,39,1930972,0,56,39,33,0,8442,182,13325,0
56,94,1675952,0,56,94,33,0,8451,261,13422,0
56,96,724446,0,56,96,33,0,8453,263,13426,0
56,98,696260,0,56,98,33,0,8455,334,60666,0
56,103,1381566,0,56,103,33,0,8458,144,13370,0
56,108,157314,0,56,108,33,0,8462,386,15327,0
56,109,157314,0,56,109,33,0,8463,375,15202,0
56,112,773934,0,56,112,33,0,8466,273,13433,0
56,113,773934,0,56,113,33,0,8467,272,13432,0
56,120,551012,0,56,120,33,0,8473,36,9208,0
56,127,427200,0,56,127,33,0,8477,363,65932,0
56,128,427200,0,56,128,33,0,8478,350,64339,0
56,129,769964,0,56,129,33,0,8479,387,68752,0
56,130,769964,0,56,130,33,0,8480,376,67443,0
56,131,353574,0,56,131,33,0,8481,290,52662,0
56,132,353574,0,56,132,33,0,8482,289,52654,0
56,136,197460,0,56,136,33,0,8485,246,13638,0
56,137,640592,0,56,137,33,0,8486,282,52549,0
