105,172,1385548,0,105,172,185,0,37686,323,58375,0
105,173,1385548,0,105,173,185,0,37687,322,58366,0
105,178,13652,0,105,178,185,0,37692,248,48524,0
105,181,118534,0,105,181,185,0,37694,336,62525,0
105,220,195898,0,105,220,185,0,37707,275,52483,0
105,222,553314,0,105,222,185,0,37709,327,60634,0
105,231,529410,0,105,231,185,0,37716,358,65121,0
105,232,529410,0,105,232,185,0,37717,345,63528,0
105,237,355700,0,105,237,185,0,37722,418,72233,0
105,238,355700,0,105,238,185,0,37723,411,71392,0
105,275,251384,0,105,275,185,0,37740,220,43222,0
105,277,488716,0,105,277,185,0,37741,312,58280,0
105,287,783194,0,105,287,185,0,37747,384,68179,0
105,288,783194,0,105,288,185,0,37748,373,66870,0
28,177,144978,0,28,177,205,0,37753,230,43239,0
105,310,77228,0,105,310,185,0,37767,200,39894,0
105,311,925334,0,105,311,185,0,37768,258,49797,0
105,324,245386,0,105,324,185,0,37780,419,72370,0
105,325,245386,0,105,325,185,0,37781,412,71529,0
105,345,30388,0,105,345,185,0,37782,232,43341,0
105,353,86598,0,105,353,185,0,37790,365,66255,0
105,358,30388,0,105,358,185,0,37794,231,43340,0
105,365,86598,0,105,365,185,0,37801,353,64750,0
105,371,112858,0,105,371,185,0,37806,213,42544,0
105,377,177500,0,105,377,185,0,37811,388,68929,0
105,378,780418,0,105,378,185,0,37812,390,68268,0
105,382,112858,0,105,382,185,0,37815,212,42436,0
105,388,177500,0,105,388,185,0,37820,377,67620,0
105,390,780418,0,105,390,185,0,37822,378,66953,0
105,411,350906,0,105,411,185,0,37840,238,43416,0
105,412,780408,0,105,412,185,0,37841,325,58389,0
105,418,350906,0,105,418,185,0,37846,237,43410,0
105,419,780408,0,105,419,185,0,37847,324,58383,0
126,30,10422,0,126,30,186,0,37855,207,39802,0
126,44,130832,0,126,44,186,0,37865,405,70770,0
126,45,130832,0,126,45,186,0,37866,396,69733,0
126,46,212418,0,126,46,186,0,37867,217,39883,0
126,47,212418,0,126,47,186,0,37868,216,39876,0
126,54,1304214,0,126,54,186,0,37873,229,43563,0
126,135,148512,0,126,135,186,0,37886,228,43564,0
126,156,231352,0,126,156,186,0,37900,208,39801,0
126,212,731188,0,126,212,186,0,37936,382,68038,0
126,213,731188,0,126,213,186,0,37937,371,66729,0
126,214,1073952,0,126,214,186,0,37938,402,70370,0
126,215,1073952,0,126,215,186,0,37939,393,69333,0
126,221,138734,0,126,221,186,0,37943,293,55557,0
126,237,271896,0,126,237,186,0,37956,418,72246,0
126,238,271896,0,126,238,186,0,37957,411,71405,0
126,278,126324,0,126,278,186,0,37962,330,61315,0
126,345,308242,0,126,345,186,0,37976,232,43575,0
126,358,308242,0,126,358,186,0,37987,231,43576,0
126,371,209922,0,126,371,186,0,37998,213,39811,0
126,382,209922,0,126,382,186,0,38007,212,39812,0
126,394,924316,0,126,394,186,0,38017,307,56053,0
126,395,1220684,0,126,395,186,0,38018,342,61436,0
126,403,924316,0,126,403,186,0,38025,306,56045,0
126,404,1220684,0,126,404,186,0,38026,341,61428,0
126,411,343378,0,126,411,186,0,38032,238,43645,0
126,412,654390,0,126,412,186,0,38033,325,58598,0
126,413,1598400,0,126,413,186,0,38034,344,61450,0
126,418,343378,0,126,418,186,0,38038,237,43638,0
126,419,654390,0,126,419,186,0,38039,324,58592,0
126,420,1598400,0,126,420,186,0,38040,343,61444,0
147,55,49632,0,147,55,187,0,38049,332,61725,0
