35,345,769612,0,35,345,99,0,21964,232,43055,0
35,346,1419094,0,35,346,99,0,21965,250,46749,0
35,353,940104,0,35,353,99,0,21971,365,66243,0
35,354,291140,0,35,354,99,0,21972,368,51643,0
35,358,769612,0,35,358,99,0,21976,231,43054,0
35,359,1419094,0,35,359,99,0,21977,249,46748,0
35,365,940020,0,35,365,99,0,21983,353,64738,0
35,368,291140,0,35,368,99,0,21985,354,51493,0
35,373,1046892,0,35,373,99,0,21989,288,55062,0
35,377,329328,0,35,377,99,0,21992,388,68912,0
35,380,117284,0,35,380,99,0,21995,392,68084,0
35,384,1046892,0,35,384,99,0,21997,287,54963,0
35,388,329328,0,35,388,99,0,22000,377,67603,0
35,392,117284,0,35,392,99,0,22003,380,66775,0
35,395,372834,0,35,395,99,0,22005,342,62206,0
35,397,454260,0,35,397,99,0,22007,153,30402,0
35,400,1624646,0,35,400,99,0,22010,410,51967,0
35,404,372834,0,35,404,99,0,22012,341,62198,0
35,406,454260,0,35,406,99,0,22014,152,30394,0
35,410,1624646,0,35,410,99,0,22017,400,51876,0
35,411,878674,0,35,411,99,0,22018,238,43061,0
35,413,708866,0,35,413,99,0,22020,344,60470,0
35,415,961036,0,35,415,99,0,22022,175,32053,0
35,416,252952,0,35,416,99,0,22023,196,35569,0
35,418,878674,0,35,418,99,0,22025,237,43060,0
35,420,708866,0,35,420,99,0,22027,343,60469,0
35,422,961036,0,35,422,99,0,22029,174,32052,0
35,423,252952,0,35,423,99,0,22030,195,35568,0
58,32,932830,0,58,32,100,0,22034,331,61459,0
58,36,757806,0,58,36,100,0,22035,120,25807,0
53,27,1381566,0,53,27,296,0,22036,242,33114,0
58,39,779100,0,58,39,100,0,22037,182,36985,0
58,40,187196,0,58,40,100,0,22038,211,42303,0
58,41,187196,0,58,41,100,0,22039,210,42171,0
58,44,67022,0,58,44,100,0,22042,405,39282,0
58,45,67022,0,58,45,100,0,22043,396,39283,0
58,94,181112,0,58,94,100,0,22046,261,50398,0
58,96,294316,0,58,96,100,0,22047,263,50776,0
58,97,87620,0,58,97,100,0,22048,314,58816,0
58,106,449202,0,58,106,100,0,22054,267,51529,0
58,107,449202,0,58,107,100,0,22055,266,51387,0
58,110,548392,0,58,110,100,0,22058,271,49637,0
58,111,548392,0,58,111,100,0,22059,270,49636,0
58,138,65782,0,58,138,100,0,22063,299,56704,0
58,147,83856,0,58,147,100,0,22067,187,38051,0
58,148,296196,0,58,148,100,0,22068,303,57362,0
58,149,296196,0,58,149,100,0,22069,302,57228,0
58,152,345448,0,58,152,100,0,22072,406,70915,0
58,153,345448,0,58,153,100,0,22073,397,69878,0
58,176,125796,0,58,176,100,0,22076,209,41949,0
58,185,54708,0,58,185,100,0,22083,105,23070,0
58,188,211980,0,58,188,100,0,22086,167,34348,0
58,189,567426,0,58,189,100,0,22087,338,62854,0
58,190,567426,0,58,190,100,0,22088,337,62726,0
58,195,572254,0,58,195,100,0,22093,423,72834,0
58,196,572254,0,58,196,100,0,22094,416,71993,0
52,199,561152,0,52,199,280,0,22095,274,46659,0
58,199,183424,0,58,199,100,0,22096,274,52218,0
58,200,139606,0,58,200,100,0,22097,310,58058,0
58,209,57084,0,58,209,100,0,22105,176,35418,0
58,212,180990,0,58,212,100,0,22108,382,67994,0
58,213,180990,0,58,213,100,0,22109,371,66685,0
52,219,1023706,0,52,219,280,0,22116,257,49557,0
58,228,92816,0,58,228,100,0,22124,135,28114,0
