200,194,27548,0,200,194,310,0,58131,398,70019,0
200,249,345448,0,200,249,310,0,58139,359,65328,0
200,250,345448,0,200,250,310,0,58140,346,63735,0
97,32,334050,0,97,32,314,0,58148,331,61126,0
200,287,572254,0,200,287,310,0,58171,384,68368,0
200,288,572254,0,200,288,310,0,58172,373,67059,0
169,42,508594,0,169,42,318,0,58197,385,66349,0
168,43,508594,0,168,43,319,0,58208,374,64668,0
200,381,1127954,0,200,381,310,0,58222,391,68619,0
200,391,1127954,0,200,391,310,0,58231,381,67314,0
200,399,148482,0,200,399,310,0,58238,408,71184,0
200,408,148482,0,200,408,310,0,58245,399,70147,0
200,413,18174,0,200,413,310,0,58248,344,61664,0
200,420,18174,0,200,420,310,0,58254,343,61657,0
258,129,720138,0,258,129,311,0,58283,387,68677,0
258,130,720138,0,258,130,311,0,58284,376,67368,0
31,98,544492,0,31,98,313,0,58291,334,60458,0
31,108,651106,0,31,108,313,0,58297,386,68077,0
31,109,651106,0,31,109,313,0,58298,375,66768,0
118,98,488716,0,118,98,315,0,58303,334,61372,0
118,108,720138,0,118,108,315,0,58311,386,68392,0
118,109,720138,0,118,109,315,0,58312,375,67083,0
258,413,780408,0,258,413,311,0,58380,344,62221,0
258,420,780408,0,258,420,311,0,58386,343,62215,0
277,42,64074,0,277,42,312,0,58402,385,68567,0
277,43,64074,0,277,43,312,0,58403,374,67258,0
277,44,74850,0,277,44,312,0,58404,405,70844,0
277,45,74850,0,277,45,312,0,58405,396,69807,0
277,152,21926,0,277,152,312,0,58437,406,70958,0
277,153,21926,0,277,153,312,0,58438,397,69921,0
277,195,463246,0,277,195,312,0,58456,423,72911,0
277,196,463246,0,277,196,312,0,58457,416,72070,0
277,201,83066,0,277,201,312,0,58461,326,60474,0
277,214,1033610,0,277,214,312,0,58472,402,70422,0
277,215,1033610,0,277,215,312,0,58473,393,69385,0
277,222,177082,0,277,222,312,0,58480,327,60711,0
277,237,97286,0,277,237,312,0,58490,418,72295,0
277,238,97286,0,277,238,312,0,58491,411,71454,0
277,306,392426,0,277,306,312,0,58514,403,70566,0
277,307,392426,0,277,307,312,0,58515,394,69529,0
277,324,108230,0,277,324,312,0,58530,419,72423,0
277,325,108230,0,277,325,312,0,58531,412,71582,0
277,351,390940,0,277,351,312,0,58537,364,66167,0
277,352,681776,0,277,352,312,0,58538,366,66374,0
277,353,979012,0,277,353,312,0,58539,365,66286,0
277,364,390940,0,277,364,312,0,58548,351,64574,0
277,365,979012,0,277,365,312,0,58549,353,64781,0
277,366,681776,0,277,366,312,0,58550,352,64693,0
277,381,822054,0,277,381,312,0,58562,391,68896,0
277,391,822054,0,277,391,312,0,58570,381,67591,0
173,119,230430,0,173,119,322,0,58574,335,62290,0
172,119,230430,0,172,119,323,0,58582,335,62289,0
31,129,572254,0,31,129,313,0,58626,387,68737,0
31,130,572254,0,31,130,313,0,58627,376,67428,0
31,214,579546,0,31,214,313,0,58647,402,70319,0
31,215,579546,0,31,215,313,0,58648,393,69282,0
31,222,183424,0,31,222,313,0,58653,327,60594,0
31,237,180990,0,31,237,313,0,58668,418,72198,0
31,238,180990,0,31,238,313,0,58669,411,71357,0
31,249,345448,0,31,249,313,0,58676,359,65268,0
31,250,345448,0,31,250,313,0,58677,346,63675,0
31,285,671388,0,31,285,313,0,58706,360,65420,0
31,286,671388,0,31,286,313,0,58707,347,63827,0
31,341,27548,0,31,341,313,0,58740,404,70608,0
