124,369,175706,0,124,369,145,0,30612,357,63958,0
124,372,206452,0,124,372,145,0,30614,269,51788,0
124,377,148482,0,124,377,145,0,30618,388,68943,0
124,379,563430,0,124,379,145,0,30619,389,68448,0
124,383,206452,0,124,383,145,0,30623,268,51687,0
124,388,148482,0,124,388,145,0,30627,377,67634,0
124,389,563430,0,124,389,145,0,30628,379,67139,0
124,394,141272,0,124,394,145,0,30632,307,56052,0
124,395,708428,0,124,395,145,0,30633,342,61435,0
124,403,141272,0,124,403,145,0,30640,306,56044,0
124,404,708428,0,124,404,145,0,30641,341,61427,0
124,411,291018,0,124,411,145,0,30647,238,43560,0
124,416,297746,0,124,416,145,0,30652,196,36595,0
124,418,291018,0,124,418,145,0,30654,237,43559,0
124,423,297746,0,124,423,145,0,30659,195,36594,0
166,108,1646336,0,166,108,146,0,30667,386,49868,0
166,109,1646336,0,166,109,146,0,30668,375,49867,0
166,110,193876,0,166,110,146,0,30669,271,49943,0
166,111,193876,0,166,111,146,0,30670,270,49934,0
166,112,191838,0,166,112,146,0,30671,273,50958,0
166,113,191838,0,166,113,146,0,30672,272,50951,0
166,114,444140,0,166,114,146,0,30673,206,41391,0
166,117,294316,0,166,117,146,0,30675,298,56538,0
166,119,486432,0,166,119,146,0,30676,335,62283,0
166,125,555336,0,166,125,146,0,30680,165,33966,0
166,133,139102,0,166,133,146,0,30687,292,54274,0
166,134,139102,0,166,134,146,0,30688,291,54267,0
31,147,629048,0,31,147,313,0,30697,187,32927,0
31,150,800630,0,31,150,313,0,30700,305,33074,0
31,151,799784,0,31,151,313,0,30701,304,33065,0
31,152,189358,0,31,152,313,0,30702,406,35183,0
31,153,189358,0,31,153,313,0,30703,397,35091,0
97,135,673524,0,97,135,314,0,30706,228,43256,0
166,275,931266,0,166,275,146,0,30722,220,43479,0
166,276,294316,0,166,276,146,0,30723,295,55899,0
166,283,555336,0,166,283,146,0,30726,158,32491,0
166,284,486432,0,166,284,146,0,30727,180,36485,0
159,30,703660,0,159,30,316,0,30736,207,34394,0
159,96,473444,0,159,96,316,0,30737,263,49814,0
159,137,1772924,0,159,137,316,0,30738,282,52945,0
159,146,569096,0,159,146,316,0,30742,166,32693,0
159,150,3535628,0,159,150,316,0,30745,305,32796,0
159,151,3535628,0,159,151,316,0,30746,304,32795,0
159,152,387210,0,159,152,316,0,30747,406,32875,0
159,153,387210,0,159,153,316,0,30748,397,32867,0
159,154,365440,0,159,154,316,0,30749,309,57981,0
159,155,365440,0,159,155,316,0,30750,308,57913,0
31,105,3090974,0,31,105,313,0,30751,185,35556,0
160,147,196474,0,160,147,317,0,30757,187,32938,0
160,148,989716,0,160,148,317,0,30758,303,33034,0
160,149,989716,0,160,149,317,0,30759,302,33033,0
160,150,110306,0,160,150,317,0,30760,305,33036,0
160,151,114664,0,160,151,317,0,30761,304,33035,0
160,152,594554,0,160,152,317,0,30762,406,35191,0
160,153,594554,0,160,153,317,0,30763,397,35099,0
160,154,33154,0,160,154,317,0,30764,309,57982,0
160,155,33154,0,160,155,317,0,30765,308,57914,0
166,345,591520,0,166,345,146,0,30766,232,33466,0
166,352,18254,0,166,352,146,0,30773,366,34273,0
166,353,249894,0,166,353,146,0,30774,365,34272,0
166,356,616592,0,166,356,146,0,30776,370,57484,0
166,358,591520,0,166,358,146,0,30778,231,33465,0
166,365,259922,0,166,365,146,0,30785,353,34261,0
166,366,674,0,166,366,146,0,30786,352,34260,0
