114,175,143742,0,114,175,206,0,41400,415,71910,0
114,176,601914,0,114,176,206,0,41401,209,41995,0
114,177,1087880,0,114,177,206,0,41402,230,45691,0
114,178,1184724,0,114,178,206,0,41403,248,48533,0
114,181,8484,0,114,181,206,0,41405,336,62534,0
114,189,373686,0,114,189,206,0,41409,338,62877,0
114,190,373686,0,114,190,206,0,41410,337,62749,0
114,191,100236,0,114,191,206,0,41411,340,63106,0
114,192,100236,0,114,192,206,0,41412,339,63002,0
114,214,425284,0,114,214,206,0,41431,402,70362,0
114,215,425284,0,114,215,206,0,41432,393,69325,0
114,221,298776,0,114,221,206,0,41436,293,55547,0
114,222,275558,0,114,222,206,0,41437,327,60643,0
114,231,771296,0,114,231,206,0,41445,358,65127,0
114,232,771296,0,114,232,206,0,41446,345,63534,0
114,277,250976,0,114,277,206,0,41455,312,58408,0
114,287,65630,0,114,287,206,0,41463,384,68304,0
114,288,65630,0,114,288,206,0,41464,373,66995,0
114,341,365662,0,114,341,206,0,41513,404,70651,0
114,342,365662,0,114,342,206,0,41514,395,69614,0
114,351,270298,0,114,351,206,0,41522,364,66117,0
114,353,475240,0,114,353,206,0,41524,365,66260,0
114,355,334912,0,114,355,206,0,41526,367,65584,0
114,364,270298,0,114,364,206,0,41533,351,64524,0
114,365,475240,0,114,365,206,0,41534,353,64755,0
114,367,334912,0,114,367,206,0,41536,355,63996,0
114,372,251128,0,114,372,206,0,41540,269,51779,0
114,379,347270,0,114,379,206,0,41545,389,68444,0
46,287,738940,0,46,287,217,0,41547,384,68290,0
114,383,251128,0,114,383,206,0,41549,268,51678,0
114,389,347270,0,114,389,206,0,41554,379,67135,0
47,288,738940,0,47,288,216,0,41555,373,66981,0
114,394,137864,0,114,394,206,0,41558,307,56049,0
114,403,137864,0,114,403,206,0,41566,306,56041,0
47,277,56782,0,47,277,216,0,41574,312,58407,0
46,277,56782,0,46,277,217,0,41581,312,58406,0
30,50,309438,0,30,50,207,0,41589,225,44674,0
30,51,225014,0,30,51,207,0,41590,260,43034,0
30,63,1231614,0,30,63,207,0,41597,361,43011,0
30,64,1231614,0,30,64,207,0,41598,348,43010,0
30,65,1483070,0,30,65,207,0,41599,234,43810,0
30,66,1483070,0,30,66,207,0,41600,233,43799,0
30,85,543122,0,30,85,207,0,41610,362,47073,0
30,86,543122,0,30,86,207,0,41611,349,47065,0
30,87,210208,0,30,87,207,0,41612,252,47054,0
30,88,210208,0,30,88,207,0,41613,251,47043,0
30,91,1420950,0,30,91,207,0,41616,256,46688,0
30,92,1420950,0,30,92,207,0,41617,255,46687,0
30,118,687502,0,30,118,207,0,41620,315,59001,0
30,127,344842,0,30,127,207,0,41625,363,65916,0
30,128,344842,0,30,128,207,0,41626,350,64323,0
30,219,1001866,0,30,219,207,0,41633,257,49538,0
30,241,218290,0,30,241,207,0,41652,328,60831,0
30,294,63200,0,30,294,207,0,41684,240,46675,0
30,295,1353426,0,30,295,207,0,41685,276,52251,0
30,306,92560,0,30,306,207,0,41695,403,70378,0
30,307,92560,0,30,307,207,0,41696,394,69341,0
30,312,303300,0,30,312,207,0,41700,277,52733,0
30,345,1732448,0,30,345,207,0,41713,232,43009,0
30,346,801736,0,30,346,207,0,41714,250,46682,0
30,347,1187468,0,30,347,207,0,41715,286,52258,0
30,358,1732448,0,30,358,207,0,41724,231,43008,0
30,359,801736,0,30,359,207,0,41725,249,46681,0
30,360,1187468,0,30,360,207,0,41726,285,52257,0
