303,288,927434,0,303,288,148,0,31160,373,67098,0
303,346,890126,0,303,346,148,0,31164,250,48264,0
303,347,520698,0,303,347,148,0,31165,286,54223,0
303,352,329544,0,303,352,148,0,31170,366,57448,0
303,357,140230,0,303,357,148,0,31174,369,57450,0
303,378,1376072,0,303,378,148,0,31181,390,66400,0
303,380,1464352,0,303,380,148,0,31182,392,57469,0
303,381,3354156,0,303,381,148,0,31183,391,57468,0
212,148,236244,0,212,148,382,0,31184,303,41731,0
268,148,1705164,0,268,148,383,0,31185,303,50911,0
303,384,225364,0,303,384,148,0,31186,287,54224,0
303,388,1256804,0,303,388,148,0,31189,377,57457,0
303,389,2307220,0,303,389,148,0,31190,379,66313,0
303,391,3270300,0,303,391,148,0,31191,381,57460,0
303,392,3675546,0,303,392,148,0,31192,380,57459,0
303,398,524062,0,303,398,148,0,31196,194,38622,0
303,399,708874,0,303,399,148,0,31197,408,66532,0
303,400,3596162,0,303,400,148,0,31198,410,66519,0
303,401,1085468,0,303,401,148,0,31199,409,66518,0
303,411,1421774,0,303,411,148,0,31200,238,45414,0
303,412,258696,0,303,412,148,0,31201,325,57003,0
196,148,1729392,0,196,148,416,0,31204,303,38167,0
303,417,2725746,0,303,417,148,0,31205,424,57488,0
303,418,1238894,0,303,418,148,0,31206,237,45413,0
303,420,364920,0,303,420,148,0,31208,343,57176,0
174,148,1243366,0,174,148,422,0,31210,303,34275,0
303,424,1100894,0,303,424,148,0,31211,417,57482,0
302,50,187742,0,302,50,149,0,31214,225,44755,0
302,51,296196,0,302,51,149,0,31215,260,50284,0
302,64,584422,0,302,64,149,0,31224,348,64135,0
302,68,173912,0,302,68,149,0,31226,235,45957,0
302,69,942358,0,302,69,149,0,31227,421,72700,0
302,70,248490,0,302,70,149,0,31228,414,45451,0
302,71,134340,0,302,71,149,0,31229,204,41068,0
302,72,54298,0,302,72,149,0,31230,243,47640,0
302,74,876,0,302,74,149,0,31231,245,48012,0
302,77,502824,0,302,77,149,0,31233,333,61968,0
302,84,502824,0,302,84,149,0,31237,184,37568,0
302,86,842854,0,302,86,149,0,31238,349,64259,0
302,88,1037008,0,302,88,149,0,31240,251,48253,0
302,92,812590,0,302,92,149,0,31242,255,48256,0
302,115,289896,0,302,115,149,0,31244,227,45178,0
302,116,104710,0,302,116,149,0,31245,281,53969,0
302,118,342916,0,302,118,149,0,31247,315,59086,0
302,125,257192,0,302,125,149,0,31252,165,34051,0
302,130,1369058,0,302,130,149,0,31255,376,67526,0
302,132,459100,0,302,132,149,0,31256,289,54819,0
302,219,296196,0,302,219,149,0,31258,257,49663,0
302,232,406272,0,302,232,149,0,31269,345,63615,0
302,277,342916,0,302,277,149,0,31290,312,58510,0
302,283,257192,0,302,283,149,0,31294,158,32554,0
302,287,927434,0,302,287,149,0,31297,384,68407,0
302,359,890126,0,302,359,149,0,31302,249,48252,0
302,360,520698,0,302,360,149,0,31303,285,54212,0
302,366,323628,0,302,366,149,0,31309,352,57313,0
302,369,140230,0,302,369,149,0,31311,357,57317,0
213,149,238880,0,213,149,371,0,31313,302,41720,0
269,149,1701388,0,269,149,372,0,31314,302,50900,0
302,373,217454,0,302,373,149,0,31315,288,54214,0
302,377,1255322,0,302,377,149,0,31318,388,57332,0
302,379,2286998,0,302,379,149,0,31319,389,64804,0
302,380,3683496,0,302,380,149,0,31320,392,57335,0
302,381,3265164,0,302,381,149,0,31321,391,57334,0
302,390,1355850,0,302,390,149,0,31328,378,64715,0
