223,263,486432,0,223,263,26,0,6523,96,21070,0
223,266,198440,0,223,266,26,0,6526,107,23483,0
223,267,198440,0,223,267,26,0,6527,106,23334,0
223,270,476374,0,223,270,26,0,6530,111,22270,0
223,271,476374,0,223,271,26,0,6531,110,22262,0
120,72,696784,0,120,72,36,0,6540,243,12339,0
223,289,18090,0,223,289,26,0,6549,132,26367,0
223,290,18090,0,223,290,26,0,6550,131,26359,0
223,304,51802,0,223,304,26,0,6563,151,30032,0
223,305,51802,0,223,305,26,0,6564,150,30021,0
223,308,87380,0,223,308,26,0,6567,155,31885,0
223,309,87380,0,223,309,26,0,6568,154,31811,0
161,51,112166,0,161,51,38,0,6570,260,49841,0
161,58,19130,0,161,58,38,0,6573,100,21328,0
161,61,1170698,0,161,61,38,0,6575,162,32724,0
161,62,128836,0,161,62,38,0,6576,183,32967,0
161,67,493378,0,161,67,38,0,6581,236,33538,0
161,68,493378,0,161,68,38,0,6582,235,33531,0
161,317,1078440,0,161,317,38,0,6591,160,13157,0
223,339,67974,0,223,339,26,0,6598,192,37414,0
223,340,67974,0,223,340,26,0,6599,191,37404,0
223,341,53740,0,223,341,26,0,6600,404,70699,0
223,342,53740,0,223,342,26,0,6601,395,69662,0
223,343,275464,0,223,343,26,0,6602,420,72542,0
223,344,275464,0,223,344,26,0,6603,413,71701,0
223,350,263182,0,223,350,26,0,6608,128,27467,0
223,351,120632,0,223,351,26,0,6609,364,66138,0
223,352,513994,0,223,352,26,0,6610,366,65757,0
223,355,221378,0,223,355,26,0,6612,367,65767,0
223,363,263182,0,223,363,26,0,6619,127,27346,0
223,364,120632,0,223,364,26,0,6620,351,64545,0
223,366,513994,0,223,366,26,0,6621,352,64164,0
223,367,221378,0,223,367,26,0,6622,355,64179,0
223,371,170552,0,223,371,26,0,6626,213,40909,0
33,348,783546,0,33,348,56,0,6629,64,8694,0
223,376,487140,0,223,376,26,0,6631,130,26349,0
223,379,696854,0,223,379,26,0,6634,389,46312,0
223,382,170552,0,223,382,26,0,6637,212,40898,0
33,361,783546,0,33,361,56,0,6640,63,8683,0
223,387,487140,0,223,387,26,0,6642,129,26339,0
223,389,696854,0,223,389,26,0,6644,379,46200,0
223,393,239024,0,223,393,26,0,6648,215,40928,0
223,395,124256,0,223,395,26,0,6650,342,61868,0
33,421,783546,0,33,421,56,0,6651,69,8713,0
223,398,13634,0,223,398,26,0,6653,194,37432,0
223,401,802470,0,223,401,26,0,6655,409,71263,0
223,402,239024,0,223,402,26,0,6656,214,40920,0
223,404,124256,0,223,404,26,0,6658,341,61860,0
33,414,783546,0,33,414,56,0,6659,70,8705,0
223,407,13634,0,223,407,26,0,6661,193,37424,0
223,409,802470,0,223,409,26,0,6663,401,70282,0
242,31,14050,0,242,31,27,0,6682,313,58670,0
143,274,1053374,0,143,274,82,0,6684,199,29671,0
242,40,122404,0,242,40,27,0,6687,211,42358,0
242,41,122404,0,242,41,27,0,6688,210,42226,0
56,115,5717336,0,56,115,33,0,6698,227,22324,0
242,76,1772924,0,242,76,27,0,6700,247,47650,0
56,72,283508,0,56,72,33,0,6703,243,13651,0
99,72,1848892,0,99,72,35,0,6704,243,22339,0
161,72,225882,0,161,72,38,0,6706,243,33603,0
217,72,762378,0,217,72,46,0,6714,243,47598,0
216,72,762378,0,216,72,47,0,6715,243,47597,0
204,278,291252,0,204,278,71,0,6720,330,61330,0
120,198,669944,0,120,198,36,0,6721,239,7406,0
