116,404,578708,0,116,404,281,0,54062,341,61320,0
116,412,404990,0,116,412,281,0,54070,325,58425,0
116,419,404990,0,116,419,281,0,54077,324,58424,0
137,63,436954,0,137,63,282,0,54091,361,65628,0
137,64,436954,0,137,64,282,0,54092,348,64035,0
137,237,598750,0,137,237,282,0,54127,418,72252,0
137,238,598750,0,137,238,282,0,54128,411,71411,0
137,241,632862,0,137,241,282,0,54130,328,60894,0
137,277,157602,0,137,277,282,0,54147,312,58427,0
137,355,183260,0,137,355,282,0,54215,367,66424,0
137,367,183260,0,137,367,282,0,54226,355,64899,0
137,379,1498826,0,137,379,282,0,54236,389,69044,0
137,389,1498826,0,137,389,282,0,54246,379,67807,0
134,306,549102,0,134,306,291,0,54256,403,70522,0
133,307,549102,0,133,307,292,0,54265,394,69485,0
158,42,150226,0,158,42,283,0,54290,385,68488,0
158,43,150226,0,158,43,283,0,54291,374,67179,0
158,212,67546,0,158,212,283,0,54318,382,68045,0
158,213,67546,0,158,213,283,0,54319,371,66736,0
158,214,638580,0,158,214,283,0,54320,402,70387,0
158,215,638580,0,158,215,283,0,54321,393,69350,0
158,268,245386,0,158,268,283,0,54333,383,68186,0
158,269,245386,0,158,269,283,0,54334,372,66877,0
158,285,136694,0,158,285,283,0,54347,360,65477,0
158,286,136694,0,158,286,283,0,54348,347,63884,0
158,357,1021190,0,158,357,283,0,54397,369,66561,0
158,369,1021190,0,158,369,283,0,54409,357,65024,0
158,417,177500,0,158,417,283,0,54452,424,72969,0
158,424,177500,0,158,424,283,0,54458,417,72128,0
180,42,200652,0,180,42,284,0,54471,385,68500,0
180,43,200652,0,180,43,284,0,54472,374,67191,0
180,44,422376,0,180,44,284,0,54473,405,70788,0
180,45,422376,0,180,45,284,0,54474,396,69751,0
180,131,252564,0,180,131,284,0,54541,290,55272,0
180,132,252564,0,180,132,284,0,54542,289,55180,0
180,133,40832,0,180,133,284,0,54543,292,55433,0
180,134,40832,0,180,134,284,0,54544,291,55361,0
180,231,109872,0,180,231,284,0,54571,358,65159,0
180,232,109872,0,180,232,284,0,54572,345,63566,0
180,237,331596,0,180,237,284,0,54577,418,72273,0
180,238,331596,0,180,238,284,0,54578,411,71432,0
180,354,138062,0,180,354,284,0,54654,368,66493,0
180,357,101232,0,180,357,284,0,54656,369,66571,0
180,368,138062,0,180,368,284,0,54667,354,64832,0
180,369,101232,0,180,369,284,0,54668,357,65034,0
180,379,127882,0,180,379,284,0,54676,389,69056,0
180,389,127882,0,180,389,284,0,54686,379,67819,0
180,417,120632,0,180,417,284,0,54710,424,72981,0
180,424,120632,0,180,424,284,0,54716,417,72140,0
360,70,1336016,0,360,70,285,0,54734,414,71887,0
360,85,662404,0,360,85,285,0,54743,362,65870,0
360,238,52104,0,360,238,285,0,54763,411,71500,0
360,276,325912,0,360,276,285,0,54777,295,56014,0
360,285,274182,0,360,285,285,0,54785,360,65564,0
360,347,122904,0,360,347,285,0,54792,286,54911,0
360,353,156426,0,360,353,285,0,54798,365,66195,0
132,351,114418,0,132,351,289,0,54799,364,66132,0
131,351,283420,0,131,351,290,0,54800,364,66131,0
133,351,296612,0,133,351,292,0,54801,364,66133,0
131,352,508798,0,131,352,290,0,54807,366,66345,0
133,352,631582,0,133,352,292,0,54808,366,66346,0
360,384,3152032,0,360,384,285,0,54810,287,54922,0
132,353,2313392,0,132,353,289,0,54814,365,66273,0
133,353,71176,0,133,353,292,0,54815,365,66274,0
