175,91,1742908,0,175,91,415,0,20024,256,49482,0
256,326,150722,0,256,326,91,0,20025,201,40218,0
256,328,449202,0,256,328,91,0,20027,241,47215,0
256,335,198440,0,256,335,91,0,20033,119,25667,0
256,342,1976,0,256,342,91,0,20036,395,69679,0
256,411,33822,0,256,411,91,0,20038,238,44858,0
256,412,2682152,0,256,412,91,0,20039,325,48498,0
256,413,927666,0,256,413,91,0,20040,344,62062,0
256,416,1022658,0,256,416,91,0,20043,196,37658,0
256,417,410148,0,256,417,91,0,20044,424,49534,0
237,50,1607800,0,237,50,418,0,20046,225,44518,0
237,75,582896,0,237,75,418,0,20049,297,56152,0
237,76,594554,0,237,76,418,0,20050,247,44775,0
237,77,536528,0,237,77,418,0,20051,333,48425,0
102,418,799784,0,102,418,123,0,20052,237,22148,0
237,81,234488,0,237,81,418,0,20053,122,26235,0
174,50,1236344,0,174,50,422,0,20055,225,25392,0
237,84,772820,0,237,84,418,0,20056,184,37330,0
237,86,698268,0,237,86,418,0,20057,349,64103,0
255,156,901040,0,255,156,92,0,20059,208,41089,0
255,157,259754,0,255,157,92,0,20060,264,47840,0
255,159,311870,0,255,159,92,0,20062,316,48410,0
174,178,1070950,0,174,178,422,0,20070,248,33675,0
255,178,449202,0,255,178,92,0,20071,248,48592,0
255,180,198440,0,255,180,92,0,20073,284,54592,0
69,178,542884,0,69,178,421,0,20079,248,34436,0
69,74,234488,0,69,74,421,0,20084,245,47957,0
69,75,582896,0,69,75,421,0,20085,297,55593,0
69,77,772820,0,69,77,421,0,20086,333,60691,0
69,84,536528,0,69,84,421,0,20093,184,35849,0
69,85,142548,0,69,85,421,0,20094,362,65176,0
69,86,925736,0,69,86,421,0,20095,349,48826,0
174,71,348868,0,174,71,422,0,20097,204,39982,0
174,84,542884,0,174,84,422,0,20103,184,32995,0
174,92,1742908,0,174,92,422,0,20104,255,49409,0
255,326,150722,0,255,326,92,0,20105,201,40217,0
255,328,449202,0,255,328,92,0,20107,241,47214,0
255,335,198440,0,255,335,92,0,20113,119,25666,0
255,341,1976,0,255,341,92,0,20115,404,70715,0
255,418,35140,0,255,418,92,0,20118,237,44852,0
255,419,2682152,0,255,419,92,0,20119,324,48492,0
255,420,927666,0,255,420,92,0,20120,343,62056,0
255,423,1019128,0,255,423,92,0,20123,195,37652,0
255,424,410148,0,255,424,92,0,20124,417,49461,0
226,25,66710,0,226,25,93,0,20125,202,40465,0
226,27,561152,0,226,27,93,0,20127,242,25919,0
226,30,8260,0,226,30,93,0,20130,207,41638,0
226,31,139606,0,226,31,93,0,20131,313,58657,0
226,32,57084,0,226,32,93,0,20132,331,61539,0
226,36,183424,0,226,36,93,0,20133,120,25918,0
226,37,756932,0,226,37,93,0,20134,141,29655,0
226,42,180990,0,226,42,93,0,20139,385,68534,0
226,43,180990,0,226,43,93,0,20140,374,67225,0
226,54,304402,0,226,54,93,0,20150,229,44572,0
226,59,1023706,0,226,59,93,0,20153,121,26209,0
226,60,92816,0,226,60,93,0,20154,142,29905,0
226,63,579546,0,226,63,93,0,20157,361,65678,0
226,64,579546,0,226,64,93,0,20158,348,64085,0
226,65,753626,0,226,65,93,0,20159,234,44637,0
226,66,753626,0,226,66,93,0,20160,233,44626,0
226,94,181112,0,226,94,93,0,20166,261,50448,0
226,96,294316,0,226,96,93,0,20168,263,50804,0
226,97,87620,0,226,97,93,0,20169,314,58851,0
226,104,702080,0,226,104,93,0,20172,164,25366,0
