283,140,502102,0,283,140,158,0,32473,301,57130,0
283,148,342916,0,283,148,158,0,32476,303,57433,0
283,149,342916,0,283,149,158,0,32477,302,57299,0
283,152,392426,0,283,152,158,0,32480,406,70962,0
283,153,392426,0,283,153,158,0,32481,397,69925,0
283,156,95568,0,283,156,158,0,32484,208,41844,0
283,159,560374,0,283,159,158,0,32487,316,59278,0
283,172,1261700,0,283,172,158,0,32496,323,59106,0
283,173,1261700,0,283,173,158,0,32497,322,59105,0
283,174,108230,0,283,174,158,0,32498,422,72789,0
283,175,108230,0,283,175,158,0,32499,415,71948,0
283,176,39102,0,283,176,158,0,32500,209,42065,0
283,179,472028,0,283,179,158,0,32501,265,51280,0
283,195,244740,0,283,195,158,0,32515,423,72916,0
283,196,244740,0,283,196,158,0,32516,416,72075,0
283,197,273048,0,283,197,158,0,32517,218,43069,0
283,199,151620,0,283,199,158,0,32519,274,52324,0
283,209,669722,0,283,209,158,0,32528,176,35578,0
283,214,432058,0,283,214,158,0,32533,402,70425,0
283,215,432058,0,283,215,158,0,32534,393,69388,0
104,118,789612,0,104,118,164,0,32537,315,58307,0
104,119,505926,0,104,119,164,0,32538,335,61175,0
104,129,720138,0,104,129,164,0,32543,387,68234,0
104,130,720138,0,104,130,164,0,32544,376,66925,0
146,71,472686,0,146,71,166,0,32550,204,40970,0
283,295,63806,0,283,295,158,0,32551,276,52789,0
283,306,21926,0,283,306,158,0,32558,403,70570,0
283,307,21926,0,283,307,158,0,32559,394,69533,0
283,351,390940,0,283,351,158,0,32567,364,66172,0
283,352,381744,0,283,352,158,0,32568,366,66379,0
283,353,1279044,0,283,353,158,0,32569,365,66291,0
283,364,390940,0,283,364,158,0,32578,351,64579,0
283,365,1279044,0,283,365,158,0,32579,353,64786,0
283,366,381744,0,283,366,158,0,32580,352,64698,0
283,372,290694,0,283,372,158,0,32585,269,51828,0
283,373,462352,0,283,373,158,0,32586,288,55116,0
283,378,453906,0,283,378,158,0,32590,390,68849,0
283,380,657508,0,283,380,158,0,32591,392,68901,0
283,381,951930,0,283,381,158,0,32592,391,54445,0
283,383,290694,0,283,383,158,0,32594,268,51727,0
283,384,462352,0,283,384,158,0,32595,287,55017,0
283,390,453906,0,283,390,158,0,32599,378,67540,0
283,391,951930,0,283,391,158,0,32600,381,54437,0
283,392,657508,0,283,392,158,0,32601,380,67588,0
283,395,412794,0,283,395,158,0,32604,342,62373,0
283,404,412794,0,283,404,158,0,32612,341,62372,0
283,412,260836,0,283,412,158,0,32619,325,59190,0
283,416,673374,0,283,416,158,0,32622,196,38042,0
283,417,168350,0,283,417,158,0,32623,424,55478,0
283,419,260836,0,283,419,158,0,32625,324,59184,0
283,423,673374,0,283,423,158,0,32628,195,38036,0
283,424,168350,0,283,424,158,0,32629,417,55406,0
316,27,334368,0,316,27,159,0,32632,242,47434,0
316,28,565538,0,316,28,159,0,32633,205,41262,0
316,31,181112,0,316,31,159,0,32635,313,58719,0
316,40,1128928,0,316,40,159,0,32640,211,41862,0
316,41,1128928,0,316,41,159,0,32641,210,41861,0
316,42,28586,0,316,42,159,0,32642,385,68583,0
316,43,28586,0,316,43,159,0,32643,374,67274,0
316,93,49434,0,316,93,159,0,32648,226,44958,0
316,95,153854,0,316,95,159,0,32650,262,50676,0
316,106,558506,0,316,106,159,0,32659,267,51067,0
316,107,558506,0,316,107,159,0,32660,266,51066,0
316,108,400540,0,316,108,159,0,32661,386,68691,0
