34,388,390940,0,34,388,78,0,17961,377,67602,0
34,389,875146,0,34,389,78,0,17962,379,67798,0
34,390,785642,0,34,390,78,0,17963,378,67727,0
34,394,290694,0,34,394,78,0,17966,307,57816,0
34,403,290694,0,34,403,78,0,17973,306,57729,0
57,36,207526,0,57,36,79,0,18001,120,25806,0
57,37,309438,0,57,37,79,0,18002,141,29585,0
57,38,225014,0,57,38,79,0,18003,161,29670,0
57,44,1231614,0,57,44,79,0,18009,405,39268,0
57,45,1231614,0,57,45,79,0,18010,396,39269,0
57,46,1483070,0,57,46,79,0,18011,217,41175,0
57,47,1483070,0,57,47,79,0,18012,216,41168,0
26,71,504788,0,26,71,223,0,18014,204,40946,0
57,96,2098822,0,57,96,79,0,18015,263,50775,0
57,98,303300,0,57,98,79,0,18017,334,61934,0
57,106,393378,0,57,106,79,0,18022,267,51528,0
57,107,393378,0,57,107,79,0,18023,266,51386,0
57,110,477322,0,57,110,79,0,18026,271,47762,0
57,111,477322,0,57,111,79,0,18027,270,47761,0
57,114,172790,0,57,114,79,0,18030,206,41045,0
57,119,195566,0,57,119,79,0,18034,335,61948,0
57,124,27806,0,57,124,79,0,18037,145,30128,0
57,127,168200,0,57,127,79,0,18039,363,65835,0
57,128,168200,0,57,128,79,0,18040,350,64242,0
57,131,548334,0,57,131,79,0,18043,290,47956,0
57,132,548334,0,57,132,79,0,18044,289,47955,0
57,137,218290,0,57,137,79,0,18048,282,54088,0
57,138,153854,0,57,138,79,0,18049,299,56703,0
57,144,913920,0,57,144,79,0,18052,103,22694,0
57,148,187742,0,57,148,79,0,18055,303,57361,0
57,149,187742,0,57,149,79,0,18056,302,57227,0
57,154,381586,0,57,154,79,0,18061,309,56494,0
57,155,381586,0,57,155,79,0,18062,308,56487,0
57,179,118480,0,57,179,79,0,18064,265,51170,0
57,185,687502,0,57,185,79,0,18070,105,23069,0
57,186,10422,0,57,186,79,0,18071,126,27065,0
49,178,1374560,0,49,178,224,0,18073,248,34347,0
57,193,344842,0,57,193,79,0,18078,407,71021,0
57,194,344842,0,57,194,79,0,18079,398,69984,0
57,200,8260,0,57,200,79,0,18084,310,58057,0
57,206,200052,0,57,206,79,0,18090,114,24151,0
57,208,1001866,0,57,208,79,0,18092,156,31948,0
49,75,769972,0,49,75,224,0,18105,297,55506,0
49,77,60500,0,49,77,224,0,18106,333,60614,0
49,82,33174,0,49,82,224,0,18111,143,28113,0
49,84,580352,0,49,84,224,0,18113,184,35717,0
49,91,282174,0,49,91,224,0,18120,256,49463,0
49,92,282174,0,49,92,224,0,18121,255,49390,0
57,259,384796,0,57,259,79,0,18123,329,60627,0
57,261,703660,0,57,261,79,0,18125,94,20167,0
57,263,251744,0,57,263,79,0,18127,96,20948,0
57,265,2068080,0,57,265,79,0,18129,179,35750,0
57,272,688116,0,57,272,79,0,18136,113,22479,0
57,273,688116,0,57,273,79,0,18137,112,22472,0
52,249,1109132,0,52,249,280,0,18147,359,23438,0
52,250,1109132,0,52,250,280,0,18148,346,23289,0
52,255,595788,0,52,255,280,0,18153,92,20048,0
52,256,595788,0,52,256,280,0,18154,91,19968,0
57,294,1114692,0,57,294,79,0,18155,240,30084,0
57,298,1239750,0,57,298,79,0,18159,117,24933,0
57,304,1420950,0,57,304,79,0,18164,151,28218,0
57,305,1420950,0,57,305,79,0,18165,150,28217,0
57,306,543122,0,57,306,79,0,18166,403,30173,0
57,307,543122,0,57,307,79,0,18167,394,30184,0
