64,214,1534900,0,64,214,348,0,64073,402,70345,0
64,215,117984,0,64,215,348,0,64074,393,69308,0
64,237,624962,0,64,237,348,0,64092,418,72225,0
64,238,1857750,0,64,238,348,0,64093,411,71384,0
64,249,646890,0,64,249,348,0,64100,359,65110,0
64,268,522780,0,64,268,348,0,64112,383,68157,0
64,287,56888,0,64,287,348,0,64127,384,68300,0
64,351,308858,0,64,351,348,0,64157,364,66096,0
64,354,1521004,0,64,354,348,0,64158,368,65232,0
64,355,1397308,0,64,355,348,0,64159,367,65231,0
64,357,622252,0,64,357,348,0,64161,369,66558,0
64,380,234510,0,64,380,348,0,64170,392,69233,0
64,410,311146,0,64,410,348,0,64181,400,70215,0
64,424,648880,0,64,424,348,0,64189,417,72124,0
86,42,781816,0,86,42,349,0,64200,385,68469,0
86,193,671254,0,86,193,349,0,64214,407,71038,0
86,195,812990,0,86,195,349,0,64215,423,72850,0
86,214,310120,0,86,214,349,0,64227,402,70357,0
86,285,557986,0,86,285,349,0,64248,360,65297,0
86,341,54252,0,86,341,349,0,64274,404,70637,0
86,344,462228,0,86,344,349,0,64275,413,71640,0
86,351,418974,0,86,351,349,0,64281,364,66111,0
86,356,162342,0,86,356,349,0,64284,370,65382,0
86,357,444286,0,86,357,349,0,64285,369,65381,0
128,63,554016,0,128,63,350,0,64343,361,65623,0
128,174,851784,0,128,174,350,0,64371,422,72760,0
128,231,112662,0,128,231,350,0,64395,358,65139,0
128,287,1103550,0,128,287,350,0,64410,384,68317,0
128,288,1379162,0,128,288,350,0,64411,373,67008,0
128,324,632022,0,128,324,350,0,64437,419,72380,0
128,341,214710,0,128,341,350,0,64451,404,70664,0
128,342,776706,0,128,342,350,0,64452,395,69627,0
128,351,1088194,0,128,351,350,0,64458,364,66128,0
128,354,110530,0,128,354,350,0,64461,368,65571,0
128,355,287750,0,128,355,350,0,64462,367,65570,0
128,388,72738,0,128,388,350,0,64472,377,67637,0
364,63,308858,0,364,63,351,0,64503,361,65750,0
364,69,329512,0,364,69,351,0,64507,421,72731,0
364,85,418974,0,364,85,351,0,64518,362,65874,0
364,127,1088194,0,364,127,351,0,64535,363,66051,0
364,130,969838,0,364,130,351,0,64537,376,67567,0
364,231,53774,0,364,231,351,0,64552,358,65230,0
364,238,319658,0,364,238,351,0,64557,411,71501,0
364,249,1030352,0,364,249,351,0,64565,359,65378,0
364,285,344742,0,364,285,351,0,64581,360,65567,0
364,287,65046,0,364,287,351,0,64582,384,68432,0
364,288,69514,0,364,288,351,0,64583,373,67123,0
364,351,1139184,0,364,351,351,0,64593,364,66186,0
364,352,171852,0,364,352,351,0,64594,366,66188,0
364,378,1956472,0,364,378,351,0,64605,390,66208,0
364,379,2613544,0,364,379,351,0,64606,389,66207,0
364,380,1861612,0,364,380,351,0,64607,392,66210,0
364,381,3606376,0,364,381,351,0,64608,391,66209,0
364,389,1976968,0,364,389,351,0,64614,379,66199,0
364,390,572268,0,364,390,351,0,64615,378,66198,0
364,391,3347168,0,364,391,351,0,64616,381,66201,0
364,392,2219308,0,364,392,351,0,64617,380,66200,0
364,401,729636,0,364,401,351,0,64624,409,66223,0
364,410,1536424,0,364,410,351,0,64631,400,66216,0
269,352,514688,0,269,352,372,0,64648,366,66367,0
366,129,50014,0,366,129,352,0,64663,387,68877,0
43,355,351184,0,43,355,374,0,64678,367,66419,0
109,352,514688,0,109,352,375,0,64686,366,66329,0
366,287,120976,0,366,287,352,0,64701,384,68433,0
