285,66,540932,0,285,66,360,0,27940,233,46173,0
292,157,130188,0,292,157,133,0,27943,264,51058,0
292,167,475040,0,292,167,133,0,27950,188,38285,0
292,174,262224,0,292,174,133,0,27951,422,72793,0
292,177,325848,0,292,177,133,0,27953,230,45769,0
292,188,76528,0,292,188,133,0,27962,167,34469,0
292,193,213934,0,292,193,133,0,27963,407,71110,0
292,194,533924,0,292,194,133,0,27964,398,70073,0
292,221,788438,0,292,221,133,0,27968,293,55625,0
292,228,417300,0,292,228,133,0,27974,135,28255,0
292,230,135546,0,292,230,133,0,27976,177,35884,0
292,231,41322,0,292,231,133,0,27977,358,65201,0
292,310,316478,0,292,310,133,0,27980,200,40001,0
292,326,204666,0,292,326,133,0,27987,201,40247,0
292,327,765146,0,292,327,133,0,27988,222,44001,0
175,126,43660,0,175,126,415,0,27989,186,37912,0
287,416,85540,0,287,416,384,0,27997,196,38006,0
288,416,720632,0,288,416,373,0,27998,196,38015,0
292,411,469156,0,292,411,133,0,28000,238,45287,0
292,412,489002,0,292,412,133,0,28001,325,59192,0
292,415,1471932,0,292,415,133,0,28004,175,34147,0
292,416,1163636,0,292,416,133,0,28005,196,38043,0
292,417,748798,0,292,417,133,0,28006,424,55480,0
291,48,27848,0,291,48,134,0,28007,203,40824,0
291,52,83888,0,291,52,134,0,28009,280,53701,0
291,60,50268,0,291,60,134,0,28013,142,29962,0
291,62,76840,0,291,62,134,0,28015,183,37363,0
286,65,540932,0,286,65,347,0,28016,234,46293,0
291,64,660886,0,291,64,134,0,28017,348,64129,0
291,157,130188,0,291,157,134,0,28020,264,51057,0
291,167,475040,0,291,167,134,0,28027,188,38284,0
291,175,262224,0,291,175,134,0,28028,415,71952,0
291,177,325848,0,291,177,134,0,28030,230,45768,0
291,188,76528,0,291,188,134,0,28039,167,34468,0
291,193,521910,0,291,193,134,0,28040,407,71109,0
291,194,201920,0,291,194,134,0,28041,398,70072,0
291,221,788438,0,291,221,134,0,28045,293,55624,0
291,228,417300,0,291,228,134,0,28051,135,28254,0
291,230,135546,0,291,230,134,0,28053,177,35883,0
291,232,41322,0,291,232,134,0,28055,345,63608,0
291,310,316478,0,291,310,134,0,28057,200,40000,0
291,326,204666,0,291,326,134,0,28064,201,40246,0
291,327,765146,0,291,327,134,0,28065,222,44000,0
174,126,43660,0,174,126,422,0,28066,186,37911,0
287,423,725358,0,287,423,384,0,28074,195,38005,0
288,423,80814,0,288,423,373,0,28075,195,38014,0
291,418,481170,0,291,418,134,0,28077,237,45280,0
291,419,489002,0,291,419,134,0,28078,324,59186,0
291,422,1471932,0,291,422,134,0,28081,174,34141,0
291,423,1141436,0,291,423,134,0,28082,195,38037,0
291,424,748798,0,291,424,134,0,28083,417,55408,0
228,27,294112,0,228,27,135,0,28086,242,47389,0
222,32,561152,0,222,32,327,0,28090,331,58659,0
222,38,1134318,0,222,38,327,0,28095,161,33212,0
228,44,383540,0,228,44,135,0,28100,405,70824,0
228,45,383540,0,228,45,135,0,28101,396,69787,0
228,50,400244,0,228,50,135,0,28106,225,44509,0
222,53,1101202,0,222,53,327,0,28111,296,56123,0
228,67,382762,0,228,67,135,0,28121,236,44656,0
228,68,382762,0,228,68,135,0,28122,235,44648,0
228,71,483070,0,228,71,135,0,28125,204,40781,0
228,84,230300,0,228,84,135,0,28131,184,37322,0
228,89,1015514,0,228,89,135,0,28136,254,44843,0
228,90,1015514,0,228,90,135,0,28137,253,44835,0
