229,360,1293574,0,229,360,54,0,12966,285,54388,0
229,362,454260,0,229,362,54,0,12967,85,18966,0
229,364,613960,0,229,364,54,0,12969,351,59631,0
229,366,1893462,0,229,366,54,0,12970,352,59597,0
229,367,821626,0,229,367,54,0,12971,355,59599,0
229,373,222556,0,229,373,54,0,12977,288,53727,0
229,375,961036,0,229,375,54,0,12979,109,22193,0
130,76,739262,0,130,76,376,0,12980,247,26292,0
229,377,1379546,0,229,377,54,0,12981,388,45611,0
229,378,1129652,0,229,378,54,0,12982,390,45613,0
229,379,2691532,0,229,379,54,0,12983,389,45612,0
229,380,478582,0,229,380,54,0,12984,392,69252,0
229,384,223402,0,229,384,54,0,12987,287,53726,0
229,386,955628,0,229,386,54,0,12989,108,22192,0
129,76,740108,0,129,76,387,0,12990,247,26291,0
229,388,1369974,0,229,388,54,0,12991,377,45601,0
229,389,2701104,0,229,389,54,0,12992,379,45603,0
229,390,1139224,0,229,390,54,0,12993,378,45602,0
229,392,488802,0,229,392,54,0,12994,380,67891,0
229,393,493378,0,229,393,54,0,12995,215,40853,0
229,394,1419094,0,229,394,54,0,12996,307,56211,0
229,395,305606,0,229,395,54,0,12997,342,59428,0
153,327,571010,0,153,327,397,0,12999,222,29976,0
229,399,1601440,0,229,399,54,0,13001,408,45627,0
229,402,493378,0,229,402,54,0,13003,214,40852,0
229,403,1419094,0,229,403,54,0,13004,306,56210,0
229,404,305606,0,229,404,54,0,13005,341,59427,0
152,327,571010,0,152,327,406,0,13007,222,29975,0
229,408,1601440,0,229,408,54,0,13009,399,45620,0
229,413,701940,0,229,413,54,0,13013,344,63441,0
229,416,336744,0,229,416,54,0,13014,196,39122,0
229,417,329328,0,229,417,54,0,13015,424,73000,0
229,420,701940,0,229,420,54,0,13018,343,63376,0
229,423,336744,0,229,423,54,0,13019,195,39057,0
229,424,329328,0,229,424,54,0,13020,417,72159,0
332,34,298776,0,332,34,55,0,13028,78,17910,0
100,187,532112,0,100,187,58,0,13029,147,21952,0
332,36,275558,0,332,36,55,0,13030,120,26011,0
142,176,119600,0,142,176,60,0,13031,209,29720,0
332,44,771296,0,332,44,55,0,13037,405,70878,0
332,45,771296,0,332,45,55,0,13038,396,69841,0
332,46,132898,0,332,46,55,0,13039,217,42930,0
332,47,132898,0,332,47,55,0,13040,216,42855,0
332,51,410672,0,332,51,55,0,13044,260,50311,0
72,178,1676132,0,72,178,243,0,13049,248,18189,0
332,63,425284,0,332,63,55,0,13054,361,65737,0
332,64,425284,0,332,64,55,0,13055,348,64144,0
234,177,327492,0,234,177,65,0,13056,230,45733,0
233,177,327492,0,233,177,66,0,13057,230,45732,0
332,67,76476,0,332,67,55,0,13058,236,46481,0
332,68,76476,0,332,68,55,0,13059,235,46397,0
332,74,30764,0,332,74,55,0,13065,245,48026,0
332,75,203066,0,332,75,55,0,13066,297,56414,0
332,80,444140,0,332,80,55,0,13069,101,22401,0
332,81,845924,0,332,81,55,0,13070,122,26450,0
332,93,364168,0,332,93,55,0,13079,226,44972,0
332,110,146000,0,332,110,55,0,13091,271,52018,0
332,111,146000,0,332,111,55,0,13092,270,51927,0
328,118,561152,0,328,118,241,0,13102,315,14186,0
328,115,1134318,0,328,115,241,0,13106,227,34065,0
332,127,365662,0,332,127,55,0,13107,363,66036,0
332,128,365662,0,332,128,55,0,13108,350,64443,0
332,133,325848,0,332,133,55,0,13113,292,55466,0
332,134,325848,0,332,134,55,0,13114,291,55394,0
