184,54,1134534,0,184,54,84,0,17312,229,43964,0
184,165,46322,0,184,165,84,0,17317,125,25659,0
184,167,587634,0,184,167,84,0,17318,188,36838,0
184,168,1688814,0,184,168,84,0,17319,319,38314,0
184,169,1688814,0,184,169,84,0,17320,318,38303,0
184,170,634584,0,184,170,84,0,17321,321,37584,0
184,171,636190,0,184,171,84,0,17322,320,37583,0
184,172,933604,0,184,172,84,0,17323,323,44841,0
184,173,933604,0,184,173,84,0,17324,322,44833,0
184,174,427358,0,184,174,84,0,17325,422,49498,0
184,175,427358,0,184,175,84,0,17326,415,49425,0
247,346,29748,0,247,346,76,0,17328,250,48441,0
247,347,493726,0,247,347,76,0,17329,286,54402,0
247,350,493726,0,247,350,76,0,17331,128,26985,0
247,353,146280,0,247,353,76,0,17334,365,59749,0
247,354,591718,0,247,354,76,0,17335,368,59751,0
247,359,29748,0,247,359,76,0,17339,249,48430,0
247,360,493726,0,247,360,76,0,17340,285,54389,0
247,363,493726,0,247,363,76,0,17342,127,26972,0
247,365,152218,0,247,365,76,0,17344,353,59609,0
247,368,591718,0,247,368,76,0,17346,354,59610,0
247,373,833118,0,247,373,76,0,17351,288,45553,0
247,375,191838,0,247,375,76,0,17353,109,22392,0
247,377,921462,0,247,377,76,0,17355,388,48465,0
247,379,390004,0,247,379,76,0,17357,389,48466,0
247,384,828760,0,247,384,76,0,17361,287,45552,0
247,386,191838,0,247,386,76,0,17363,108,22391,0
247,388,929794,0,247,388,76,0,17365,377,48455,0
247,389,404130,0,247,389,76,0,17366,379,48457,0
247,393,18962,0,247,393,76,0,17369,215,41088,0
247,394,1533120,0,247,394,76,0,17370,307,56407,0
247,397,2214998,0,247,397,76,0,17373,153,30153,0
194,50,929714,0,194,50,398,0,17374,225,37586,0
247,399,193564,0,247,399,76,0,17375,408,48484,0
247,400,1067546,0,247,400,76,0,17376,410,49386,0
247,402,18962,0,247,402,76,0,17378,214,41087,0
247,403,1533120,0,247,403,76,0,17379,306,56406,0
247,406,2214998,0,247,406,76,0,17382,152,30152,0
193,50,929714,0,193,50,407,0,17383,225,37585,0
247,408,193564,0,247,408,76,0,17384,399,48475,0
247,410,1067546,0,247,410,76,0,17386,400,49285,0
247,412,738556,0,247,412,76,0,17388,325,48496,0
247,413,484668,0,247,413,76,0,17389,344,62060,0
247,416,484668,0,247,416,76,0,17391,196,37657,0
247,417,1280274,0,247,417,76,0,17392,424,49532,0
247,419,738556,0,247,419,76,0,17394,324,48490,0
247,420,484668,0,247,420,76,0,17395,343,62054,0
247,423,484668,0,247,423,76,0,17397,195,37651,0
247,424,1280274,0,247,424,76,0,17398,417,49459,0
333,32,176170,0,333,32,77,0,17405,331,61589,0
60,124,54708,0,60,124,142,0,17407,145,17911,0
101,187,395252,0,101,187,80,0,17408,147,21953,0
333,44,656032,0,333,44,77,0,17416,405,70879,0
333,45,656032,0,333,45,77,0,17417,396,69842,0
333,46,1069394,0,333,46,77,0,17418,217,42931,0
333,47,1069394,0,333,47,77,0,17419,216,42856,0
167,71,171086,0,167,71,188,0,17420,204,39975,0
167,50,266054,0,167,50,188,0,17421,225,25385,0
167,80,2098822,0,167,80,188,0,17428,101,21349,0
159,178,798002,0,159,178,316,0,17431,248,32745,0
167,91,185676,0,167,91,188,0,17438,256,49481,0
167,92,185676,0,167,92,188,0,17439,255,49408,0
333,72,181112,0,333,72,77,0,17441,243,47666,0
333,75,87620,0,333,75,77,0,17444,297,56415,0
