53,128,147852,0,53,128,296,0,56094,350,64336,0
53,129,282552,0,53,129,296,0,56095,387,68750,0
53,130,282552,0,53,130,296,0,56096,376,67441,0
53,214,324446,0,53,214,296,0,56116,402,70335,0
53,215,324446,0,53,215,296,0,56117,393,69298,0
53,237,129074,0,53,237,296,0,56138,418,72215,0
53,238,129074,0,53,238,296,0,56139,411,71374,0
53,268,21926,0,53,268,296,0,56162,383,68152,0
53,269,21926,0,53,269,296,0,56163,372,66843,0
53,278,138734,0,53,278,296,0,56170,330,61291,0
53,287,825908,0,53,287,296,0,56179,384,68294,0
53,288,825908,0,53,288,296,0,56180,373,66985,0
53,306,108230,0,53,306,296,0,56196,403,70492,0
53,307,108230,0,53,307,296,0,56197,394,69455,0
53,341,181064,0,53,341,296,0,56226,404,70622,0
53,342,181064,0,53,342,296,0,56227,395,69585,0
53,355,1270462,0,53,355,296,0,56238,367,65246,0
53,356,785642,0,53,356,296,0,56239,370,66607,0
53,357,875146,0,53,357,296,0,56240,369,66551,0
53,367,1270462,0,53,367,296,0,56248,355,63658,0
53,369,875146,0,53,369,296,0,56250,357,65014,0
53,370,785642,0,53,370,296,0,56251,356,64958,0
53,417,390940,0,53,417,296,0,56291,424,72956,0
53,424,390940,0,53,424,296,0,56297,417,72115,0
75,42,188706,0,75,42,297,0,56309,385,68462,0
75,43,188706,0,75,43,297,0,56310,374,67153,0
75,181,24692,0,75,181,297,0,56319,336,62503,0
75,195,20640,0,75,195,297,0,56330,423,72844,0
75,196,20640,0,75,196,297,0,56331,416,72003,0
75,212,188706,0,75,212,297,0,56343,382,68006,0
75,213,188706,0,75,213,297,0,56344,371,66697,0
75,278,237424,0,75,278,297,0,56366,330,60880,0
75,343,20640,0,75,343,297,0,56425,420,72477,0
75,344,20640,0,75,344,297,0,56426,413,71636,0
75,357,5360,0,75,357,297,0,56437,369,65313,0
75,369,5360,0,75,369,297,0,56447,357,63721,0
75,395,1472734,0,75,395,297,0,56472,342,61040,0
75,404,1472734,0,75,404,297,0,56480,341,61032,0
117,42,235250,0,117,42,298,0,56511,385,68476,0
117,43,235250,0,117,43,298,0,56512,374,67167,0
117,69,463686,0,117,69,298,0,56532,421,72607,0
117,70,463686,0,117,70,298,0,56533,414,71766,0
117,159,65782,0,117,159,298,0,56536,316,59225,0
117,170,296196,0,117,170,298,0,56542,321,59961,0
117,171,296196,0,117,171,298,0,56543,320,59855,0
117,174,345448,0,117,174,298,0,56546,422,72753,0
117,175,345448,0,117,175,298,0,56547,415,71912,0
117,231,656032,0,117,231,298,0,56557,358,65130,0
117,232,656032,0,117,232,298,0,56558,345,63537,0
117,287,933002,0,117,287,298,0,56576,384,68307,0
117,288,933002,0,117,288,298,0,56577,373,66998,0
117,341,42190,0,117,341,298,0,56625,404,70654,0
117,342,42190,0,117,342,298,0,56626,395,69617,0
117,355,1216284,0,117,355,298,0,56638,367,65585,0
117,357,156994,0,117,357,298,0,56639,369,65474,0
117,367,1216284,0,117,367,298,0,56648,355,63997,0
117,369,156994,0,117,369,298,0,56650,357,63881,0
117,377,148482,0,117,377,298,0,56656,388,68937,0
117,381,189008,0,117,381,298,0,56659,391,68333,0
117,388,148482,0,117,388,298,0,56665,377,67628,0
117,391,189008,0,117,391,298,0,56667,381,67025,0
117,395,924316,0,117,395,298,0,56670,342,61433,0
117,404,924316,0,117,404,298,0,56678,341,61425,0
138,69,242906,0,138,69,299,0,56713,421,72619,0
