56,311,265306,0,56,311,33,0,8627,258,49595,0
56,312,1503636,0,56,312,33,0,8628,277,52514,0
56,314,426098,0,56,314,33,0,8630,97,20221,0
56,316,620066,0,56,316,33,0,8632,159,12827,0
56,318,1521956,0,56,318,33,0,8633,169,12870,0
56,319,1521956,0,56,319,33,0,8634,168,12871,0
56,322,800924,0,56,322,33,0,8637,173,13006,0
56,323,800924,0,56,323,33,0,8638,172,12998,0
56,324,46756,0,56,324,33,0,8639,419,72265,0
56,325,46756,0,56,325,33,0,8640,412,71424,0
56,339,38188,0,56,339,33,0,8652,192,35950,0
56,340,38188,0,56,340,33,0,8653,191,35940,0
56,351,428358,0,56,351,33,0,8663,364,13538,0
56,353,128168,0,56,353,33,0,8664,365,15207,0
56,354,1447894,0,56,354,33,0,8665,368,15540,0
56,356,786276,0,56,356,33,0,8667,370,13540,0
56,357,561624,0,56,357,33,0,8668,369,13539,0
56,364,448334,0,56,364,33,0,8674,351,13548,0
56,365,123404,0,56,365,33,0,8675,353,15332,0
56,368,1452214,0,56,368,33,0,8677,354,15451,0
56,369,568180,0,56,369,33,0,8678,357,13550,0
56,370,779720,0,56,370,33,0,8679,356,13549,0
56,371,1220684,0,56,371,33,0,8680,213,39387,0
56,372,825864,0,56,372,33,0,8681,269,49740,0
56,375,806880,0,56,375,33,0,8684,109,20338,0
56,377,983876,0,56,377,33,0,8686,388,15367,0
56,380,602900,0,56,380,33,0,8689,392,15334,0
56,381,216000,0,56,381,33,0,8690,391,15333,0
56,382,1220684,0,56,382,33,0,8691,212,39376,0
56,383,825864,0,56,383,33,0,8692,268,49729,0
56,386,806880,0,56,386,33,0,8695,108,20327,0
56,388,983876,0,56,388,33,0,8697,377,15242,0
56,391,216000,0,56,391,33,0,8700,381,15209,0
56,392,602900,0,56,392,33,0,8701,380,15208,0
56,393,1598400,0,56,393,33,0,8702,215,39406,0
56,394,771826,0,56,394,33,0,8703,307,55691,0
56,395,223426,0,56,395,33,0,8704,342,60809,0
56,397,555938,0,56,397,33,0,8706,153,28325,0
56,398,278924,0,56,398,33,0,8707,194,35968,0
56,399,524494,0,56,399,33,0,8708,408,15569,0
56,402,1598400,0,56,402,33,0,8710,214,39398,0
56,403,771826,0,56,403,33,0,8711,306,55684,0
56,404,223426,0,56,404,33,0,8712,341,60801,0
56,406,555938,0,56,406,33,0,8714,152,28318,0
56,407,278924,0,56,407,33,0,8715,193,35960,0
56,408,524494,0,56,408,33,0,8716,399,15479,0
56,412,33320,0,56,412,33,0,8718,325,14523,0
56,414,337386,0,56,414,33,0,8720,70,11441,0
56,416,893568,0,56,416,33,0,8722,196,35832,0
56,419,33320,0,56,419,33,0,8724,324,14522,0
56,421,337386,0,56,421,33,0,8726,69,11440,0
56,423,893568,0,56,423,33,0,8728,195,35831,0
78,25,9800,0,78,25,34,0,8730,202,40372,0
78,30,280528,0,78,30,34,0,8732,207,41470,0
78,36,53880,0,78,36,34,0,8737,120,25825,0
78,37,118382,0,78,37,34,0,8738,141,29602,0
78,42,292504,0,78,42,34,0,8743,385,68465,0
78,43,292504,0,78,43,34,0,8744,374,67156,0
78,135,401154,0,78,135,34,0,8749,228,45171,0
78,138,702080,0,78,138,34,0,8751,299,56583,0
73,117,1172792,0,73,117,244,0,8753,298,9327,0
78,146,472686,0,78,146,34,0,8755,166,34045,0
78,147,285018,0,78,147,34,0,8756,187,21546,0
78,150,1385548,0,78,150,34,0,8759,305,55820,0
