164,96,4883816,0,164,96,104,0,21114,263,33764,0
60,104,472686,0,60,104,142,0,21115,164,33752,0
164,144,2656282,0,164,144,104,0,21117,103,21361,0
164,145,472686,0,164,145,104,0,21118,124,25368,0
164,146,473444,0,164,146,104,0,21119,166,32758,0
164,147,3378030,0,164,147,104,0,21120,187,33003,0
164,150,2214998,0,164,150,104,0,21123,305,34291,0
164,151,2214998,0,164,151,104,0,21124,304,34281,0
164,154,1646336,0,164,154,104,0,21127,309,33812,0
164,155,1646336,0,164,155,104,0,21128,308,33813,0
185,145,497454,0,185,145,105,0,21135,124,25674,0
185,150,1050696,0,185,150,105,0,21139,305,38180,0
185,151,1050696,0,185,151,105,0,21140,304,38171,0
185,154,739262,0,185,154,105,0,21143,309,41348,0
185,155,739262,0,185,155,105,0,21144,308,41341,0
263,345,18962,0,263,345,96,0,21145,232,44945,0
263,346,1533120,0,263,346,96,0,21146,250,47820,0
263,347,372924,0,263,347,96,0,21147,286,41676,0
263,351,822534,0,263,351,96,0,21151,364,50910,0
263,352,621372,0,263,352,96,0,21152,366,57464,0
263,357,1808470,0,263,357,96,0,21156,369,50914,0
263,358,18962,0,263,358,96,0,21157,231,44944,0
263,359,1533120,0,263,359,96,0,21158,249,47819,0
263,360,372924,0,263,360,96,0,21159,285,41675,0
263,364,822534,0,263,364,96,0,21163,351,50898,0
263,366,621372,0,263,366,96,0,21165,352,57321,0
263,369,1808470,0,263,369,96,0,21167,357,50903,0
263,372,738556,0,263,372,96,0,21170,269,50928,0
263,373,484668,0,263,373,96,0,21171,288,54243,0
263,376,484668,0,263,376,96,0,21173,130,26826,0
263,377,444584,0,263,377,96,0,21174,388,57690,0
263,380,918874,0,263,380,96,0,21177,392,57670,0
263,383,738556,0,263,383,96,0,21179,268,50919,0
263,384,484668,0,263,384,96,0,21180,287,54232,0
263,387,484668,0,263,387,96,0,21182,129,26815,0
263,388,444584,0,263,388,96,0,21183,377,57573,0
263,392,918874,0,263,392,96,0,21186,380,57553,0
263,394,29748,0,263,394,96,0,21188,307,50945,0
263,395,493726,0,263,395,96,0,21189,342,62209,0
263,398,493726,0,263,398,96,0,21191,194,37836,0
263,400,938780,0,263,400,96,0,21193,410,52012,0
263,403,29748,0,263,403,96,0,21196,306,50937,0
263,404,493726,0,263,404,96,0,21197,341,62201,0
263,407,493726,0,263,407,96,0,21199,193,37828,0
263,410,938780,0,263,410,96,0,21202,400,51920,0
263,415,191838,0,263,415,96,0,21207,175,33817,0
196,28,906712,0,196,28,416,0,21208,205,37766,0
263,422,191838,0,263,422,96,0,21214,174,33816,0
195,28,906712,0,195,28,423,0,21215,205,37765,0
314,25,24692,0,314,25,97,0,21217,202,40547,0
314,28,33596,0,314,28,97,0,21220,205,41260,0
314,29,654410,0,314,29,97,0,21221,279,53488,0
314,31,87620,0,314,31,97,0,21222,313,58717,0
104,310,788752,0,104,310,164,0,21224,200,21937,0
314,39,203066,0,314,39,97,0,21226,182,37135,0
314,44,20640,0,314,44,97,0,21231,405,70867,0
314,45,20640,0,314,45,97,0,21232,396,69830,0
314,115,188140,0,314,115,97,0,21255,227,45189,0
104,312,925334,0,104,312,164,0,21261,277,22589,0
314,127,188706,0,314,127,97,0,21263,363,66022,0
314,128,188706,0,314,128,97,0,21264,350,64429,0
314,133,130188,0,314,133,97,0,21269,292,55456,0
314,134,130188,0,314,134,97,0,21270,291,55384,0
144,159,147712,0,144,159,103,0,21280,316,30740,0
