422,219,298300,0,422,219,174,0,35286,257,49771,0
422,222,374594,0,422,222,174,0,35289,327,60823,0
422,230,157274,0,422,230,174,0,35295,177,35982,0
422,326,53524,0,422,326,174,0,35299,201,40345,0
422,328,206452,0,422,328,174,0,35301,241,47312,0
422,329,290694,0,422,329,174,0,35302,259,50175,0
422,336,185018,0,422,336,174,0,35308,181,36978,0
422,342,556640,0,422,342,174,0,35310,395,69710,0
422,411,885802,0,422,411,174,0,35312,238,46628,0
325,174,1319206,0,325,174,412,0,35313,422,60345,0
422,413,394172,0,422,413,174,0,35314,344,63470,0
422,416,816922,0,422,416,174,0,35316,196,39138,0
422,417,519854,0,422,417,174,0,35317,424,73030,0
415,49,219470,0,415,49,175,0,35319,224,44663,0
415,51,298300,0,415,51,175,0,35320,260,50384,0
415,52,132644,0,415,52,175,0,35321,280,53810,0
415,55,157274,0,415,55,175,0,35324,332,61876,0
415,62,374594,0,415,62,175,0,35328,183,37440,0
415,70,160276,0,415,70,175,0,35331,414,71895,0
415,156,826750,0,415,156,175,0,35332,208,41934,0
415,159,1037932,0,415,159,175,0,35335,316,59364,0
415,177,251128,0,415,177,175,0,35343,230,45850,0
415,178,206452,0,415,178,175,0,35344,248,48704,0
415,179,290694,0,415,179,175,0,35345,265,51370,0
415,181,185018,0,415,181,175,0,35347,336,62712,0
324,395,261996,0,324,395,419,0,35352,342,59532,0
415,219,298300,0,415,219,175,0,35355,257,49765,0
415,222,374594,0,415,222,175,0,35358,327,60817,0
415,230,157274,0,415,230,175,0,35364,177,35976,0
415,326,53524,0,415,326,175,0,35368,201,40339,0
415,328,206452,0,415,328,175,0,35370,241,47306,0
415,329,290694,0,415,329,175,0,35371,259,50169,0
415,336,185018,0,415,336,175,0,35377,181,36972,0
415,341,556640,0,415,341,175,0,35378,404,70743,0
415,418,893512,0,415,418,175,0,35381,237,46563,0
324,175,1319206,0,324,175,419,0,35382,415,60276,0
415,420,394172,0,415,420,175,0,35383,343,63405,0
415,423,837052,0,415,423,175,0,35385,195,39073,0
415,424,519854,0,415,424,175,0,35386,417,72189,0
209,44,179918,0,209,44,176,0,35404,405,70811,0
209,45,179918,0,209,45,176,0,35405,396,69774,0
209,46,300178,0,209,46,176,0,35406,217,40645,0
209,47,300178,0,209,47,176,0,35407,216,40638,0
200,55,255930,0,200,55,310,0,35413,332,56111,0
209,54,470308,0,209,54,176,0,35414,229,45518,0
209,67,65406,0,209,67,176,0,35427,236,46465,0
209,68,65406,0,209,68,176,0,35428,235,46381,0
209,76,444140,0,209,76,176,0,35436,247,48359,0
209,77,147000,0,209,77,176,0,35437,333,61910,0
209,84,442548,0,209,84,176,0,35443,184,37507,0
209,85,143742,0,209,85,176,0,35444,362,65817,0
209,86,143742,0,209,86,176,0,35445,349,64224,0
209,93,722786,0,209,93,176,0,35452,226,44234,0
209,97,334050,0,209,97,176,0,35454,314,58688,0
209,105,1342630,0,209,105,176,0,35459,185,37106,0
209,110,465980,0,209,110,176,0,35464,271,52000,0
209,111,465980,0,209,111,176,0,35465,270,51909,0
209,112,222556,0,209,112,176,0,35466,273,41351,0
209,113,222556,0,209,113,176,0,35467,272,41344,0
209,127,106378,0,209,127,176,0,35479,363,65973,0
209,128,106378,0,209,128,176,0,35480,350,64380,0
209,131,193666,0,209,131,176,0,35483,290,55289,0
209,132,193666,0,209,132,176,0,35484,289,55197,0
209,157,203066,0,209,157,176,0,35488,264,51019,0
