77,181,266054,0,77,181,333,0,11411,336,19135,0
224,201,34626,0,224,201,49,0,11428,326,60427,0
72,49,2299566,0,72,49,243,0,11448,224,16142,0
79,58,54616,0,79,58,57,0,11449,100,16426,0
79,60,400244,0,79,60,57,0,11451,142,28476,0
76,49,196474,0,76,49,247,0,11452,224,17254,0
79,62,1134534,0,79,62,57,0,11453,183,17220,0
79,65,670036,0,79,65,57,0,11456,234,18117,0
79,66,670036,0,79,66,57,0,11457,233,18116,0
79,67,746912,0,79,67,57,0,11458,236,18119,0
79,68,746912,0,79,68,57,0,11459,235,18118,0
79,69,1607800,0,79,69,57,0,11460,421,20088,0
79,70,1607800,0,79,70,57,0,11461,414,20008,0
100,50,916014,0,100,50,58,0,11466,225,20796,0
224,264,24692,0,224,264,49,0,11468,157,32268,0
224,265,54092,0,224,265,49,0,11469,179,36294,0
224,272,104710,0,224,272,49,0,11476,113,24090,0
224,273,104710,0,224,273,49,0,11477,112,24014,0
162,81,186318,0,162,81,61,0,11487,122,24710,0
224,287,129630,0,224,287,49,0,11491,384,68386,0
224,288,129630,0,224,288,49,0,11492,373,67077,0
224,293,9800,0,224,293,49,0,11497,221,43718,0
162,51,40030,0,162,51,61,0,11514,260,49842,0
162,58,304402,0,162,58,61,0,11517,100,21329,0
159,49,1351464,0,159,49,316,0,11519,224,32725,0
162,65,264984,0,162,65,61,0,11523,234,33422,0
162,66,264984,0,162,66,61,0,11524,233,33421,0
162,67,601288,0,162,67,61,0,11525,236,33424,0
162,68,601288,0,162,68,61,0,11526,235,33423,0
162,84,1374560,0,162,84,61,0,11531,184,32969,0
224,341,293708,0,224,341,49,0,11544,404,70700,0
224,342,293708,0,224,342,49,0,11545,395,69663,0
224,343,113798,0,224,343,49,0,11546,420,72543,0
224,344,113798,0,224,344,49,0,11547,413,71702,0
224,346,185018,0,224,346,49,0,11549,250,48875,0
224,349,185018,0,224,349,49,0,11551,86,19440,0
224,351,3746,0,224,351,49,0,11553,364,66139,0
224,354,161854,0,224,354,49,0,11555,368,65684,0
224,355,291618,0,224,355,49,0,11556,367,65683,0
224,357,293654,0,224,357,49,0,11558,369,66585,0
224,359,185018,0,224,359,49,0,11560,249,48750,0
224,362,185018,0,224,362,49,0,11562,85,19315,0
224,364,3746,0,224,364,49,0,11564,351,64546,0
224,367,291618,0,224,367,49,0,11566,355,64091,0
224,368,161854,0,224,368,49,0,11567,354,64090,0
224,369,293654,0,224,369,49,0,11568,357,65048,0
224,372,621864,0,224,372,49,0,11571,269,50258,0
224,373,300178,0,224,373,49,0,11572,288,53666,0
224,375,753626,0,224,375,49,0,11574,109,22130,0
224,376,193532,0,224,376,49,0,11575,130,26217,0
224,380,926136,0,224,380,49,0,11579,392,69249,0
224,383,621864,0,224,383,49,0,11582,268,50257,0
224,384,300178,0,224,384,49,0,11583,287,53665,0
224,386,753626,0,224,386,49,0,11585,108,22129,0
224,387,193532,0,224,387,49,0,11586,129,26216,0
224,392,926136,0,224,392,49,0,11591,380,67888,0
224,394,295456,0,224,394,49,0,11593,307,56137,0
224,395,340976,0,224,395,49,0,11594,342,61764,0
224,397,382762,0,224,397,49,0,11596,153,29914,0
224,398,412050,0,224,398,49,0,11597,194,37314,0
224,399,1033434,0,224,399,49,0,11598,408,44658,0
224,403,295456,0,224,403,49,0,11601,306,56136,0
224,404,340976,0,224,404,49,0,11602,341,61763,0
224,406,382762,0,224,406,49,0,11604,152,29913,0
