202,61,188268,0,202,61,25,0,5981,162,33394,0
202,71,9800,0,202,71,25,0,5991,204,40999,0
202,83,135086,0,202,83,25,0,6003,163,33588,0
202,94,1351464,0,202,94,25,0,6014,261,25965,0
202,96,196474,0,202,96,25,0,6016,263,40500,0
202,97,304402,0,202,97,25,0,6017,314,58639,0
78,114,332610,0,78,114,34,0,6020,206,17793,0
202,104,40030,0,202,104,25,0,6023,164,33196,0
202,106,601288,0,202,106,25,0,6025,267,40504,0
202,107,601288,0,202,107,25,0,6026,266,40503,0
202,112,264984,0,202,112,25,0,6031,273,40510,0
202,113,264984,0,202,113,25,0,6032,272,40509,0
98,180,266054,0,98,180,334,0,6036,284,22523,0
202,124,31348,0,202,124,25,0,6043,145,30508,0
202,136,400244,0,202,136,25,0,6055,246,47372,0
182,32,2299566,0,182,32,39,0,6057,331,40534,0
202,139,54616,0,202,139,25,0,6058,300,56925,0
202,142,134790,0,202,142,25,0,6060,60,13408,0
120,96,1134534,0,120,96,36,0,6063,263,25899,0
161,326,483530,0,161,326,38,0,6064,201,33198,0
202,148,746912,0,202,148,25,0,6066,303,40537,0
202,149,746912,0,202,149,25,0,6067,302,40536,0
202,150,1607800,0,202,150,25,0,6068,305,57651,0
202,151,1607800,0,202,151,25,0,6069,304,57534,0
202,154,670036,0,202,154,25,0,6072,309,40543,0
202,155,670036,0,202,155,25,0,6073,308,40542,0
202,157,24692,0,202,157,25,0,6075,264,51013,0
202,160,16912,0,202,160,25,0,6078,317,59403,0
202,161,1135826,0,202,161,25,0,6079,38,9706,0
202,163,135086,0,202,163,25,0,6081,83,18921,0
202,165,54092,0,202,165,25,0,6083,125,26910,0
141,156,916014,0,141,156,37,0,6085,208,29704,0
202,170,104710,0,202,170,25,0,6088,321,59975,0
202,171,104710,0,202,171,25,0,6089,320,59869,0
202,183,10800,0,202,183,25,0,6101,62,14744,0
160,25,916014,0,160,25,317,0,6106,202,34395,0
202,193,8324,0,202,193,25,0,6111,407,71057,0
202,194,8324,0,202,194,25,0,6112,398,70020,0
202,195,188234,0,202,195,25,0,6113,423,72868,0
202,196,188234,0,202,196,25,0,6114,416,72027,0
202,220,34626,0,202,220,25,0,6117,275,52547,0
202,229,114340,0,202,229,25,0,6126,54,12862,0
202,231,337386,0,202,231,25,0,6128,358,13535,0
202,232,337386,0,202,232,25,0,6129,345,13545,0
202,233,10350,0,202,233,25,0,6130,66,15325,0
202,234,10350,0,202,234,25,0,6131,65,15200,0
78,123,425052,0,78,123,34,0,6139,102,6817,0
78,29,17288,0,78,29,34,0,6141,279,16408,0
94,25,1351464,0,94,25,261,0,6158,202,20493,0
96,25,196474,0,96,25,263,0,6160,202,21051,0
99,38,309214,0,99,38,35,0,6161,161,32251,0
99,40,601288,0,99,40,35,0,6163,211,21876,0
99,41,601288,0,99,41,35,0,6164,210,21875,0
99,42,314248,0,99,42,35,0,6165,385,68211,0
99,43,314248,0,99,43,35,0,6166,374,66902,0
99,44,858202,0,99,44,35,0,6167,405,23919,0
99,45,858202,0,99,45,35,0,6168,396,23823,0
99,46,264984,0,99,46,35,0,6169,217,21882,0
99,47,264984,0,99,47,35,0,6170,216,21881,0
141,102,1374560,0,141,102,37,0,6179,123,24690,0
202,285,293708,0,202,285,25,0,6182,360,65510,0
202,286,293708,0,202,286,25,0,6183,347,63917,0
202,287,113798,0,202,287,25,0,6184,384,68370,0
202,288,113798,0,202,288,25,0,6185,373,67061,0
