243,151,558506,0,243,151,72,0,16071,304,56358,0
243,152,400540,0,243,152,72,0,16072,406,70949,0
243,153,400540,0,243,153,72,0,16073,397,69912,0
243,156,1772924,0,243,156,72,0,16076,208,41020,0
243,157,905356,0,243,157,72,0,16077,264,47621,0
61,115,1730350,0,61,115,162,0,16078,227,44767,0
104,72,700996,0,104,72,164,0,16083,243,22342,0
243,166,473444,0,243,166,72,0,16084,146,30103,0
184,50,253282,0,184,50,84,0,16085,225,37523,0
243,168,365440,0,243,168,72,0,16086,319,59744,0
243,169,365440,0,243,169,72,0,16087,318,59603,0
243,172,3535628,0,243,172,72,0,16090,323,47659,0
243,173,3535628,0,243,173,72,0,16091,322,47658,0
243,174,387210,0,243,174,72,0,16092,422,47745,0
243,175,387210,0,243,175,72,0,16093,415,47739,0
243,178,181112,0,243,178,72,0,16096,248,48581,0
243,179,144996,0,243,179,72,0,16097,265,51247,0
243,185,334368,0,243,185,72,0,16103,105,23164,0
243,191,1128928,0,243,191,72,0,16109,340,61929,0
243,192,1128928,0,243,192,72,0,16110,339,61928,0
243,193,28586,0,243,193,72,0,16111,407,71078,0
243,194,28586,0,243,194,72,0,16112,398,70041,0
29,59,1675952,0,29,59,279,0,16115,121,26095,0
243,198,560374,0,243,198,72,0,16116,239,46728,0
29,72,564776,0,29,72,279,0,16117,243,46729,0
243,200,65782,0,243,200,72,0,16118,310,58136,0
243,212,242906,0,243,212,72,0,16130,382,68067,0
243,213,242906,0,243,213,72,0,16131,371,66758,0
52,95,222628,0,52,95,280,0,16137,262,47616,0
52,119,1353426,0,52,119,280,0,16140,335,60682,0
52,124,63200,0,52,124,280,0,16144,145,28211,0
52,126,3152220,0,52,126,280,0,16146,186,26255,0
52,127,92560,0,52,127,280,0,16147,363,65171,0
52,128,92560,0,52,128,280,0,16148,350,63578,0
52,133,368450,0,52,133,280,0,16153,292,47742,0
52,134,368450,0,52,134,280,0,16154,291,47736,0
101,76,700996,0,101,76,80,0,16155,247,47649,0
101,77,82532,0,101,77,80,0,16156,333,61159,0
101,83,1150512,0,101,83,80,0,16160,163,32284,0
101,84,82532,0,101,84,80,0,16161,184,36310,0
101,85,311870,0,101,85,80,0,16162,362,23498,0
101,86,311870,0,101,86,80,0,16163,349,23349,0
243,293,702080,0,243,293,72,0,16170,221,30161,0
243,299,956580,0,243,299,72,0,16175,138,28973,0
243,302,20430,0,243,302,72,0,16178,149,31277,0
243,303,20430,0,243,303,72,0,16179,148,31139,0
243,304,977982,0,243,304,72,0,16180,151,30108,0
243,305,977982,0,243,305,72,0,16181,150,30107,0
163,71,225882,0,163,71,83,0,16186,204,39972,0
97,72,1150512,0,97,72,314,0,16190,243,21345,0
159,72,606718,0,159,72,316,0,16191,243,32741,0
243,326,77084,0,243,326,72,0,16200,201,40206,0
243,328,181112,0,243,328,72,0,16202,241,47205,0
243,329,144996,0,243,329,72,0,16203,259,50068,0
243,334,334368,0,243,334,72,0,16205,98,21652,0
243,339,1128928,0,243,339,72,0,16210,192,37527,0
243,340,1128928,0,243,340,72,0,16211,191,37526,0
243,341,28586,0,243,341,72,0,16212,404,70710,0
243,342,28586,0,243,342,72,0,16213,395,69673,0
243,345,178912,0,243,345,72,0,16216,232,46026,0
243,346,1037932,0,243,346,72,0,16217,250,48889,0
243,347,213064,0,243,347,72,0,16218,286,54886,0
243,350,213064,0,243,350,72,0,16220,128,27483,0
243,352,327614,0,243,352,72,0,16222,366,65830,0
