47,124,241120,0,47,124,216,0,22733,145,30439,0
46,124,241120,0,46,124,217,0,22734,145,30438,0
53,73,1766180,0,53,73,296,0,22736,244,47750,0
144,228,201134,0,144,228,103,0,22742,135,28180,0
75,103,1010964,0,75,103,297,0,22756,144,28403,0
75,106,259754,0,75,106,297,0,22759,267,51541,0
75,107,259754,0,75,107,297,0,22760,266,51399,0
138,93,225882,0,138,93,299,0,22767,226,43686,0
139,104,260948,0,139,104,300,0,22782,164,29244,0
53,104,144854,0,53,104,296,0,22783,164,33747,0
144,315,144854,0,144,315,103,0,22786,118,25009,0
144,318,146796,0,144,318,103,0,22788,169,29249,0
144,319,146796,0,144,319,103,0,22789,168,29248,0
144,320,212426,0,144,320,103,0,22790,171,29327,0
144,321,212426,0,144,321,103,0,22791,170,29317,0
144,322,378910,0,144,322,103,0,22792,173,33889,0
144,323,378910,0,144,323,103,0,22793,172,33880,0
144,324,1259106,0,144,324,103,0,22794,419,29250,0
144,325,1259106,0,144,325,103,0,22795,412,29251,0
144,346,212426,0,144,346,103,0,22797,250,46980,0
144,353,261528,0,144,353,103,0,22803,365,31316,0
144,356,3011486,0,144,356,103,0,22805,370,30375,0
144,357,2361842,0,144,357,103,0,22806,369,30374,0
144,359,212426,0,144,359,103,0,22808,249,46979,0
144,365,258014,0,144,365,103,0,22813,353,31187,0
144,369,2361842,0,144,369,103,0,22816,357,30364,0
144,370,3011486,0,144,370,103,0,22817,356,30363,0
144,371,360192,0,144,371,103,0,22818,213,29765,0
144,372,1283056,0,144,372,103,0,22819,269,30388,0
144,382,360192,0,144,382,103,0,22827,212,29755,0
144,383,1283056,0,144,383,103,0,22828,268,30379,0
144,393,454260,0,144,393,103,0,22836,215,41332,0
144,395,372,0,144,395,103,0,22837,342,62207,0
144,398,372,0,144,398,103,0,22840,194,37833,0
144,399,1270706,0,144,399,103,0,22841,408,52027,0
144,402,454260,0,144,402,103,0,22844,214,41325,0
144,404,372,0,144,404,103,0,22845,341,62199,0
144,407,372,0,144,407,103,0,22848,193,37825,0
144,408,1270706,0,144,408,103,0,22849,399,51936,0
144,412,675946,0,144,412,103,0,22853,325,30720,0
47,179,222474,0,47,179,216,0,22854,265,30968,0
144,419,675946,0,144,419,103,0,22859,324,30719,0
46,179,222474,0,46,179,217,0,22860,265,30967,0
164,27,144854,0,164,27,104,0,22866,242,33621,0
164,28,1114692,0,164,28,104,0,22867,205,33765,0
62,104,401154,0,62,104,183,0,22868,164,33753,0
164,32,374946,0,164,32,104,0,22869,331,34443,0
164,36,1398606,0,164,36,104,0,22872,120,25369,0
164,38,702080,0,164,38,104,0,22873,161,32759,0
164,44,1385548,0,164,44,104,0,22878,405,33893,0
164,45,1385548,0,164,45,104,0,22879,396,33884,0
164,46,490004,0,164,46,104,0,22880,217,33829,0
164,47,490004,0,164,47,104,0,22881,216,33830,0
54,104,1114692,0,54,104,229,0,22883,164,33748,0
164,106,1003012,0,164,106,104,0,22885,267,33767,0
164,107,1003012,0,164,107,104,0,22886,266,33766,0
164,108,2419624,0,164,108,104,0,22887,386,33773,0
164,109,2422280,0,164,109,104,0,22888,375,33772,0
164,110,1003012,0,164,110,104,0,22889,271,33771,0
164,111,1003012,0,164,111,104,0,22890,270,33770,0
164,112,2422280,0,164,112,104,0,22891,273,33768,0
164,113,2422280,0,164,113,104,0,22892,272,33769,0
164,117,1379092,0,164,117,104,0,22895,298,33803,0
135,104,461042,0,135,104,228,0,22900,164,29243,0
