65,295,309828,0,65,295,234,0,45428,276,52691,0
135,395,173584,0,135,395,228,0,45438,342,63280,0
135,399,177500,0,135,399,228,0,45442,408,71156,0
135,400,1060464,0,135,400,228,0,45443,410,70598,0
135,404,173584,0,135,404,228,0,45446,341,63201,0
135,408,177500,0,135,408,228,0,45450,399,70119,0
135,410,1080928,0,135,410,228,0,45452,400,69556,0
54,29,139180,0,54,29,229,0,45469,279,53354,0
54,32,406380,0,54,32,229,0,45470,331,61456,0
54,106,1186184,0,54,106,229,0,45487,267,49897,0
54,107,1186184,0,54,107,229,0,45488,266,49884,0
54,108,82752,0,54,108,229,0,45489,386,49954,0
54,109,82752,0,54,109,229,0,45490,375,49948,0
54,110,532974,0,54,110,229,0,45491,271,49603,0
54,111,532974,0,54,111,229,0,45492,270,49602,0
54,116,17772,0,54,116,229,0,45496,281,53841,0
54,117,142234,0,54,117,229,0,45497,298,56520,0
54,127,27340,0,54,127,229,0,45502,363,65930,0
54,128,27340,0,54,128,229,0,45503,350,64337,0
54,198,328956,0,54,198,229,0,45510,239,46656,0
54,212,158296,0,54,212,229,0,45521,382,67991,0
54,213,158296,0,54,213,229,0,45522,371,66682,0
54,311,328420,0,54,311,229,0,45559,258,49593,0
54,312,971770,0,54,312,229,0,45560,277,52512,0
54,324,495242,0,54,324,229,0,45571,419,72263,0
54,325,495242,0,54,325,229,0,45572,412,71422,0
54,347,372834,0,54,347,229,0,45574,286,53049,0
54,360,372834,0,54,360,229,0,45585,285,53036,0
54,372,961036,0,54,372,229,0,45596,269,49601,0
54,373,708866,0,54,373,229,0,45597,288,52520,0
54,383,961036,0,54,383,229,0,45606,268,49600,0
54,384,708866,0,54,384,229,0,45607,287,52519,0
54,413,1046892,0,54,413,229,0,45629,344,63413,0
54,417,329328,0,54,417,229,0,45633,424,72957,0
54,420,1046892,0,54,420,229,0,45634,343,63348,0
54,424,329328,0,54,424,229,0,45638,417,72116,0
177,74,845924,0,177,74,230,0,45660,245,47974,0
177,75,203066,0,177,75,230,0,45661,297,56316,0
177,110,146000,0,177,110,230,0,45687,271,51980,0
177,111,146000,0,177,111,230,0,45688,270,51889,0
177,116,8484,0,177,116,230,0,45693,281,53889,0
177,131,373686,0,177,131,230,0,45701,290,55269,0
177,132,373686,0,177,132,230,0,45702,289,55177,0
177,133,100236,0,177,133,230,0,45703,292,55430,0
177,134,100236,0,177,134,230,0,45704,291,55358,0
177,199,275558,0,177,199,230,0,45706,274,52283,0
177,214,771296,0,177,214,230,0,45717,402,70396,0
177,215,771296,0,177,215,230,0,45718,393,69359,0
177,219,410672,0,177,219,230,0,45722,257,49607,0
177,231,425284,0,177,231,230,0,45730,358,65156,0
177,232,425284,0,177,232,230,0,45731,345,63563,0
177,268,143742,0,177,268,230,0,45746,383,68196,0
177,269,143742,0,177,269,230,0,45747,372,66887,0
177,285,365662,0,177,285,230,0,45762,360,65489,0
177,286,365662,0,177,286,230,0,45763,347,63896,0
177,329,369062,0,177,329,230,0,45773,259,50030,0
177,343,65630,0,177,343,230,0,45787,420,72513,0
177,344,65630,0,177,344,230,0,45788,413,71672,0
177,354,470620,0,177,354,230,0,45797,368,66491,0
177,357,393992,0,177,357,230,0,45799,369,66568,0
177,368,470620,0,177,368,230,0,45809,354,64830,0
177,369,393992,0,177,369,230,0,45810,357,65031,0
66,343,1622542,0,66,343,233,0,45819,420,69236,0
65,344,1622542,0,65,344,234,0,45830,413,67875,0
