12,388,1625228,0,12,388,4,0,1770,377,5417,0
12,390,1199716,0,12,390,4,0,1772,378,5394,0
12,392,671344,0,12,392,4,0,1773,380,5396,0
12,394,2761956,0,12,394,4,0,1775,307,3955,0
12,397,1397430,0,12,397,4,0,1778,153,2290,0
12,399,1015730,0,12,399,4,0,1780,408,4050,0
12,403,2761956,0,12,403,4,0,1784,306,3954,0
12,406,1397430,0,12,406,4,0,1787,152,2289,0
12,408,1015730,0,12,408,4,0,1789,399,4041,0
13,25,3599938,0,13,25,5,0,1806,202,3102,0
13,26,2606800,0,13,26,5,0,1807,223,3401,0
13,29,2515264,0,13,29,5,0,1808,279,4160,0
13,32,898870,0,13,32,5,0,1810,331,4844,0
13,48,2070142,0,13,48,5,0,1824,203,3123,0
13,49,1102208,0,13,49,5,0,1825,224,3422,0
13,52,2789204,0,13,52,5,0,1826,280,4178,0
13,55,898870,0,13,55,5,0,1828,332,4861,0
13,62,644822,0,13,62,5,0,1833,183,2844,0
13,63,749796,0,13,63,5,0,1834,361,5224,0
13,64,749796,0,13,64,5,0,1835,348,5067,0
13,65,3431510,0,13,65,5,0,1836,234,3569,0
13,66,3431510,0,13,66,5,0,1837,233,3558,0
13,115,2065246,0,13,115,5,0,1843,227,3472,0
13,126,1453028,0,13,126,5,0,1854,186,2894,0
13,131,2177388,0,13,131,5,0,1859,290,4206,0
13,132,2177388,0,13,132,5,0,1860,289,4205,0
13,133,1610796,0,13,133,5,0,1861,292,4208,0
13,134,1610796,0,13,134,5,0,1862,291,4207,0
13,137,624,0,13,137,5,0,1865,282,4213,0
13,140,3884130,0,13,140,5,0,1868,301,4464,0
13,150,620002,0,13,150,5,0,1878,305,4514,0
13,151,620002,0,13,151,5,0,1879,304,4503,0
13,157,1247692,0,13,157,5,0,1885,264,3963,0
13,158,818960,0,13,158,5,0,1886,283,4229,0
13,159,710060,0,13,159,5,0,1887,316,4650,0
13,160,1858724,0,13,160,5,0,1888,317,4665,0
13,176,4453688,0,13,176,5,0,1904,209,3223,0
13,177,3917030,0,13,177,5,0,1905,230,3521,0
13,179,283838,0,13,179,5,0,1907,265,3981,0
13,180,3894244,0,13,180,5,0,1908,284,4249,0
13,187,1518514,0,13,187,5,0,1915,147,2334,0
13,188,1875480,0,13,188,5,0,1916,167,2616,0
13,193,975088,0,13,193,5,0,1921,407,5757,0
13,194,975088,0,13,194,5,0,1922,398,5656,0
13,198,2218852,0,13,198,5,0,1926,239,3610,0
13,209,644822,0,13,209,5,0,1937,176,2712,0
13,214,2194542,0,13,214,5,0,1942,402,5690,0
13,215,2194542,0,13,215,5,0,1943,393,5589,0
13,219,530628,0,13,219,5,0,1947,257,3850,0
13,228,612014,0,13,228,5,0,1956,135,2124,0
3,119,1518514,0,3,119,11,0,1968,335,4795,0
3,124,2012906,0,3,124,11,0,1970,145,2143,0
4,119,1875480,0,4,119,12,0,1981,335,4812,0
4,129,1255844,0,4,129,12,0,1987,387,5476,0
4,130,1255844,0,4,130,12,0,1988,376,5347,0
13,295,624,0,13,295,5,0,1995,276,4109,0
13,312,818960,0,13,312,5,0,2011,277,4125,0
13,316,710060,0,13,316,5,0,2014,159,2482,0
8,126,7337424,0,8,126,16,0,2028,186,2891,0
13,336,1453028,0,13,336,5,0,2034,181,2807,0
13,341,479660,0,13,341,5,0,2039,404,2897,0
13,342,479660,0,13,342,5,0,2040,395,2898,0
13,343,968368,0,13,343,5,0,2041,420,2895,0
13,344,974790,0,13,344,5,0,2042,413,2896,0
